cost:	
1076203.015625
598611.97265625
282443.2548828125
151261.31787109375
117482.1064453125
112004.64990234375
109950.4892578125
108402.0009765625
107487.22314453125
106903.73876953125
106514.798828125
106137.0791015625
105764.19970703125
105487.71337890625
105216.14794921875
104950.17431640625
104689.23876953125
104445.48779296875
104202.958984375
104008.94482421875
103822.072265625
103610.6015625
103460.05126953125
103289.38818359375
103146.634765625
103014.8642578125
102858.984375
102687.2509765625
102602.14990234375
102483.0771484375
102428.388671875
102202.068359375
102112.0146484375
101985.8095703125
101946.81103515625
101779.87939453125
101648.130859375
101632.80908203125
101507.49951171875
101419.607421875
101359.99267578125
101242.69775390625
101183.22412109375
100997.130859375
100845.978515625
100674.7109375
100505.8583984375
100332.8623046875
100101.8466796875
99983.0947265625
99765.6005859375
99632.30908203125
99467.896484375
99321.552734375
99120.927734375
98898.56103515625
98796.85107421875
98513.5244140625
98201.4716796875
97952.5849609375
97699.34716796875
97490.05029296875
97192.04931640625
96856.25830078125
96626.8173828125
96182.4404296875
95864.66650390625
95398.83447265625
95102.333984375
94773.08056640625
94343.1875
94112.44921875
93777.2392578125
93488.10546875
93322.3369140625
93047.322265625
92836.91796875
92574.41455078125
92386.45825195312
92231.615234375
92044.1181640625
91918.46484375
91722.5517578125
91615.455078125
91396.7119140625
91304.9892578125
91158.40380859375
90970.0654296875
90819.19970703125
90687.12353515625
90512.31591796875
90363.609375
90215.36596679688
90085.9482421875
89943.73046875
89858.55810546875
89679.1748046875
89523.85571289062
89439.16845703125
89333.9296875
89156.8076171875
88971.04345703125
88791.7548828125
88647.45263671875
88553.3603515625
88448.29345703125
88295.17822265625
88176.7646484375
88055.28369140625
87917.49560546875
87803.3681640625
87730.912109375
87558.71337890625
87420.08935546875
87313.482421875
87223.19287109375
87105.1923828125
86997.32958984375
86861.61376953125
86698.154296875
86606.7333984375
86477.81591796875
86413.79541015625
86323.9208984375
86187.74609375
86101.98486328125
86055.40380859375
85919.7412109375
85839.5048828125
85795.69921875
85698.4697265625
85631.8037109375
85486.75439453125
85422.3466796875
85362.71875
85244.83349609375
85194.15185546875
85096.1513671875
84988.32958984375
84905.4306640625
84811.755859375
84757.35791015625
84704.09619140625
84652.98681640625
84569.58349609375
84464.076171875
84370.53759765625
84274.39599609375
84245.44555664062
84218.43701171875
84057.00146484375
84029.07763671875
84038.21044921875
83834.53930664062
83779.00341796875
83724.32080078125
83679.3974609375
83651.2197265625
83575.30615234375
83512.05908203125
83404.96337890625
83384.27197265625
83286.19091796875
83273.4970703125
83260.2841796875
83159.06396484375
83126.7568359375
83096.81494140625
83030.87744140625
82935.72265625
82894.5380859375
82861.080078125
82777.69384765625
82714.62548828125
82725.31494140625
82678.43701171875
82556.6328125
82513.365234375
82438.2880859375
82446.0859375
82434.6630859375
82317.7548828125
82244.07080078125
82209.0361328125
82186.62646484375
82118.74365234375
82034.908203125
82004.802734375
81973.3515625
81987.95751953125
81874.234375
81828.16650390625
81820.21923828125
81819.96728515625
81772.13623046875
81657.7568359375
81645.05517578125
81572.82275390625
81475.982421875
81427.46826171875
81368.56689453125
81342.23046875
81298.56494140625
81246.3046875
81210.12939453125
81187.9716796875
81115.744140625
81127.0654296875
81015.021484375
81037.970703125
80991.03125
80943.12841796875
80910.8955078125
80886.65576171875
80841.71435546875
80761.8203125
80737.62353515625
80712.82250976562
80679.12158203125
80680.52734375
80662.42333984375
80585.78173828125
80548.38818359375
80509.51171875
80464.43017578125
80421.62939453125
80383.84423828125
80361.755859375
80368.2841796875
80317.259765625
80280.3935546875
80194.0146484375
80196.99072265625
80123.45166015625
80090.4130859375
80045.05419921875
79973.2939453125
79983.83203125
79996.03662109375
79934.64697265625
79891.40185546875
79843.44287109375
79863.5302734375
79808.04638671875
79748.58203125
79735.53491210938
79723.65234375
79676.02734375
79644.65234375
79574.21337890625
79560.24609375
79486.49365234375
79469.5947265625
79431.7431640625
79442.59912109375
79400.0703125
79335.0126953125
79301.07568359375
79303.45068359375
79225.310546875
79268.56640625
79225.0068359375
79163.353515625
79123.0869140625
79076.53369140625
79056.291015625
79013.154296875
78998.50439453125
79022.8076171875
78983.9775390625
78920.158203125
78925.21484375
78878.2197265625
78818.5029296875
78791.66552734375
78741.30029296875
78744.54614257812
78730.1357421875
78677.623046875
78677.60009765625
78643.9697265625
78614.25341796875
78533.82568359375
78559.220703125
78525.81982421875
78507.9248046875
78477.60107421875
78414.85693359375
78426.7646484375
78406.26708984375
78346.91748046875
78353.87939453125
78317.13134765625
78260.716796875
78234.34912109375
78199.41088867188
78210.2236328125
78143.22534179688
78191.029296875
78182.0703125
78106.52685546875
78045.10791015625
78033.1943359375
77969.38916015625
77992.869140625
77917.875
77917.1630859375
77898.82958984375
77819.69189453125
77834.203125
77802.9931640625
77780.48876953125
77744.13134765625
77745.6357421875
77754.9072265625
77707.79833984375
77647.28271484375
77614.5791015625
77596.10400390625
77597.6845703125
77575.017578125
77557.408203125
77562.0126953125
77513.046875
77469.79833984375
77425.6484375
77395.9873046875
77390.60302734375
77333.86474609375
77348.36962890625
77327.36328125
77297.12841796875
77263.71240234375
77218.54296875
77178.40087890625
77188.35107421875
77141.32861328125
77115.70458984375
77111.64794921875
77061.0341796875
77074.91064453125
77064.26904296875
77002.4931640625
76990.5390625
76971.7705078125
76965.40966796875
76894.77001953125
76877.96484375
76852.53076171875
76879.39453125
76828.5419921875
76796.03759765625
76755.099609375
76711.29443359375
76696.2861328125
76648.3251953125
76668.158203125
76661.13330078125
76586.35107421875
76573.68505859375
76571.62109375
76558.703125
76554.38330078125
76514.359375
76494.09033203125
76476.5859375
76470.42041015625
76422.08056640625
76370.46630859375
76373.2392578125
76301.75830078125
76348.09716796875
76316.869140625
76270.7880859375
76234.80615234375
76219.935546875
76218.6943359375
76174.3779296875
76120.87451171875
76111.263671875
76134.224609375
76075.97607421875
76084.96142578125
76041.5361328125
76040.12353515625
76027.85107421875
76012.03515625
75935.78369140625
75962.3798828125
75908.49658203125
75908.72216796875
75885.81005859375
75827.2724609375
75814.75439453125
75850.4736328125
75813.294921875
75783.064453125
75773.3544921875
75727.8095703125
75688.49267578125
