cost:	
1218530.40234375
1145294.7578125
1073401.984375
1006722.2421875
944569.87890625
885012.55078125
830363.017578125
777748.1484375
729852.025390625
683375.98828125
640118.8203125
600657.388671875
562757.4375
527038.5546875
494098.673828125
462679.736328125
433991.390625
407004.044921875
381476.92578125
358000.5439453125
336094.794921875
315671.1640625
296760.3544921875
279403.6806640625
262982.3251953125
247907.3232421875
234129.66015625
221329.5048828125
209659.419921875
198573.833984375
188712.51806640625
179506.3896484375
171142.66796875
163477.4208984375
156514.84521484375
150116.189453125
144238.6484375
138874.97265625
134048.2021484375
129733.61865234375
125742.81396484375
122149.51806640625
118871.15869140625
115900.171875
113219.53125
110843.83544921875
108700.71508789062
106752.337890625
104959.265625
103477.79931640625
102071.94580078125
100831.154296875
99787.79418945312
98767.10302734375
97920.46435546875
97138.20068359375
96426.46337890625
95805.44799804688
95239.845703125
94740.30810546875
94288.2744140625
93892.30908203125
93536.10229492188
93217.42236328125
92931.2373046875
92673.9033203125
92467.72705078125
92266.8623046875
92082.71728515625
91924.39990234375
91781.6201171875
91658.4169921875
91554.81494140625
91447.25390625
91365.08056640625
91281.44140625
91222.333984375
91151.8388671875
91099.91967773438
91045.0712890625
91006.53784179688
90957.62060546875
90925.0380859375
90894.03735351562
90864.58056640625
90833.31591796875
90811.0693359375
90789.18115234375
90769.0966796875
90745.599609375
90728.41137695312
90709.09033203125
90683.97875976562
90673.3818359375
90654.45263671875
90643.119140625
90626.67358398438
90617.10791015625
90602.75634765625
90591.1875
90579.14599609375
90565.953125
90557.90283203125
90546.70361328125
90533.28344726562
90523.458984375
90511.82568359375
90502.552734375
90489.96264648438
90477.53564453125
90467.34228515625
90452.59375
90441.19750976562
90425.46337890625
90404.97265625
90395.75830078125
90371.5361328125
90347.98974609375
90331.814453125
90305.72290039062
90272.26416015625
90198.9306640625
90113.55200195312
89959.1015625
89877.06201171875
89724.50854492188
89033.34838867188
88677.357421875
88725.77099609375
87911.12329101562
87819.49462890625
87720.7373046875
87314.78637695312
87103.91259765625
86748.01953125
86533.18212890625
86414.22314453125
86280.3603515625
86175.78930664062
86069.42626953125
85975.74853515625
85860.6494140625
85733.63818359375
85602.53198242188
85480.63427734375
85394.2216796875
85306.01635742188
85221.75634765625
85130.193359375
85076.78051757812
84997.287109375
84930.80224609375
84871.92578125
84820.80419921875
84772.18286132812
84728.41381835938
84673.42651367188
84616.02197265625
84565.98193359375
84512.4873046875
84461.78125
84412.17114257812
84375.11401367188
84286.630859375
84225.283203125
84145.44677734375
84084.63916015625
84047.35693359375
84017.67944335938
83983.03100585938
83950.14990234375
83906.03076171875
83865.76904296875
83814.11938476562
83767.6572265625
83724.15795898438
83692.90893554688
83664.04125976562
83631.505859375
83603.283203125
83575.34838867188
83537.84252929688
83509.18896484375
83478.29125976562
83450.5634765625
83409.30346679688
83375.3662109375
83312.13623046875
83240.60229492188
83173.02221679688
83129.76098632812
83091.89404296875
83051.79248046875
83000.64111328125
82871.85986328125
82797.8984375
82746.91577148438
82678.1484375
82603.76733398438
82313.951171875
82174.81469726562
81970.21923828125
81824.31982421875
81728.62060546875
81674.63842773438
81608.392578125
81566.46313476562
81496.78149414062
81453.20288085938
81406.10302734375
81323.3427734375
81273.80126953125
81223.240234375
81154.78271484375
81087.13696289062
81009.02880859375
80943.658203125
80858.58520507812
80781.77758789062
80631.50390625
80522.59155273438
80380.7275390625
80299.775390625
80231.61938476562
80165.84423828125
80108.49829101562
80061.615234375
80011.51391601562
79971.77416992188
79935.35913085938
79889.6396484375
79849.3837890625
79810.0634765625
79775.890625
79748.55834960938
79711.85375976562
79670.7509765625
79588.7314453125
79516.439453125
79243.75463867188
79202.15942382812
79149.23608398438
79098.01391601562
79047.70751953125
79017.22338867188
78980.98071289062
78943.88745117188
78903.296875
78848.79321289062
78791.16650390625
78759.26000976562
78723.33203125
78693.53564453125
78665.14770507812
78634.21801757812
78604.67651367188
78574.16625976562
78549.34350585938
78522.79907226562
78492.58081054688
78457.31787109375
78427.0576171875
78401.56640625
78359.04638671875
78340.17944335938
78322.4609375
78291.77490234375
78259.99536132812
78224.49780273438
78200.01025390625
78167.04956054688
78137.20434570312
78095.5556640625
78063.60009765625
78020.83666992188
77973.70581054688
77929.07568359375
77898.85498046875
77866.44970703125
77837.40649414062
77806.35400390625
77776.15258789062
77748.8232421875
77716.41845703125
77690.61206054688
77668.67895507812
77627.4853515625
77626.74243164062
77603.18896484375
77598.7958984375
77545.50170898438
77526.94653320312
77525.97509765625
77454.42138671875
77410.09912109375
77357.34887695312
77337.43334960938
77306.625
77281.71801757812
77264.451171875
77239.12719726562
77181.6533203125
77154.77709960938
77130.77490234375
77103.99169921875
77092.9501953125
77067.78442382812
77034.79541015625
76981.81982421875
76955.88232421875
76930.71118164062
76903.48022460938
76885.55810546875
76874.05908203125
76849.00561523438
76814.04077148438
76788.68505859375
76778.9072265625
76751.84033203125
76732.16967773438
76679.8056640625
76649.56616210938
76618.00732421875
76586.31787109375
76586.3779296875
76544.52734375
76526.0869140625
76529.89575195312
76508.77856445312
76480.35693359375
76437.4755859375
76413.74291992188
76381.47216796875
76360.89306640625
76348.9990234375
76313.5693359375
76273.8740234375
76258.92065429688
76236.67651367188
76205.42016601562
76172.0712890625
76157.19604492188
76132.99658203125
76095.15844726562
76077.9912109375
76047.7958984375
76050.97705078125
76003.54125976562
75980.9306640625
75945.91943359375
75924.2392578125
75901.4111328125
75876.35913085938
75869.62133789062
75839.619140625
75818.3505859375
75792.54052734375
75768.8876953125
75746.06518554688
75723.98852539062
75678.33569335938
75631.25244140625
75590.03662109375
75563.89599609375
75517.638671875
75491.51220703125
75441.60009765625
75384.22338867188
75345.95703125
75316.48803710938
75302.87133789062
75264.23974609375
75245.11181640625
75204.14990234375
75197.30249023438
75166.52416992188
75134.12060546875
75113.65234375
75085.08911132812
75074.0439453125
75056.01684570312
75052.42651367188
74994.97631835938
74986.5029296875
74969.8720703125
74950.6591796875
74903.6142578125
74870.22192382812
74842.50927734375
74819.50341796875
74805.10888671875
74777.7021484375
74744.83032226562
74715.97973632812
74702.94506835938
74669.75073242188
74661.935546875
74634.36401367188
74616.49658203125
74573.56469726562
