cost:	
1069989.53515625
589337.677734375
273539.6826171875
137371.3544921875
101704.4052734375
96704.29541015625
95203.31396484375
93922.20922851562
93221.40087890625
93002.998046875
92846.21215820312
92802.119140625
92672.79150390625
92643.0185546875
92610.66455078125
92552.41943359375
92537.70361328125
92484.23754882812
92452.00170898438
92416.11767578125
92439.87255859375
92397.287109375
92361.59326171875
92363.908203125
92341.15747070312
92319.51806640625
92317.6884765625
92267.71923828125
92280.40698242188
92243.22607421875
92211.35131835938
92244.60400390625
92197.111328125
92207.84765625
92217.18896484375
92195.2294921875
92153.86376953125
92138.93408203125
92104.322265625
92074.55419921875
92110.47973632812
92046.83251953125
92076.78125
92083.74829101562
92035.3359375
92026.35986328125
92017.1474609375
91988.837890625
92056.8134765625
91950.60107421875
91993.4375
91954.607421875
91920.17529296875
91850.525390625
91980.537109375
91798.109375
91809.8154296875
91877.56884765625
91837.80029296875
91831.16186523438
91806.73486328125
91743.4580078125
91765.53955078125
91693.28076171875
91775.51513671875
91633.2041015625
91666.10498046875
91657.85986328125
91682.18212890625
91596.787109375
91551.70849609375
91550.11328125
91480.29711914062
91295.67041015625
91263.3896484375
91074.62646484375
90921.0986328125
90811.96142578125
90601.8388671875
90482.36474609375
90269.21875
90117.62280273438
89967.33154296875
89835.68701171875
89699.89404296875
89603.65356445312
89318.67236328125
89188.81884765625
89025.0
88780.388671875
88547.08203125
88234.40698242188
88095.58837890625
87775.07641601562
87503.6953125
87291.03759765625
87014.35498046875
86691.9658203125
86367.12036132812
86178.76171875
85784.576171875
85440.7841796875
85148.29736328125
84842.26904296875
84547.4970703125
84157.04711914062
83822.39453125
83465.6279296875
83179.97119140625
82862.1884765625
82518.63403320312
82289.85498046875
82071.71044921875
81706.7490234375
81490.0283203125
81215.884765625
80941.70385742188
80705.61938476562
80409.1103515625
80154.85180664062
79934.36328125
79653.27026367188
79335.29516601562
79112.09814453125
78865.0625
78574.9287109375
78336.83325195312
78023.88110351562
77722.5068359375
77443.8837890625
77203.21435546875
76851.95166015625
76672.00366210938
76373.63305664062
76097.49780273438
75851.87475585938
75555.57885742188
75284.64501953125
75052.31811523438
74726.87939453125
74452.50317382812
74221.35375976562
73953.65380859375
73632.14233398438
73334.25805664062
73090.90869140625
72826.78247070312
72582.33935546875
72315.60180664062
72138.31323242188
71781.57006835938
71545.85107421875
71231.7294921875
70981.85668945312
70735.12231445312
70444.9541015625
70151.14306640625
69885.70190429688
69587.68237304688
69345.96459960938
69147.40600585938
68857.50830078125
68567.3828125
68292.95092773438
68083.24072265625
67819.96801757812
67550.14208984375
67274.2939453125
67045.51513671875
66799.87548828125
66564.72509765625
66279.81274414062
66045.7744140625
65763.7705078125
65524.876708984375
65284.938232421875
65016.5322265625
64752.695068359375
64469.32568359375
64195.089111328125
63955.658203125
63700.8408203125
63431.7783203125
63168.60546875
62892.0654296875
62641.9091796875
62364.9208984375
62062.611328125
61804.3447265625
61533.704833984375
61280.83056640625
60995.07861328125
60720.890869140625
60464.114013671875
60190.651123046875
59896.585693359375
59641.205322265625
59363.43603515625
59119.301025390625
58835.8310546875
58557.572265625
58262.092041015625
58013.4677734375
57740.38134765625
57531.3544921875
57269.376220703125
56999.5673828125
56726.956787109375
56456.221435546875
56194.205078125
55930.90087890625
55686.197998046875
55441.828857421875
55165.735595703125
54900.023681640625
54648.388671875
54405.844970703125
54150.869384765625
53883.585693359375
53620.207763671875
53358.58984375
53107.596923828125
52852.910400390625
52588.194091796875
52345.501953125
52112.957275390625
51838.180419921875
51601.64208984375
51348.75732421875
51088.489501953125
50839.73779296875
50598.72216796875
50372.924072265625
50103.79052734375
49879.943359375
49652.545166015625
49385.4599609375
49121.31201171875
48868.605224609375
48650.021240234375
48394.10107421875
48154.65576171875
47907.654541015625
47652.386474609375
47426.25439453125
47195.97705078125
46963.372314453125
46729.072998046875
46488.0703125
46261.959228515625
46011.5078125
45808.71533203125
45558.96923828125
45371.32373046875
45125.1474609375
44891.971435546875
44678.924072265625
44453.18359375
44231.080078125
44026.094482421875
43805.0830078125
43567.091064453125
43369.04931640625
43149.75646972656
42955.02734375
42754.35791015625
42555.991455078125
42328.234375
42119.3349609375
41932.568603515625
41712.567138671875
41548.953125
41318.5029296875
41126.087890625
40921.6630859375
40730.00830078125
40522.660400390625
40348.0107421875
40148.813720703125
39959.169921875
39779.839599609375
39609.89794921875
39418.44982910156
39251.5576171875
39054.01806640625
38869.264404296875
38683.368408203125
38510.327392578125
38317.667236328125
38159.154296875
37978.438720703125
37822.33349609375
37624.39990234375
37450.631103515625
37280.30114746094
37131.302978515625
36950.81018066406
36810.446533203125
36628.839111328125
36468.774169921875
36296.94677734375
36127.31005859375
35982.4775390625
35827.56494140625
35680.15478515625
35544.882568359375
35397.32861328125
35246.6103515625
35101.100341796875
34952.95263671875
34798.44873046875
34684.428955078125
34513.45361328125
34368.13623046875
34233.786865234375
34090.07263183594
33939.086181640625
33818.67919921875
33679.366455078125
33545.60485839844
33417.79443359375
33294.04052734375
33165.91552734375
33025.3505859375
32889.19140625
32754.1845703125
32640.94189453125
32521.805541992188
32407.008911132812
32279.832275390625
32164.1611328125
32041.255004882812
31923.766723632812
31805.260986328125
31688.404418945312
31560.877319335938
31433.898193359375
31335.604248046875
31217.03857421875
31109.808349609375
31005.413818359375
30893.195556640625
30795.78564453125
30709.684448242188
30644.899169921875
30560.728759765625
30410.126220703125
30282.47607421875
30164.497680664062
30079.346313476562
29979.451171875
29871.73828125
29771.52734375
29673.765380859375
29571.728271484375
29482.08740234375
29378.760498046875
29285.214111328125
29201.300537109375
29117.34423828125
29037.307861328125
28938.824829101562
28835.4140625
28755.291259765625
28659.2060546875
28572.361450195312
28495.052001953125
28398.503173828125
28320.472900390625
28230.39794921875
28152.584106445312
28092.755126953125
28005.307861328125
27935.58251953125
27864.788452148438
27775.647338867188
27697.587768554688
27616.748046875
27564.775146484375
27480.848022460938
27413.744384765625
27352.41259765625
27283.12451171875
27240.703125
27186.146484375
27125.054321289062
27004.191162109375
26919.349975585938
26850.91162109375
26796.325805664062
26734.259399414062
26681.62548828125
26621.929443359375
26540.738647460938
26468.640869140625
26431.580078125
26352.376708984375
26296.712524414062
26219.425537109375
26153.93115234375
