cost:	
1192784.265625
711323.466796875
391497.87109375
254723.25390625
214916.64453125
202781.271484375
194395.365234375
187701.552734375
182804.4501953125
179063.5625
176035.4775390625
173470.021484375
171308.58984375
169517.322265625
167871.46484375
166468.38671875
165220.4306640625
164164.1083984375
163161.2373046875
162348.4609375
161517.9423828125
160873.2392578125
160188.0712890625
159641.5625
159082.9775390625
158587.0390625
158127.2802734375
157796.26953125
157402.1875
156983.0595703125
156636.0390625
156280.9853515625
156034.12109375
155784.2451171875
155524.8818359375
155204.4091796875
154949.0712890625
154689.6884765625
154454.6162109375
154248.97265625
154034.4638671875
153803.826171875
153594.8798828125
153436.2958984375
153233.62109375
153075.916015625
152792.64453125
152688.4736328125
152495.7158203125
152257.5703125
152055.6591796875
151969.3203125
151749.84765625
151667.1279296875
151487.177734375
151306.28125
151150.150390625
150988.1279296875
150793.9970703125
150732.1787109375
150527.501953125
150351.7080078125
150273.69921875
150041.1923828125
149884.193359375
149773.7021484375
149683.8251953125
149511.6494140625
149311.494140625
149126.986328125
149136.4306640625
148850.3486328125
148806.650390625
148588.564453125
148551.8740234375
148322.8525390625
148175.6201171875
148008.099609375
148058.6103515625
147792.423828125
147600.8203125
147547.681640625
147324.095703125
147207.6748046875
147061.87109375
146899.04296875
146784.771484375
146578.142578125
146459.564453125
146352.681640625
146187.2685546875
146051.0068359375
145923.6220703125
145811.51171875
145582.9326171875
145553.4453125
145297.8359375
145233.5048828125
145119.4765625
144998.310546875
144771.10400390625
144671.2109375
144512.3515625
144425.4609375
144167.431640625
144108.15234375
143934.6552734375
143875.0673828125
143709.6201171875
143526.1455078125
143455.7216796875
143262.056640625
143128.7734375
142981.6845703125
142925.232421875
142726.8076171875
142676.810546875
142494.4404296875
142362.7998046875
142235.6259765625
142083.646484375
141945.7802734375
141800.44140625
141665.6015625
141623.60205078125
141441.8857421875
141263.7578125
141143.837890625
141023.33984375
140947.6201171875
140704.916015625
140703.77783203125
140523.1806640625
140374.90234375
140268.71484375
140230.16015625
140014.62890625
139907.19140625
139783.3076171875
139635.0390625
139546.548828125
139350.0615234375
139264.36083984375
139125.4345703125
138998.3251953125
138866.2958984375
138740.4462890625
138528.5224609375
138441.828125
138351.677734375
138200.08447265625
138060.5615234375
137888.1357421875
137797.56298828125
137676.5439453125
137618.8984375
137405.8505859375
137366.9482421875
137280.1494140625
137113.140625
136943.416015625
136829.62060546875
136752.224609375
136589.9619140625
136493.4443359375
136264.6728515625
136214.4208984375
136180.591796875
136013.05859375
135880.697265625
135843.9375
135585.625
135638.86572265625
135463.62890625
135315.197265625
135137.021484375
135054.45361328125
134992.197265625
134828.9716796875
134672.646484375
134572.623046875
134528.841796875
134373.990234375
134275.681640625
134143.1416015625
134063.65283203125
133950.482421875
133827.4912109375
133740.2216796875
133641.51806640625
133534.2734375
133336.52490234375
133316.171875
133182.1416015625
132997.009765625
132865.619140625
132840.5185546875
132754.6298828125
132690.0361328125
132627.75927734375
132387.3046875
132260.2841796875
132057.5830078125
131958.85205078125
131880.4814453125
131748.08984375
131683.51318359375
131573.8330078125
131480.23828125
131326.18408203125
131230.1220703125
131085.8466796875
131010.4873046875
130983.8046875
130844.2744140625
130688.533203125
130595.1474609375
130489.19482421875
130375.341796875
130382.4873046875
130124.6416015625
130138.0751953125
129998.1884765625
129924.9765625
129864.98828125
129675.4794921875
129683.4609375
129447.66015625
129411.9423828125
129298.5078125
129179.5244140625
129031.77880859375
129017.083984375
128909.6689453125
128768.5166015625
128677.97265625
128562.400390625
128537.7490234375
128329.5361328125
128357.9716796875
128130.310546875
128092.642578125
128001.2275390625
127909.9345703125
127778.5517578125
127766.587890625
127598.2880859375
127526.5302734375
127406.84912109375
127256.8984375
127173.31005859375
127095.70703125
127024.982421875
126950.783203125
126778.1044921875
126686.48828125
126648.4921875
126596.3271484375
126426.5302734375
126310.3134765625
126245.27490234375
126209.1904296875
126067.16796875
126059.015625
125824.3466796875
125837.87841796875
125719.39599609375
125691.650390625
125458.28173828125
125453.986328125
125334.5517578125
125261.7607421875
125187.6787109375
125195.7509765625
125080.84326171875
124984.8662109375
124805.93115234375
124759.86328125
124680.5830078125
124521.3154296875
124410.9296875
124353.6650390625
124226.759765625
124076.30810546875
124026.15234375
123865.22900390625
123860.0888671875
123629.9306640625
123498.65478515625
123374.072265625
123364.44921875
123228.814453125
122982.05859375
123042.421875
122917.2197265625
122864.5380859375
122852.17578125
122679.97265625
122689.51123046875
122637.0341796875
122541.404296875
122389.27294921875
122211.6083984375
122112.64990234375
121983.28125
121970.1181640625
121915.8798828125
121717.1630859375
121637.8447265625
121522.9287109375
121420.404296875
121353.048828125
121288.65869140625
121189.9111328125
121126.572265625
120971.232421875
120983.0224609375
120955.65625
120946.013671875
120812.1611328125
120676.98193359375
120540.8564453125
120470.8037109375
120447.9462890625
120294.26708984375
120179.22265625
120190.4638671875
120271.1435546875
120256.8583984375
120306.8818359375
119950.58984375
119824.328125
119671.9111328125
119712.07177734375
119553.56787109375
119530.5166015625
119304.32080078125
119296.81591796875
119210.30078125
119208.677734375
119109.1103515625
119000.4443359375
118909.8681640625
118805.90625
118880.0556640625
118683.80419921875
118611.384765625
118612.40234375
118486.83544921875
118457.0390625
118334.88525390625
118272.0302734375
118211.84375
118115.72216796875
118050.5625
117937.603515625
117933.5390625
117935.5625
117808.7255859375
117716.498046875
117673.0732421875
117606.6513671875
117599.6689453125
117535.666015625
117472.08203125
117341.9443359375
117274.818359375
117164.4345703125
117091.70849609375
117077.4609375
117113.2412109375
117023.203125
116873.68896484375
116818.8232421875
116796.466796875
116734.57861328125
116535.90625
116566.99951171875
116453.064453125
116446.2470703125
116319.447265625
116282.744140625
116186.27294921875
116130.32861328125
116148.5517578125
116042.39111328125
115941.1064453125
115856.03515625
115767.1181640625
115825.66943359375
115632.76220703125
115662.421875
115570.98388671875
115484.35791015625
115441.9873046875
115388.0986328125
115277.1484375
115267.369140625
115195.33154296875
115179.1103515625
