cost:	
1110492.7109375
706912.775390625
395465.2490234375
222599.93359375
143929.43359375
117432.36865234375
110416.63330078125
108375.28125
107571.90380859375
106964.71875
106586.72998046875
106194.92138671875
105909.04638671875
105672.48583984375
105436.47314453125
105195.54150390625
105037.517578125
104797.126953125
104646.5
104486.5400390625
104316.5361328125
104163.62939453125
104017.4208984375
103888.0595703125
103750.9189453125
103651.43212890625
103497.22705078125
103391.09765625
103267.0146484375
103186.4384765625
103048.1787109375
102958.10546875
102874.85595703125
102770.86767578125
102711.69140625
102665.8232421875
102538.64990234375
102386.5302734375
102262.7744140625
102010.8583984375
101891.4296875
101761.82177734375
101653.76708984375
101465.96337890625
101284.1279296875
101125.62158203125
100915.71875
100752.85400390625
100636.986328125
100488.056640625
100372.775390625
100250.9775390625
100092.283203125
100023.47509765625
99872.0634765625
99745.20458984375
99580.60302734375
99414.23046875
99309.041015625
99129.7919921875
98863.75390625
98573.642578125
98312.90283203125
98061.9814453125
97814.0615234375
97583.8095703125
97367.5859375
97243.4931640625
96932.9521484375
96754.35498046875
96500.5302734375
96193.13330078125
96038.021484375
95797.693359375
95570.72265625
95294.27587890625
95027.220703125
94845.6572265625
94675.95849609375
94508.037109375
94317.78125
94154.50830078125
93998.11328125
93848.5361328125
93632.705078125
93462.00830078125
93385.5419921875
93282.6201171875
93143.4560546875
93048.77587890625
92908.0185546875
92812.33740234375
92700.74072265625
92584.8544921875
92497.025390625
92416.57763671875
92241.869140625
92138.3193359375
92041.5322265625
91908.45751953125
91852.68603515625
91729.1728515625
91641.4140625
91562.072265625
91426.009765625
91345.91162109375
91225.6533203125
91106.73583984375
91036.671875
90902.154296875
90844.22412109375
90734.46533203125
90619.63037109375
90578.95068359375
90424.00830078125
90307.986328125
90213.9912109375
90157.29833984375
90005.9892578125
89968.8369140625
89819.712890625
89715.03515625
89659.4091796875
89517.96875
89406.4755859375
89325.76708984375
89178.97265625
89154.5712890625
89055.80224609375
88947.400390625
88859.55029296875
88764.77099609375
88667.248046875
88591.72509765625
88517.7509765625
88449.90576171875
88366.330078125
88259.708984375
88184.1064453125
88178.09521484375
88031.61865234375
87997.28076171875
87836.70776367188
87810.181640625
87730.66943359375
87684.8955078125
87619.75830078125
87561.05712890625
87441.6630859375
87368.9306640625
87323.2685546875
87208.90380859375
87155.6923828125
87131.5478515625
87014.11376953125
87005.75
86947.81884765625
86898.14892578125
86817.232421875
86755.39794921875
86709.1474609375
86662.4501953125
86557.73974609375
86567.0517578125
86478.70703125
86409.6142578125
86378.35864257812
86319.5458984375
86257.58447265625
86217.3876953125
86206.10107421875
86112.66748046875
86122.4375
86044.09130859375
85980.42041015625
85901.91162109375
85841.5390625
85794.5849609375
85814.18798828125
85765.73681640625
85649.732421875
85593.29541015625
85564.43408203125
85507.21484375
85500.88232421875
85445.02783203125
85360.708984375
85295.30517578125
85255.77490234375
85206.4677734375
85208.96484375
85140.658203125
85078.62841796875
85049.7646484375
85017.9951171875
84975.20703125
84936.25048828125
84874.2216796875
84840.60546875
84820.0029296875
84758.5810546875
84674.70654296875
84635.70263671875
84603.17724609375
84601.041015625
84560.5517578125
84543.326171875
84456.44580078125
84529.544921875
84435.072265625
84393.63818359375
84358.12548828125
84329.11962890625
84249.0341796875
84228.8896484375
84189.64501953125
84132.0908203125
84168.48779296875
84054.8017578125
83991.19921875
84006.47802734375
83938.37060546875
83907.357421875
83880.31201171875
83843.65673828125
83805.20751953125
83759.18017578125
83746.943359375
83720.97119140625
83682.72314453125
83638.62744140625
83611.46923828125
83602.83349609375
83519.896484375
83482.57958984375
83450.59619140625
83476.5947265625
83403.466796875
83393.8125
83366.31982421875
83350.56298828125
83298.41259765625
83277.45166015625
83243.9970703125
83208.31591796875
83125.80981445312
83114.05712890625
83118.05859375
83076.0078125
83074.4365234375
82994.49560546875
82970.20361328125
82957.56787109375
82912.16748046875
82850.23876953125
82825.21240234375
82866.2255859375
82883.3408203125
82790.94580078125
82759.9892578125
82713.6669921875
82700.5771484375
82631.18310546875
82587.1875
82567.01416015625
82601.1083984375
82571.01611328125
82500.4404296875
82460.35546875
82470.1787109375
82420.34716796875
82369.5107421875
82363.517578125
82356.42333984375
82352.21337890625
82296.20263671875
82261.8544921875
82287.28564453125
82276.60400390625
82183.19140625
82204.94677734375
82164.49072265625
82147.4033203125
82095.33544921875
82079.9609375
82037.11083984375
82041.56201171875
82032.60595703125
81979.87255859375
81913.1494140625
81933.48046875
81939.951171875
81873.88427734375
81878.93798828125
81853.005859375
81848.05810546875
81839.66845703125
81795.80078125
81778.96630859375
81742.978515625
81780.64501953125
81691.794921875
81673.5791015625
81657.53564453125
81612.7509765625
81571.3564453125
81590.1435546875
81567.75830078125
81540.50439453125
81535.9560546875
81505.123046875
81447.8388671875
81459.33740234375
81418.00146484375
81381.60693359375
81384.19384765625
81379.67578125
81362.85205078125
81319.8193359375
81329.38623046875
81302.26806640625
81253.724609375
81267.39306640625
81195.041015625
81194.7041015625
81165.607421875
81180.44970703125
81171.9912109375
81128.86962890625
81110.638671875
81089.15087890625
81064.45361328125
81039.5703125
81001.96044921875
81000.6982421875
80988.8779296875
80952.55859375
80937.04150390625
80920.7822265625
80914.64404296875
80874.8837890625
80902.96435546875
80869.04541015625
80808.1396484375
80776.76806640625
80770.5009765625
80756.12841796875
80745.7099609375
80709.28857421875
80702.17724609375
80626.125
80614.71435546875
80568.55126953125
80564.41845703125
80525.98046875
80540.43359375
80508.6513671875
80518.775390625
80485.89892578125
80415.6416015625
80445.04345703125
80420.31103515625
80408.16796875
80392.9931640625
80353.0615234375
80296.6923828125
80321.8642578125
80286.32470703125
80254.8310546875
80261.7763671875
80256.6123046875
80240.392578125
80222.513671875
80179.0947265625
80173.91845703125
80150.42919921875
80100.56005859375
80074.416015625
80111.31689453125
80068.9931640625
80074.82861328125
80031.12451171875
80019.87890625
79983.07177734375
79991.20751953125
79955.83251953125
79943.234375
79936.60791015625
79910.01123046875
79887.8994140625
79905.630859375
79874.6943359375
79851.919921875
79829.5986328125
79801.86474609375
79831.27783203125
79774.1083984375
79790.12109375
79753.35546875
79729.685546875
