cost:	
611841.9418945312
166640.318359375
112085.6259765625
102357.01953125
93426.52661132812
91278.56884765625
89476.9189453125
88060.3564453125
86615.43579101562
85077.5615234375
83538.5771484375
82054.85693359375
80376.01489257812
78476.71923828125
76941.8154296875
74912.15966796875
73334.26123046875
71438.21948242188
69575.81909179688
67942.17407226562
66135.66235351562
64452.51123046875
62684.607666015625
61000.901123046875
59291.514404296875
57807.66650390625
56193.663330078125
54640.896728515625
53078.6689453125
51411.262939453125
49871.7265625
48356.670166015625
46850.57116699219
45341.17761230469
43899.103515625
42508.34899902344
41111.8642578125
39653.23229980469
38228.460205078125
36780.733642578125
35515.42199707031
34285.86437988281
32992.10681152344
31801.095825195312
30544.298950195312
29366.544311523438
28172.430908203125
27119.209533691406
26049.568725585938
25019.012329101562
24063.891479492188
23098.240295410156
22217.866943359375
21364.38201904297
20524.515380859375
19810.08721923828
19013.715454101562
18265.439575195312
17558.18280029297
16890.347290039062
16228.573181152344
15613.882507324219
15038.957153320312
14474.567565917969
13875.277526855469
13374.129211425781
12858.954345703125
12366.909606933594
11927.02099609375
11513.6357421875
11077.331115722656
10681.454895019531
10311.879486083984
9916.794219970703
9556.390197753906
9216.66357421875
8894.987548828125
8576.865844726562
8283.687683105469
7994.3443603515625
7748.422668457031
7477.3387451171875
7236.0643310546875
6995.843444824219
6783.148773193359
6572.207946777344
6376.4193115234375
6174.516906738281
5999.974945068359
5843.947814941406
5662.40478515625
5491.869689941406
5330.995269775391
5174.212432861328
5030.159729003906
4895.516998291016
4757.360046386719
4639.153991699219
4521.835906982422
4412.180236816406
4301.56494140625
4194.659240722656
4103.855560302734
4017.0047607421875
3927.5318298339844
3833.7667236328125
3757.8006286621094
3675.1032104492188
3603.2673950195312
3530.3731994628906
3460.862091064453
3397.2880249023438
3339.7479248046875
3281.3343658447266
3225.4857177734375
3167.404754638672
3112.8674926757812
3070.503402709961
3034.2137908935547
2991.654266357422
2939.9217987060547
2918.0657653808594
2859.520736694336
2824.860382080078
2795.3983764648438
2733.1112670898438
2703.294464111328
2660.0013732910156
2615.710174560547
2589.0707397460938
2557.4559936523438
2517.468231201172
2505.5726013183594
2470.809295654297
2460.7091369628906
2434.0647583007812
2405.2067108154297
2382.5384674072266
2352.8926391601562
2329.1956787109375
2305.410202026367
2285.6924438476562
2264.0379638671875
2245.9373626708984
2232.046112060547
2221.820831298828
2189.9990997314453
2193.5565185546875
2163.594696044922
2155.418258666992
2148.3594360351562
2145.087112426758
2113.1398010253906
2089.1342163085938
2072.640426635742
2049.40283203125
2035.6452331542969
2018.7020263671875
2008.9249725341797
1998.0119934082031
1991.2532653808594
1983.2967681884766
1978.6233978271484
1966.6800842285156
1953.2701568603516
1940.8558197021484
1928.6143188476562
1932.3861083984375
1924.6773986816406
1907.32421875
1904.6182861328125
1887.9461212158203
1884.5706024169922
1889.9290161132812
1912.3556060791016
1964.6741943359375
2002.0992584228516
1931.9466857910156
1897.1297302246094
1869.4114685058594
1871.2242736816406
1880.6053314208984
1889.8521728515625
1900.0138397216797
1979.965072631836
2025.9717407226562
2056.576461791992
2064.9879455566406
2132.782989501953
2135.00830078125
2025.0006256103516
1925.2568359375
1864.4846801757812
1825.151107788086
1808.6110229492188
1776.4263153076172
1755.12939453125
1748.7361602783203
1732.4735565185547
1717.0529479980469
1717.1629028320312
1714.2016906738281
1701.6964721679688
1693.268798828125
1687.4729614257812
1692.2725372314453
1690.3440551757812
1676.0818481445312
1679.0556335449219
1676.3951721191406
1675.5039367675781
1674.5852813720703
1689.8265228271484
1737.8680725097656
1735.1732025146484
1720.3958892822266
1681.567642211914
1664.7701416015625
1646.4701538085938
1675.611801147461
1674.9212036132812
1708.2662963867188
1716.0019226074219
1693.8761901855469
1675.9275970458984
1662.5768432617188
1641.6156158447266
1636.7887725830078
1636.88720703125
1614.249267578125
1599.1148986816406
1594.44091796875
1619.540054321289
1630.9828796386719
1634.6709594726562
1662.798324584961
1669.966293334961
1657.5618438720703
1621.5887451171875
1620.3954162597656
1605.703842163086
1591.9544525146484
1566.7762451171875
1567.4077758789062
1553.439224243164
1538.9696960449219
1549.2073669433594
1554.221420288086
1556.927474975586
1551.62841796875
1564.4532470703125
1578.6812896728516
1592.5850067138672
1592.0648651123047
1584.9340209960938
1566.894515991211
1554.7451934814453
1561.9978485107422
1554.5706024169922
1544.0326385498047
1535.5050659179688
1539.6820068359375
1530.2907409667969
1510.5930480957031
1517.5788269042969
1546.1326141357422
1554.8362274169922
1556.96044921875
1563.5885009765625
1569.0823974609375
1607.5489349365234
1656.9074249267578
1724.854019165039
1760.8260498046875
1793.4055633544922
1826.9380645751953
1801.0856323242188
1857.7499694824219
1853.4554290771484
1834.0743255615234
1744.5842742919922
1746.4983978271484
1814.339096069336
1830.3271942138672
1806.8386993408203
1800.1876068115234
1742.0750579833984
1736.8319854736328
1714.0794525146484
1644.6371002197266
1583.766830444336
1545.4736633300781
1520.3526916503906
1488.7518463134766
1462.1299743652344
1435.1627044677734
1422.674087524414
1405.5848693847656
1393.8425750732422
1382.552230834961
1371.137451171875
1370.2747039794922
1364.8563842773438
1359.275894165039
1356.3313751220703
1354.0827941894531
1354.6318817138672
1358.615951538086
1350.99853515625
1346.9530334472656
1342.316665649414
1340.2846374511719
1341.185791015625
1339.2777862548828
1335.8885345458984
1331.6636810302734
1332.7776947021484
1334.3002624511719
1337.1846771240234
1338.2202453613281
1334.2976684570312
1340.3591766357422
1336.9164123535156
1340.9849548339844
1347.2453002929688
1350.7450103759766
1338.5758514404297
1337.8698120117188
1340.7286071777344
1337.8179779052734
1342.4526062011719
1351.3055419921875
1361.4449005126953
1394.6414794921875
1418.6495361328125
1400.7059631347656
1395.0500946044922
1403.2984466552734
1412.9760131835938
1433.1217193603516
1406.4663543701172
1415.340591430664
1423.3822937011719
1416.2726745605469
1477.5967864990234
1527.066909790039
1505.0437316894531
1486.7305297851562
1487.666275024414
1472.1402435302734
1547.2586822509766
1644.8368377685547
1589.2459564208984
1539.7554931640625
1509.0272674560547
1463.3241424560547
1461.0169372558594
1436.5660247802734
1421.919692993164
1443.7486419677734
1410.1184844970703
1417.6303100585938
1416.1424713134766
1435.416488647461
1411.4656066894531
1408.3078842163086
1387.2594146728516
1398.7306671142578
1399.6442260742188
1421.6014709472656
1413.623924255371
1415.0805053710938
1403.1698760986328
1431.3943786621094
1491.0950164794922
1562.828857421875
1558.8060150146484
1477.59228515625
1457.7271881103516
1455.4017028808594
1433.0930557250977
1420.8617248535156
1391.3023223876953
1385.8667449951172
1351.7988510131836
1359.071533203125
1363.140724182129
1344.9956283569336
1337.9193954467773
1346.5846252441406
1336.4341735839844
1326.6255340576172
1320.0343475341797
1306.9557571411133
1300.1388778686523
1283.8701782226562
1279.6175689697266
1265.443946838379
1259.5503387451172
1267.5391693115234
