cost:	
1183386.88671875
956313.89453125
731870.3671875
556459.4453125
419700.841796875
319514.9150390625
247818.79296875
199849.14794921875
166472.0712890625
145417.5986328125
131520.47509765625
122833.26513671875
117649.435546875
114561.64501953125
112641.49951171875
111548.0322265625
110849.37109375
110435.53369140625
110178.8974609375
109954.765625
109808.64453125
109686.2412109375
109590.51171875
109489.65966796875
109394.5732421875
109322.30615234375
109249.2978515625
109170.84765625
109105.45166015625
109032.1845703125
108968.1630859375
108906.791015625
108844.17236328125
108785.8828125
108732.3330078125
108660.7939453125
108618.525390625
108562.1142578125
108490.673828125
108446.29150390625
108406.28759765625
108352.248046875
108306.203125
108272.9404296875
108208.884765625
108164.3896484375
108124.0966796875
108082.85791015625
108042.10888671875
108008.4365234375
107960.6181640625
107903.2568359375
107875.76318359375
107847.8583984375
107803.7080078125
107754.861328125
107728.58447265625
107688.255859375
107674.896484375
107618.1044921875
107601.8271484375
107544.37744140625
107523.76416015625
107475.76904296875
107426.375
107421.7099609375
107362.95703125
107292.6455078125
107037.638671875
106767.53564453125
106494.583984375
106238.5556640625
105834.572265625
105638.9453125
105397.4248046875
105199.90087890625
105016.201171875
104837.8046875
104693.28466796875
104521.02880859375
104316.0830078125
104061.86181640625
103939.40185546875
103646.18408203125
103428.0166015625
103234.3447265625
103083.8388671875
102941.46484375
102804.12646484375
102629.4013671875
102537.962890625
102361.2646484375
102212.849609375
102093.2294921875
101972.990234375
101851.74853515625
101695.8662109375
101614.13037109375
101504.40966796875
101408.03759765625
101255.158203125
101175.80859375
101079.1875
100987.52685546875
100886.1474609375
100774.68017578125
100687.56591796875
100600.10107421875
100547.67626953125
100482.52099609375
100427.80517578125
100335.5283203125
100265.33056640625
100186.58154296875
100096.4794921875
99999.0634765625
99949.9287109375
99879.99462890625
99832.74462890625
99781.2626953125
99728.48583984375
99663.54296875
99608.9501953125
99546.2939453125
99505.15966796875
99429.4765625
99393.70458984375
99342.1103515625
99298.6162109375
99245.3974609375
99192.17529296875
99149.93798828125
99093.08935546875
99044.40869140625
98984.767578125
98950.95458984375
98899.060546875
98846.6591796875
98766.6064453125
98732.01416015625
98674.13134765625
98615.70654296875
98581.927734375
98544.5927734375
98488.84619140625
98454.52392578125
98407.50634765625
98352.36962890625
98326.72998046875
98277.9033203125
98218.81201171875
98151.6884765625
98112.7841796875
98053.41943359375
97999.3037109375
97968.67919921875
97936.92529296875
97895.220703125
97851.541015625
97798.10400390625
97769.83203125
97708.5849609375
97670.509765625
97626.08154296875
97581.0810546875
97544.537109375
97514.4775390625
97445.5615234375
97424.76708984375
97382.13134765625
97332.02490234375
97311.44873046875
97242.638671875
97185.1259765625
97150.064453125
97111.05615234375
97078.99658203125
97028.27294921875
96980.14404296875
96948.591796875
96911.0361328125
96878.44873046875
96802.544921875
96757.25390625
96716.9765625
96652.7890625
96639.76171875
96581.75390625
96517.23486328125
96485.0634765625
96449.537109375
96423.2255859375
96367.84033203125
96310.716796875
96303.67578125
96235.876953125
96178.4814453125
96120.3916015625
96079.640625
96031.7216796875
95961.720703125
95910.0224609375
95882.427734375
95837.1748046875
95822.3408203125
95778.521484375
95753.24755859375
95693.8896484375
95637.9833984375
95590.7998046875
95561.61572265625
95519.91259765625
95476.74072265625
95428.435546875
95388.408203125
95346.130859375
95297.9033203125
95283.18603515625
95266.85791015625
95218.2412109375
95161.4599609375
95120.10205078125
95082.35693359375
95071.79833984375
95014.9580078125
94971.59814453125
94938.72998046875
94899.62109375
94865.87353515625
94828.765625
94794.48828125
94752.65087890625
94738.51953125
94686.39501953125
94650.7451171875
94645.7197265625
94578.70556640625
94559.548828125
94530.79931640625
94501.9501953125
94457.6357421875
94425.822265625
94381.79931640625
94358.55078125
94331.51416015625
94299.1806640625
94260.5673828125
94225.6083984375
94193.8798828125
94162.3291015625
94127.19140625
94110.6728515625
94074.5302734375
94050.35009765625
94002.41650390625
93970.880859375
93944.958984375
93902.95458984375
93871.0048828125
93841.31787109375
93809.52099609375
93778.9619140625
93733.6416015625
93710.646484375
93674.9052734375
93640.912109375
93626.7451171875
93590.2998046875
93571.91748046875
93549.494140625
93546.0947265625
93484.90234375
93450.59375
93433.5439453125
93409.9775390625
93388.6748046875
93340.9599609375
93321.4853515625
93306.90283203125
93261.51318359375
93252.03466796875
93222.21875
93186.5634765625
93162.26513671875
93137.4375
93101.52490234375
93081.8076171875
93042.8623046875
93041.71630859375
92987.3955078125
92945.021484375
92938.09765625
92914.234375
92876.431640625
92841.08154296875
92809.775390625
92778.919921875
92736.21240234375
92719.7705078125
92689.193359375
92642.50634765625
92613.98876953125
92608.515625
92546.0888671875
92513.357421875
92503.59375
92469.82177734375
92450.4130859375
92402.9501953125
92399.44384765625
92362.787109375
92323.3466796875
92310.77392578125
92296.556640625
92286.17431640625
92252.00390625
92231.236328125
92198.61474609375
92191.3203125
92159.259765625
92128.123046875
92102.47607421875
92098.923828125
92060.37646484375
92053.724609375
92039.07421875
92019.92236328125
91974.87841796875
91958.0927734375
91937.95166015625
91907.42041015625
91893.21337890625
91877.16552734375
91850.39990234375
91830.53125
91791.8134765625
91776.96923828125
91752.0888671875
91730.1591796875
91729.7177734375
91706.0234375
91675.4404296875
91654.9248046875
91642.10400390625
91605.35107421875
91603.30322265625
91572.3857421875
91551.17333984375
91536.3427734375
91520.390625
91465.18310546875
91459.86865234375
91435.4599609375
91420.8369140625
91388.90771484375
91380.361328125
91354.37109375
91335.40478515625
91309.81103515625
91289.79296875
91279.78564453125
91242.2275390625
91235.3076171875
91203.146484375
91181.69677734375
91146.69677734375
91139.95263671875
91109.31005859375
91096.07080078125
91059.63720703125
91040.4990234375
91002.9267578125
90997.984375
90981.65869140625
90956.248046875
90932.224609375
90912.93505859375
90899.046875
90884.86279296875
90841.1640625
90823.873046875
90800.76171875
90784.3955078125
90770.7236328125
90750.61962890625
90723.921875
90693.0224609375
90682.14453125
90649.7705078125
90626.82763671875
90624.59130859375
90585.634765625
90564.6953125
90540.3837890625
90528.81640625
90508.4560546875
90496.3173828125
90464.38720703125
90454.72265625
90421.80078125
