cost:	
1993845.5439453125
975210.7705078125
951906.9033203125
923930.9150390625
896059.9887695312
865817.9404296875
833356.4140625
802976.0537109375
772599.3369140625
744297.6474609375
716930.9321289062
690435.7416992188
664401.5673828125
637639.56640625
613496.69140625
591260.8032226562
574512.7846679688
556646.4147949219
533810.8979492188
509098.298828125
489464.03857421875
474164.6574707031
458912.7509765625
444735.91748046875
431359.73095703125
418357.62646484375
408357.54638671875
397154.62451171875
387468.93310546875
376800.6657714844
368231.5769042969
361696.9833984375
356244.3369140625
348376.5107421875
340291.6223144531
336030.35791015625
331447.615234375
326590.16552734375
321789.73291015625
317709.5227050781
313107.892578125
311101.322265625
310209.7041015625
305198.197265625
301201.7136230469
297598.5280761719
294824.19091796875
293017.53515625
291563.64990234375
292544.6081542969
289916.10400390625
286171.23095703125
282694.7080078125
281069.8391113281
278830.2131347656
278120.5009765625
277299.30859375
277689.47802734375
278621.1271972656
276306.5593261719
275733.6276855469
274907.8649902344
271767.4465332031
270329.4465332031
268903.11279296875
267531.2197265625
266416.53271484375
266719.6799316406
267431.2019042969
268130.3532714844
