cost:	
1175615.87109375
938447.1015625
713413.64453125
536047.185546875
398799.298828125
299168.0361328125
228872.4873046875
179299.3408203125
145930.45068359375
125167.619140625
111508.32275390625
102806.95361328125
97889.8154296875
94771.10009765625
92983.04418945312
91965.85400390625
91364.01513671875
91042.98095703125
90767.7685546875
90670.35595703125
90539.50561523438
90489.078125
90439.81591796875
90398.65771484375
90367.00537109375
90334.14086914062
90316.79760742188
90307.556640625
90280.3125
90272.69140625
90255.35986328125
90246.46728515625
90234.4140625
90228.59985351562
90224.88500976562
90199.24267578125
90210.72509765625
90206.314453125
90194.986328125
90183.94775390625
90192.5087890625
90196.00854492188
90173.47778320312
90174.72900390625
90155.642578125
90158.0439453125
90149.08227539062
90142.8427734375
90146.830078125
90120.47119140625
90122.50830078125
90140.12744140625
90108.1767578125
90090.43505859375
90095.2763671875
90090.240234375
90084.23901367188
90082.86376953125
90073.076171875
90072.626953125
90071.74047851562
90047.60302734375
90047.5009765625
90033.5556640625
90025.63916015625
90017.4306640625
90012.58959960938
89991.73876953125
89984.10864257812
89971.46044921875
89977.677734375
89944.79418945312
89943.701171875
89931.54370117188
89929.8916015625
89903.1376953125
89890.021484375
89873.17919921875
89862.9521484375
89845.32568359375
89845.3525390625
89818.46411132812
89805.54907226562
89791.33740234375
89793.39111328125
89781.3837890625
89745.17138671875
89757.38525390625
89747.84375
89716.37670898438
89709.4443359375
89687.24731445312
89647.3232421875
89625.587890625
89636.5771484375
89455.68823242188
89143.68798828125
88931.23754882812
88766.77172851562
88603.10107421875
88470.7158203125
88294.7529296875
88159.7099609375
88060.60791015625
87938.59521484375
87844.87744140625
87783.6689453125
87690.37890625
87598.00439453125
87523.61840820312
87417.93896484375
87344.130859375
87269.4765625
87178.04248046875
86924.39697265625
86792.98754882812
86416.12255859375
86202.30883789062
85911.443359375
85456.06591796875
85071.63842773438
84766.44946289062
84426.01904296875
84105.5927734375
83813.90380859375
83440.90283203125
83043.00366210938
82796.42529296875
82571.6416015625
82351.58129882812
82106.99291992188
81865.4091796875
81689.33154296875
81536.05029296875
81386.98071289062
81228.78784179688
81102.32446289062
80961.38671875
80732.85205078125
80578.42333984375
80431.82861328125
80304.08447265625
80173.27978515625
80056.88110351562
79890.5361328125
79759.8251953125
79629.7080078125
79497.97290039062
79372.064453125
79233.6875
79100.65185546875
78949.46557617188
78793.32763671875
78646.85229492188
78542.76342773438
78426.5791015625
78336.48022460938
78246.20385742188
78123.8154296875
78013.81689453125
77909.51098632812
77815.10034179688
77711.2587890625
77600.8857421875
77499.13110351562
77389.3505859375
77225.68725585938
77125.69262695312
77033.8359375
76924.16552734375
76832.9765625
76724.07275390625
76615.59716796875
76518.55419921875
76411.72583007812
76310.43481445312
76214.39501953125
76104.66064453125
76009.28955078125
75905.74951171875
75784.23315429688
75694.85180664062
75587.33520507812
75494.58520507812
75383.17163085938
75278.890625
75158.3603515625
75008.4365234375
74895.84814453125
74702.0849609375
74574.90869140625
74468.0390625
74374.53784179688
74253.49926757812
74173.7998046875
74048.03515625
73944.35083007812
73815.26000976562
73731.34008789062
73614.76293945312
73462.541015625
73357.07080078125
73256.08837890625
73126.865234375
73004.35229492188
72900.05810546875
72784.76293945312
72635.09521484375
72517.50341796875
72390.87915039062
72269.169921875
72161.1240234375
72039.80590820312
71950.5927734375
71821.48266601562
71667.28881835938
71577.0888671875
71468.591796875
71349.41577148438
71190.42260742188
71086.02294921875
70961.486328125
70845.68432617188
70729.8974609375
70634.4296875
70505.25390625
70393.14721679688
70279.14624023438
70172.21801757812
70047.49072265625
69958.3896484375
69832.83227539062
69708.74072265625
69602.79638671875
69466.56884765625
69335.56201171875
69228.93579101562
69090.0693359375
68950.53149414062
68819.38916015625
68702.95629882812
68593.484375
68481.634765625
68365.82641601562
68249.68017578125
68141.1953125
68029.50732421875
67902.5126953125
67786.18383789062
67687.92822265625
67549.90844726562
67446.07763671875
67344.54296875
67238.92016601562
67128.86962890625
67034.04248046875
66930.04418945312
66831.3916015625
66726.61645507812
66627.22607421875
66519.18896484375
66412.279296875
66314.5380859375
66223.7265625
66107.55419921875
66011.29541015625
65903.01928710938
65788.94506835938
65710.27758789062
65600.30004882812
65482.868408203125
65377.279296875
65285.406005859375
65182.698974609375
65064.917236328125
64957.2119140625
64855.5595703125
64764.70703125
64669.31689453125
64569.065673828125
64465.954833984375
64364.46630859375
64252.015869140625
64157.4052734375
64056.580078125
63948.4208984375
63856.997314453125
63748.698486328125
63640.144775390625
63524.91357421875
63412.3203125
63296.3076171875
63212.33740234375
63083.0615234375
62956.649169921875
62841.10400390625
62736.976318359375
62633.83349609375
62522.90576171875
62407.108154296875
62292.254150390625
62193.06982421875
62090.795654296875
61995.727294921875
61890.044189453125
61783.447998046875
61676.53759765625
61564.931640625
61444.55029296875
61349.72216796875
61221.19189453125
61115.683837890625
61008.856689453125
60910.555908203125
60792.997314453125
60704.899169921875
60590.292724609375
60467.134765625
60353.070068359375
60244.465576171875
60142.0302734375
60052.68603515625
59943.261962890625
59827.88916015625
59713.435546875
59588.4951171875
59501.73583984375
59371.451904296875
59260.369384765625
59148.987060546875
59048.631591796875
58942.253662109375
58834.293701171875
58729.451904296875
58615.255859375
58489.755615234375
58431.724609375
58298.924560546875
58188.303466796875
58075.76708984375
57984.0693359375
57879.806640625
57772.082275390625
57657.69189453125
57565.583740234375
57465.32080078125
57360.449462890625
57233.97314453125
57130.37060546875
57003.244873046875
56893.754638671875
56784.827392578125
56685.45703125
56583.803955078125
56490.526123046875
56383.968017578125
56298.728759765625
56201.6552734375
56097.116943359375
56000.076904296875
55903.3076171875
55809.0546875
55696.083251953125
55593.169189453125
55476.84765625
55377.434326171875
55261.06103515625
55168.662841796875
55062.826171875
54989.088134765625
54885.16845703125
54770.244873046875
54670.36608886719
54554.634521484375
54452.76318359375
54364.042724609375
54268.887939453125
54160.06103515625
54081.218505859375
53968.725341796875
53907.7119140625
53803.301025390625
53708.3837890625
53615.7861328125
53478.579833984375
53366.52087402344
53270.26513671875
53150.3662109375
53061.5341796875
52956.435546875
52863.68798828125
52781.084228515625
52683.378662109375
52591.545654296875
52487.564208984375
52379.8525390625
52294.2890625
52194.66784667969
52109.616455078125
52007.363525390625
