cost:	
1189208.75
963920.63671875
735032.755859375
549472.919921875
411391.9501953125
306194.720703125
233171.6513671875
182697.7421875
148266.14990234375
126315.74658203125
112261.9208984375
103406.45849609375
98020.9462890625
94936.02807617188
93014.81640625
91857.3701171875
91197.73583984375
90817.046875
90555.1376953125
90415.77026367188
90337.81616210938
90261.81396484375
90211.43090820312
90184.1083984375
90142.025390625
90114.43701171875
90095.0517578125
90076.59228515625
90073.9931640625
90050.68701171875
90037.05126953125
90034.95971679688
90005.67138671875
90012.87646484375
89993.16943359375
89996.13403320312
89985.37817382812
89983.45947265625
89979.92138671875
89966.548828125
89965.48828125
89950.97265625
89950.76708984375
89957.8193359375
89941.0478515625
89950.11669921875
89924.00244140625
89939.9052734375
89953.11303710938
89950.74975585938
89920.5107421875
89918.47265625
89929.24047851562
89897.83984375
89905.81372070312
89890.5849609375
89889.28955078125
89893.76147460938
89886.919921875
89882.8427734375
89871.85205078125
89876.36767578125
89895.2646484375
89855.4306640625
89860.9609375
89847.626953125
89855.3984375
89834.75
89831.2099609375
89831.982421875
89802.3896484375
89787.30908203125
89775.77758789062
89767.2646484375
89785.185546875
89759.5263671875
89731.60278320312
89741.91650390625
89700.11962890625
89681.74536132812
89710.73046875
89662.8662109375
89662.63427734375
89626.31909179688
89619.78515625
89597.01538085938
89584.14111328125
89567.12548828125
89554.767578125
89538.33154296875
89527.6279296875
89490.16748046875
89471.51611328125
89457.10864257812
89406.73828125
89411.82666015625
89381.98828125
89365.86694335938
89356.96826171875
89349.54248046875
89300.19677734375
89272.32470703125
89262.00244140625
89222.25732421875
89218.904296875
89187.03955078125
89154.44287109375
89116.27563476562
89058.64208984375
89034.8779296875
88967.62890625
88885.1318359375
88755.03955078125
88460.9296875
87897.63623046875
87402.6572265625
87075.41748046875
86741.25073242188
86503.4208984375
86324.650390625
86144.16455078125
85898.35205078125
85632.65380859375
85470.01196289062
85288.74682617188
85082.92724609375
84891.04248046875
84589.14599609375
84358.96948242188
84145.92993164062
83933.93334960938
83600.38427734375
83343.00927734375
83098.71728515625
82866.18212890625
82658.00024414062
82330.2861328125
82161.23071289062
81896.11547851562
81694.75317382812
81506.69189453125
81348.1201171875
81182.255859375
81022.76708984375
80858.21459960938
80695.13989257812
80555.71948242188
80439.7041015625
80310.634765625
80148.58666992188
80008.34765625
79910.05541992188
79811.15307617188
79702.16674804688
79601.05834960938
79479.82666015625
79398.8759765625
79272.3642578125
79196.634765625
79069.0751953125
78956.19482421875
78850.95092773438
78718.64697265625
78549.45947265625
78377.19506835938
78237.291015625
78152.98974609375
78024.94506835938
77898.81958007812
77777.46997070312
77653.29516601562
77528.54760742188
77367.685546875
77185.56591796875
77070.69189453125
76939.00927734375
76831.86157226562
76728.58740234375
76642.95556640625
76494.552734375
76402.3232421875
76284.39428710938
76178.50415039062
76073.859375
75961.57080078125
75836.07666015625
75732.21166992188
75607.17993164062
75505.69921875
75413.48559570312
75301.20922851562
75186.36328125
75063.7783203125
74956.42211914062
74850.52612304688
74738.4873046875
74636.7880859375
74519.29638671875
74410.55883789062
74318.35424804688
74192.2705078125
74090.5751953125
74003.44848632812
73879.06982421875
73726.90405273438
73629.64526367188
73500.34838867188
73369.96264648438
73220.81274414062
73083.12963867188
72962.29248046875
72872.22583007812
72742.4013671875
72637.90795898438
72532.21948242188
72422.02563476562
72255.048828125
72146.57397460938
72040.11279296875
71927.9619140625
71824.97387695312
71733.44921875
71608.96655273438
71497.2841796875
71382.23364257812
71273.57690429688
71168.2392578125
71054.021484375
70946.51806640625
70855.87744140625
70732.90307617188
70634.6044921875
70518.21728515625
70407.65063476562
70315.94555664062
70209.9013671875
70116.93212890625
70005.7333984375
69903.3125
69797.3310546875
69698.80541992188
69599.4140625
69481.75219726562
69369.29809570312
69277.07275390625
69159.30395507812
69064.5078125
68939.669921875
68831.79248046875
68752.234375
68622.08032226562
68510.32348632812
68419.55981445312
68306.740234375
68196.2314453125
68077.64819335938
67979.82153320312
67869.12133789062
67753.337890625
67629.98706054688
67509.98046875
67428.43237304688
67329.15600585938
67232.92407226562
67147.19702148438
67037.0361328125
66933.25317382812
66833.50170898438
66733.93286132812
66641.32592773438
66536.33422851562
66437.75952148438
66360.65087890625
66249.35009765625
66146.59008789062
66056.54077148438
65924.10400390625
65853.21850585938
65746.66015625
65653.10791015625
65557.31689453125
65451.97119140625
65377.35498046875
65267.40673828125
65174.21337890625
65070.215087890625
64971.0595703125
64867.523681640625
64762.99169921875
64646.32177734375
64560.788818359375
64476.429443359375
64386.165771484375
64293.17626953125
64220.221923828125
64109.799072265625
64012.392822265625
63926.28369140625
63831.069091796875
63728.37841796875
63624.113525390625
63513.43017578125
63438.782470703125
63336.777587890625
63242.8203125
63154.84033203125
63063.564697265625
62976.077880859375
62877.32666015625
62772.67578125
62681.024658203125
62600.098876953125
62496.649658203125
62402.745361328125
62314.38330078125
62229.21875
62133.926513671875
62031.41943359375
61926.119384765625
61846.3408203125
61764.397705078125
61652.51708984375
61592.121337890625
61481.295166015625
61349.335205078125
61261.71826171875
61143.42724609375
61048.64855957031
60932.5
60827.52490234375
60733.58203125
60655.85302734375
60542.22900390625
60456.459228515625
60356.939453125
60260.540771484375
60158.764892578125
60053.021240234375
59980.96142578125
59879.39794921875
59804.46484375
59672.988037109375
59596.230224609375
59467.5185546875
59386.263916015625
59271.97509765625
59162.17822265625
59065.20886230469
58994.3056640625
58870.196044921875
58795.867919921875
58658.05126953125
58568.46533203125
58493.6982421875
58388.10693359375
58297.6708984375
58224.258056640625
58126.39453125
58040.278076171875
57976.326171875
57888.80517578125
57778.042724609375
57695.217529296875
57574.272705078125
57483.968505859375
57387.18505859375
57259.13732910156
57170.750244140625
57065.30517578125
56960.6494140625
56872.799560546875
56787.47119140625
56679.30810546875
56607.634765625
56494.4599609375
56413.322998046875
56290.00280761719
56220.44873046875
56142.765380859375
56046.7353515625
55947.31396484375
55859.6240234375
55756.737060546875
55668.7275390625
55579.916015625
55530.8837890625
55393.568603515625
55315.49609375
55211.444580078125
55099.4755859375
54985.97998046875
54886.443115234375
54795.98876953125
54699.1318359375
54611.300537109375
54542.237548828125
54442.975830078125
54356.464111328125
54258.162109375
54163.20007324219
