cost:	
603748.072265625
175317.11474609375
110458.54345703125
86138.158203125
72869.50537109375
63232.20458984375
55544.399658203125
49184.564208984375
43551.47790527344
38450.96044921875
34094.125732421875
30287.798828125
26814.746215820312
23755.739501953125
21045.845703125
18669.550048828125
16564.033142089844
14747.30517578125
13180.07373046875
11820.104919433594
10575.3017578125
9448.524780273438
8480.559478759766
7741.038330078125
6962.986480712891
6382.8209228515625
6012.493209838867
5235.620361328125
4947.738586425781
4428.2039794921875
4289.675704956055
3812.662796020508
3466.199172973633
3181.4585876464844
2946.9610595703125
2708.5997161865234
2649.3324279785156
2498.0674743652344
2431.8101806640625
2534.2089080810547
2514.152801513672
2477.856170654297
2447.235595703125
2265.4063262939453
2319.67431640625
2181.899559020996
2353.7042388916016
2308.3602752685547
2165.682502746582
1867.8460159301758
1794.2989883422852
1608.5794258117676
1383.915885925293
1190.3149223327637
1189.558349609375
1130.6230430603027
1109.344036102295
1004.2784843444824
933.7365837097168
967.630298614502
914.4880599975586
904.0420989990234
940.336181640625
846.9533462524414
812.2920951843262
790.11328125
781.5163192749023
808.7495155334473
874.1559753417969
872.2739143371582
929.0178146362305
1142.823299407959
1014.9786987304688
1322.6645431518555
1363.4093704223633
1309.6989517211914
1239.6755065917969
1213.2169227600098
1333.6913604736328
1286.6886749267578
1461.1942443847656
1556.7233200073242
1476.921531677246
1358.9487838745117
1545.7032737731934
1587.0273056030273
1673.2961158752441
1645.7318878173828
1627.7669219970703
2102.1775131225586
2351.0411643981934
1942.2221794128418
2131.283271789551
2512.638439178467
2695.4329223632812
2420.3375854492188
2040.3621826171875
2035.9634552001953
1943.0162200927734
1811.5634880065918
1902.1497344970703
1867.152099609375
1710.4474487304688
1614.2615356445312
1511.4159622192383
1588.2480773925781
1544.8567276000977
1299.4575576782227
1117.152826309204
1042.2233963012695
862.0127105712891
900.5872344970703
853.0312080383301
750.6465911865234
676.9814071655273
754.2180786132812
769.4053115844727
812.8447799682617
718.0561714172363
753.7997150421143
678.2061805725098
689.8511753082275
742.1432247161865
721.8006172180176
716.9980773925781
738.1421051025391
743.1678829193115
777.1515808105469
853.0340003967285
838.0599937438965
864.8258590698242
860.5303192138672
882.0888614654541
910.4415130615234
1044.9308052062988
1205.9089431762695
1183.96976852417
1109.1835174560547
1173.2020626068115
1136.4515571594238
1415.8774490356445
1511.6979522705078
1548.9104385375977
1933.7565536499023
2009.0895080566406
1964.1626739501953
1832.4927520751953
1775.0292778015137
1833.2250289916992
2014.7958526611328
1804.1733627319336
1669.8987426757812
1691.8889236450195
1644.1961212158203
1414.0574378967285
1362.903091430664
1381.4815979003906
1316.0931930541992
1358.5710983276367
1222.7102813720703
1188.7569160461426
1178.445899963379
1242.0242462158203
1246.2900123596191
1381.3271179199219
1444.6813354492188
1478.1583251953125
1651.6901206970215
1787.6737823486328
2010.7104568481445
1864.3688659667969
1736.148551940918
1761.2971725463867
1632.5167350769043
1686.5686569213867
1586.871566772461
1576.992530822754
1576.9919891357422
1695.6236877441406
1704.1983261108398
1702.4842224121094
1667.5441589355469
1770.3028144836426
1702.6606750488281
1560.1665573120117
1547.9785461425781
1468.0648345947266
1743.8184356689453
1428.9411697387695
1377.835594177246
1335.6124000549316
1284.3609733581543
1359.6655921936035
1395.2522430419922
1409.2066650390625
1323.7111892700195
1353.6332168579102
1341.2166709899902
1306.286476135254
1188.8054275512695
1192.478126525879
1174.7108001708984
1364.6495895385742
1523.774887084961
1304.442237854004
1469.308822631836
1492.3073272705078
1288.9024543762207
1444.4369583129883
1272.8695907592773
1314.5910110473633
1203.3322296142578
1130.4520111083984
1077.8130531311035
1061.1960830688477
1089.498146057129
1071.5283126831055
1087.8401718139648
1065.7373313903809
1091.7319259643555
1106.643840789795
1127.558250427246
1170.7036170959473
1187.0625915527344
1355.6134948730469
1208.634422302246
1236.7019729614258
1200.8764533996582
1217.5676498413086
1199.6374130249023
1361.3287239074707
1381.0250663757324
1654.7509689331055
1739.4261474609375
1675.2218589782715
1576.5597076416016
1671.7533531188965
1596.8543319702148
1578.204216003418
1587.6415977478027
1661.9873809814453
1543.999870300293
1520.1734619140625
1705.9398384094238
1695.5163688659668
1787.2927474975586
1720.9253540039062
1716.4007263183594
1679.0377769470215
1656.8217849731445
1705.1134033203125
1640.102523803711
1466.883430480957
1427.0720901489258
1398.0437774658203
1608.1775588989258
1368.6587677001953
1377.197437286377
1321.1152725219727
1284.5751495361328
1321.1104125976562
1293.665901184082
1295.9811401367188
1283.1171417236328
1239.0565872192383
1443.351463317871
1480.365478515625
1570.8822555541992
1547.4308967590332
1712.2333526611328
1626.9350051879883
1634.2190704345703
1825.150634765625
1761.2068901062012
1746.7455596923828
1918.389030456543
1922.4460525512695
2035.3261375427246
2092.980369567871
1750.3106689453125
2102.756393432617
2368.203399658203
2090.098342895508
2367.3551712036133
2000.6913146972656
1990.92236328125
1907.7739944458008
1850.4865036010742
1751.7721710205078
1777.2464294433594
1723.974136352539
1715.6702499389648
1825.911964416504
1624.5891494750977
1492.1789894104004
1389.474983215332
1440.045509338379
1559.2539825439453
1513.6732864379883
1570.0799865722656
1531.3810195922852
1389.2469177246094
1317.5249710083008
1197.1813049316406
1262.4458618164062
1228.3594779968262
1134.5215759277344
1121.5950317382812
1198.7337188720703
1065.3659362792969
938.4061317443848
1033.833625793457
943.4650344848633
889.6265773773193
856.656307220459
893.9279022216797
805.4820823669434
837.7436752319336
867.7698707580566
995.6510181427002
990.6439170837402
997.0123615264893
1025.0690650939941
1000.8304481506348
1048.7458763122559
1170.335220336914
1212.0956954956055
1185.8896141052246
1112.811882019043
1197.9377517700195
1174.3155059814453
1201.6740989685059
1338.6722259521484
1342.5433044433594
1277.9485549926758
1229.1489486694336
1210.804702758789
1121.6114692687988
1089.4894332885742
1037.5831451416016
970.9345817565918
967.8623428344727
1092.4582977294922
1217.5503311157227
1256.4914932250977
1307.8402366638184
1384.0006866455078
1591.9988250732422
1544.8168487548828
1716.0023574829102
1736.4045867919922
1771.2847595214844
1472.9868927001953
1405.1892204284668
1351.895393371582
1366.1499938964844
1332.5491790771484
1276.479507446289
1355.1039428710938
1316.1720657348633
1201.9904403686523
1269.3725128173828
1235.52978515625
1344.6705932617188
1276.5253829956055
1368.8691940307617
1426.4277114868164
1509.2248497009277
1419.4161987304688
1473.5115814208984
1263.1222457885742
1331.1943588256836
1233.3270645141602
1324.7227096557617
1215.498161315918
1330.1288528442383
1388.8115158081055
1346.7168426513672
1448.117172241211
1524.507080078125
1358.9722747802734
1256.5957527160645
1164.2160682678223
1135.0867919921875
1078.1773567199707
1085.1322708129883
1106.8424339294434
1136.6974296569824
1150.8530807495117
1123.930519104004
1294.9275207519531
1216.5733528137207
1213.0581130981445
1251.0547180175781
1387.3286743164062
1336.543857574463
1533.3948364257812
1488.866714477539
1496.2896041870117
1487.9669952392578
