cost:	
783202.6611328125
148780.4580078125
137427.7607421875
103610.4619140625
97502.65087890625
93451.57421875
92523.73974609375
91286.52221679688
90827.1923828125
90142.40649414062
89385.10009765625
88709.17895507812
88060.966796875
87182.43286132812
86301.60546875
85290.21337890625
84286.99365234375
83071.06079101562
82035.38818359375
80986.12060546875
79962.39868164062
78764.39916992188
77764.22900390625
76586.57299804688
75442.091796875
74574.73876953125
73435.57788085938
72484.79931640625
71408.80883789062
70455.15405273438
69429.31201171875
68692.53149414062
67689.27709960938
66602.89038085938
65722.58447265625
64866.82470703125
64042.470947265625
63120.708740234375
62239.585205078125
61519.364013671875
60635.420166015625
59801.87890625
59072.1337890625
58456.585205078125
57379.704833984375
56638.675048828125
55921.136474609375
55123.057373046875
54218.611083984375
53502.888671875
52657.62512207031
51921.446044921875
51157.684326171875
50442.87841796875
49645.287841796875
49006.25830078125
48301.70703125
47517.56945800781
46757.364013671875
46058.27978515625
45384.73986816406
44674.069091796875
43998.617919921875
43227.58825683594
42538.63818359375
41853.86462402344
41185.06164550781
40399.993408203125
39711.4716796875
39077.22912597656
38377.642578125
37658.10656738281
37060.95568847656
36336.322021484375
35615.097900390625
34968.541259765625
34391.686767578125
33734.58288574219
33057.630126953125
32340.149780273438
31730.527221679688
31105.956298828125
30473.301147460938
29857.870361328125
29240.059936523438
28637.6240234375
28019.64501953125
27438.990844726562
26782.520385742188
26218.871215820312
25663.117065429688
25091.143188476562
24553.025390625
24046.911254882812
23460.635498046875
22915.30242919922
22392.63720703125
21860.346740722656
21375.737731933594
20839.424926757812
20364.096435546875
19860.096740722656
19411.690185546875
18972.708984375
18525.976013183594
18081.705078125
17651.39630126953
17267.368774414062
16853.9140625
16415.096740722656
16030.37158203125
15623.306213378906
15230.620727539062
14891.972106933594
14522.614624023438
14146.837707519531
13819.953979492188
13460.016662597656
13108.503143310547
12794.188781738281
12468.338073730469
12158.840911865234
11844.420837402344
11537.620574951172
11240.426513671875
10943.748504638672
10684.298034667969
10410.790710449219
10121.388214111328
9855.02099609375
9592.433776855469
9335.873474121094
9101.801971435547
8879.23696899414
8653.518646240234
8391.327239990234
8168.914581298828
7966.450439453125
7747.704071044922
7539.9544677734375
7324.397735595703
7149.25146484375
6963.813446044922
6773.701995849609
6584.085876464844
6410.593475341797
6242.338165283203
6081.437515258789
5910.195449829102
5760.26220703125
5606.155807495117
5457.514587402344
5304.537551879883
5161.095947265625
5014.718856811523
4891.991607666016
4758.451019287109
4638.524856567383
4508.554901123047
4386.528579711914
4294.333694458008
4191.450057983398
4094.1357421875
3976.2255859375
3877.6139068603516
3762.2958221435547
3647.7657928466797
3550.3660430908203
3458.336814880371
3369.7207794189453
3291.4155883789062
3214.026679992676
3118.928909301758
3040.2954864501953
2967.806053161621
2896.0591583251953
2805.029296875
2733.2308807373047
2663.2755279541016
2596.5762786865234
2532.883201599121
2470.105743408203
2408.7496795654297
2338.0528259277344
2265.7001724243164
2216.1106491088867
2168.224433898926
2129.0200271606445
2077.4478073120117
2030.8477325439453
1971.2160339355469
1910.5982666015625
1849.5865859985352
1798.6588745117188
1741.1604232788086
1682.6202239990234
1639.6599655151367
1596.8908615112305
1550.9163818359375
1512.472755432129
1479.0886688232422
1437.2603912353516
1392.943862915039
1358.4573020935059
1324.312343597412
1291.7588996887207
1265.685203552246
1238.357234954834
1218.946647644043
1185.9219970703125
1148.6568145751953
1121.6605224609375
1087.8594970703125
1050.5728454589844
1030.4955711364746
1012.3495178222656
989.2344665527344
969.6990432739258
942.2246856689453
919.388298034668
897.9475402832031
886.453067779541
875.8657722473145
869.9401321411133
842.9222412109375
829.3469085693359
816.1730804443359
806.906909942627
801.6295051574707
782.6316070556641
744.5673599243164
770.2098846435547
712.7211513519287
706.7089004516602
708.3657455444336
674.0768814086914
661.9853096008301
644.7442836761475
647.2037029266357
644.8109817504883
624.5989532470703
611.0182418823242
584.7286720275879
573.1541023254395
564.1439266204834
553.0508880615234
538.4670600891113
521.1237182617188
495.41443824768066
470.3268699645996
453.3453369140625
451.4680595397949
442.0561332702637
432.18149757385254
426.6397247314453
423.19689750671387
403.5940418243408
393.2896137237549
382.8332462310791
373.5169143676758
370.0020236968994
380.3692092895508
388.90398025512695
368.8515224456787
352.15863037109375
330.472749710083
327.57812690734863
315.12002182006836
320.79822158813477
322.0682249069214
329.98031997680664
334.0596923828125
329.81158447265625
318.2453899383545
304.6481418609619
298.0872211456299
304.1674575805664
305.9190664291382
305.4820718765259
303.92681217193604
292.74666595458984
284.29373931884766
290.81968116760254
288.60693168640137
286.80981063842773
274.3322219848633
266.1059970855713
257.9189233779907
242.8783073425293
246.33882522583008
239.9561653137207
256.9751777648926
258.42322731018066
266.5679941177368
261.06091690063477
238.6314821243286
220.27264881134033
203.77284622192383
194.86497688293457
184.2881155014038
184.351224899292
181.07615089416504
176.96079540252686
166.86646461486816
164.1259846687317
162.18151187896729
159.42383098602295
160.6833839416504
160.55767440795898
171.07882118225098
161.3848056793213
163.16398239135742
168.70056343078613
162.08147048950195
162.42920398712158
159.2424087524414
161.57103633880615
153.8026213645935
156.41064548492432
165.10327529907227
173.8051290512085
166.9051752090454
164.4849624633789
146.2117166519165
141.34820079803467
138.14825630187988
137.38319778442383
140.046049118042
143.85342407226562
138.30378532409668
133.471529006958
137.10856008529663
144.25254154205322
151.30185985565186
180.2110080718994
169.75593280792236
223.50653553009033
202.7274293899536
215.60888481140137
205.60943508148193
183.94623374938965
163.1351556777954
157.60161972045898
158.05527019500732
169.3092451095581
176.17806434631348
156.13541221618652
167.03192043304443
160.49527263641357
154.4209394454956
146.08103942871094
158.8671579360962
178.96901607513428
157.68683338165283
139.2690134048462
136.48200130462646
112.10562515258789
101.70714235305786
91.71629810333252
87.08788967132568
81.36671590805054
77.50824308395386
77.01760864257812
73.59379148483276
73.22837972640991
71.99988651275635
73.91704511642456
74.73210668563843
81.63915252685547
90.89913702011108
95.3903398513794
93.66110944747925
86.29048824310303
82.06555891036987
79.71403646469116
78.84019899368286
81.10571002960205
77.26553630828857
78.55491590499878
84.53306579589844
90.78820085525513
100.0182089805603
122.97319030761719
150.64706230163574
152.42169284820557
139.4921169281006
128.58449745178223
116.66228675842285
113.23587322235107
117.27394962310791
104.14891624450684
97.50229358673096
96.20299530029297
93.73340654373169
91.7364149093628
87.11181020736694
89.84982061386108
94.01160001754761
90.99204015731812
87.70106220245361
