cost:	
925530.357421875
267759.54931640625
112220.7724609375
113660.12719726562
98626.61328125
94170.30297851562
93256.63989257812
92303.12646484375
92125.818359375
91992.83984375
91804.90087890625
91555.50341796875
91507.14379882812
91393.93627929688
91320.08837890625
91244.22900390625
91179.91137695312
90980.31982421875
90922.91064453125
90764.61328125
90638.3837890625
90589.68725585938
90438.97509765625
90360.6474609375
90177.2685546875
89873.17236328125
89808.4990234375
89653.8974609375
89270.80126953125
89207.515625
88964.35302734375
88841.50756835938
88691.6845703125
88403.466796875
88167.88354492188
87990.61352539062
87777.2421875
87480.66796875
87314.765625
86958.41064453125
86780.44189453125
86519.12060546875
86194.65356445312
85714.05615234375
85387.30883789062
84982.25659179688
84736.26049804688
84360.53369140625
83896.27783203125
83661.12158203125
83305.54760742188
82866.47265625
82446.4716796875
81973.705078125
81682.29077148438
81227.03857421875
80787.72216796875
80583.72900390625
80024.74438476562
79709.64868164062
79180.80712890625
78813.40551757812
78414.9296875
77817.8251953125
77404.55810546875
76900.97583007812
76459.3994140625
76063.17163085938
75617.52783203125
75103.84228515625
74707.36352539062
74218.97290039062
73923.34228515625
73475.87060546875
72982.57250976562
72531.6484375
72023.53979492188
71609.98461914062
71240.32006835938
70837.14624023438
70315.8291015625
69878.81494140625
69418.9736328125
69006.08935546875
68652.23315429688
68142.17602539062
67685.03930664062
67229.2978515625
66775.83618164062
66369.11157226562
65945.93237304688
65477.88134765625
65039.740478515625
64705.413818359375
64321.6640625
63856.478759765625
63443.041259765625
62973.28173828125
62402.611083984375
62142.755615234375
61624.122314453125
61211.824462890625
60791.267333984375
60471.541259765625
59981.895263671875
59524.0791015625
59031.531494140625
58607.160400390625
58219.0263671875
57758.61181640625
57318.039306640625
56810.4765625
56424.91491699219
56066.847412109375
55535.578125
54997.919189453125
54583.631591796875
54128.45166015625
53673.34606933594
53217.35791015625
52684.418212890625
52211.0576171875
51697.834228515625
51229.82373046875
50687.49206542969
50255.392822265625
49823.422119140625
49240.338134765625
48743.040283203125
48305.99560546875
47800.93701171875
47383.203369140625
46785.419677734375
46262.2626953125
45747.190673828125
45312.59240722656
44825.41027832031
44361.64709472656
43851.21789550781
43383.93505859375
42840.08947753906
42349.00061035156
41915.490478515625
41480.14111328125
40920.96533203125
40443.22814941406
39930.2099609375
39403.3134765625
38953.88525390625
38501.56494140625
38003.69091796875
37522.71875
37071.27990722656
36591.056396484375
36133.32824707031
35676.07067871094
35298.76611328125
34820.359130859375
34397.864501953125
33972.25842285156
33515.790283203125
33073.78625488281
32682.08203125
32242.114501953125
31778.648071289062
31371.766967773438
30956.735473632812
30574.112426757812
30205.844482421875
29755.293334960938
29338.1513671875
28940.951782226562
28545.87335205078
28178.406616210938
27805.601684570312
27443.172485351562
27040.536865234375
26673.5224609375
26307.588500976562
25901.092529296875
25548.25390625
25167.781005859375
24818.141357421875
24458.335693359375
24104.361328125
23796.58026123047
23421.87091064453
23102.03369140625
22772.804443359375
22444.77001953125
22087.944213867188
21785.666870117188
21488.36737060547
21155.515869140625
20835.080688476562
20532.16552734375
20216.359741210938
19916.079528808594
19609.668579101562
19295.769409179688
19031.08221435547
18761.647705078125
18470.540893554688
18194.34796142578
17930.97637939453
17699.82684326172
17432.881408691406
17153.180053710938
16896.866760253906
16667.537231445312
16450.787109375
16215.961364746094
15973.924682617188
15734.895446777344
15506.233764648438
15263.493713378906
15046.574890136719
14835.169860839844
14607.030822753906
14392.247680664062
14183.855529785156
13988.744323730469
13776.462921142578
13558.925964355469
13370.052062988281
13180.96142578125
12982.646118164062
12790.60708618164
12579.931457519531
12405.748168945312
12232.788696289062
12056.861145019531
11876.525817871094
11727.081176757812
11526.654541015625
11343.806823730469
11181.415313720703
10993.514556884766
10850.311828613281
10686.546142578125
10528.582458496094
10364.696258544922
10217.948486328125
10048.401123046875
9900.698211669922
9729.981872558594
9582.79150390625
9436.104248046875
9295.79312133789
9167.658569335938
9029.491973876953
8892.771697998047
8787.659149169922
8665.997985839844
8526.78012084961
8386.224639892578
8244.607727050781
8129.522399902344
8021.6561279296875
7899.158721923828
7792.470123291016
7669.920867919922
7571.657165527344
7467.693359375
7362.223083496094
7250.679992675781
7147.322113037109
7042.669006347656
6930.290374755859
6839.7579345703125
6755.811492919922
6643.475280761719
6546.65234375
6452.076843261719
6352.393402099609
6244.020233154297
6160.521469116211
6075.894989013672
5997.878463745117
5923.281097412109
5846.583679199219
5765.656600952148
5686.111022949219
5604.245208740234
5494.370895385742
5417.317840576172
5333.274658203125
5256.384872436523
5167.228469848633
5102.233062744141
5051.011322021484
4962.924819946289
4908.440017700195
4816.0523681640625
4731.1036376953125
4675.192687988281
4612.012252807617
4548.314544677734
4489.835525512695
4418.937683105469
4360.887222290039
4284.704650878906
4238.7098388671875
4168.452087402344
4096.032318115234
4027.61572265625
3973.8294525146484
3925.4353942871094
3857.340286254883
3794.3781127929688
3735.689765930176
3672.052047729492
3631.384536743164
3573.6930084228516
3521.352264404297
3480.6500091552734
3441.3155517578125
3440.2669982910156
3384.3102111816406
3315.533233642578
3257.8743743896484
3196.4456176757812
3149.0872192382812
3106.9984436035156
3062.515983581543
3043.0990600585938
3000.3019943237305
2965.585563659668
2938.1423721313477
2892.155227661133
2855.2442626953125
2803.5169982910156
2779.2243041992188
2737.3822326660156
2692.407485961914
2657.3665084838867
2631.0857696533203
2571.651512145996
2531.6478576660156
2485.7720108032227
2462.554313659668
2421.3852005004883
2399.524345397949
2382.8262481689453
2359.479850769043
2339.2742919921875
2300.850051879883
2267.854820251465
2231.10506439209
2195.082939147949
2173.0850524902344
2129.156074523926
2097.4501724243164
2054.1816329956055
2031.2275848388672
1995.7473602294922
1968.8999404907227
1943.2503509521484
1908.633644104004
1893.6912078857422
1877.6427307128906
1852.895248413086
1825.2265625
1802.7417297363281
1783.653060913086
1752.6233291625977
1730.3168869018555
1697.0867881774902
1699.8018798828125
1716.9192962646484
1690.7985572814941
1661.4268341064453
1635.778907775879
1601.2273864746094
1579.353515625
1543.0677490234375
1513.5136642456055
1490.4661254882812
1476.0480194091797
1468.3586196899414
1447.8838195800781
1437.5751647949219
1435.5326843261719
1412.968032836914
1389.4540405273438
1359.4577560424805
1347.1820182800293
1342.3703918457031
1303.1777229309082
1292.0050354003906
1271.7364349365234
1271.5608711242676
1244.7053527832031
1213.941493988037
1183.5341567993164
1164.2884521484375
1153.0565376281738
1144.054328918457
1129.787826538086
1123.1918449401855
