cost:	
615214.1826171875
183771.2080078125
116214.083984375
89820.31396484375
74968.71875
64672.05419921875
56995.271484375
50137.283935546875
44492.9326171875
39379.51989746094
34848.8828125
30886.645141601562
27436.341186523438
24375.360595703125
21569.343872070312
19177.802673339844
17093.67449951172
15306.432556152344
13604.6494140625
12123.675842285156
10861.745697021484
9871.016632080078
8834.264343261719
7926.4493408203125
7093.7578125
6397.99169921875
5782.193450927734
5419.556884765625
5037.220474243164
4579.381362915039
4337.34326171875
4086.7259368896484
3695.7876739501953
3576.565963745117
3289.920585632324
3249.0492095947266
3081.5846252441406
2882.116439819336
2840.312599182129
2670.3168182373047
2592.5163040161133
2493.7806396484375
2488.288543701172
2363.507698059082
2133.2244186401367
1907.1852912902832
2007.5176086425781
1946.1699981689453
1825.334243774414
1730.3413276672363
1557.3411483764648
1263.7478332519531
1295.7924041748047
1207.9751358032227
1125.948070526123
1098.9478607177734
967.2811584472656
1459.6987838745117
1235.7187156677246
1168.7526054382324
1175.045711517334
1103.0040664672852
1069.6756172180176
1273.9711380004883
1292.823745727539
1434.0093612670898
1281.6098976135254
1345.546745300293
1256.9704704284668
1227.8978996276855
1210.9777603149414
1045.54887008667
1013.8310852050781
846.8472785949707
783.0827865600586
777.8863258361816
809.7509231567383
799.6016044616699
725.0303649902344
718.2001113891602
669.0254440307617
715.4404525756836
738.417537689209
730.5940017700195
835.864990234375
884.7848663330078
1136.0508117675781
1351.5409660339355
1656.8549156188965
1839.7307205200195
1838.0737915039062
2444.2221145629883
2864.083251953125
3002.9289321899414
3702.970001220703
4777.086624145508
4502.760162353516
3462.5022888183594
3060.8653717041016
2779.7742309570312
2341.8588256835938
2100.557487487793
1741.3083114624023
1532.5402755737305
1392.6484260559082
1292.864387512207
1179.119529724121
965.9807662963867
805.1710224151611
757.6767349243164
757.9537887573242
718.0307884216309
743.2041320800781
575.2637042999268
607.7595100402832
683.3617134094238
621.9498176574707
688.8220252990723
757.1949653625488
691.8225574493408
696.0828704833984
718.1097621917725
778.2833061218262
930.0635147094727
1072.8523788452148
1151.1111335754395
1145.1334838867188
1312.6180362701416
1294.4794120788574
1461.9058380126953
1329.5595893859863
1333.5372848510742
1541.1081047058105
1466.987075805664
1687.2380676269531
1521.969955444336
1381.9768180847168
1440.5591430664062
1562.290412902832
1711.571949005127
1912.4747467041016
1761.4529724121094
2153.368881225586
1880.0580101013184
1815.331886291504
1807.0818481445312
1959.7663803100586
1864.7601432800293
2115.334114074707
1922.9496231079102
2092.408935546875
1932.6778869628906
1754.2080116271973
1848.4556884765625
1604.4666061401367
1403.1237716674805
1490.9226150512695
1558.350341796875
1564.1545448303223
1559.0196418762207
1437.5894088745117
1567.1591758728027
1539.827537536621
1585.0243949890137
1585.5868682861328
1749.543586730957
1651.033254623413
1596.960060119629
1501.730110168457
1354.5239067077637
1380.6829833984375
1427.1398391723633
1480.5464782714844
1430.905963897705
1614.2874603271484
1446.6203308105469
1322.7414093017578
1295.994758605957
1141.4333953857422
1163.2051849365234
1230.0048904418945
1315.9753799438477
1507.0387001037598
1675.5801544189453
1678.9763870239258
1878.312843322754
1745.0033874511719
1759.486701965332
1714.3142127990723
1603.0543975830078
1600.0958633422852
1549.4794692993164
1824.6839294433594
1807.5531845092773
1909.4222717285156
1994.4739227294922
2036.4901733398438
2036.2543411254883
2229.0182342529297
2027.4821319580078
1983.4385070800781
1936.1164245605469
1646.175033569336
1594.5287704467773
1524.597484588623
1573.1183547973633
1406.8686752319336
1760.4964447021484
1923.2389450073242
1717.1803169250488
1706.1591262817383
1455.1181640625
1508.5354347229004
1457.871955871582
1389.2917098999023
1325.0955982208252
1300.1113586425781
1299.8052291870117
1255.2741775512695
1107.1839485168457
1278.0589218139648
1262.7616958618164
1328.1721649169922
1358.4250869750977
1309.8307800292969
1302.3205261230469
1389.0928993225098
1443.238899230957
1457.410385131836
1348.2996368408203
1440.0299110412598
1407.3416595458984
1560.97021484375
1508.7044143676758
1705.290428161621
1657.7091827392578
1699.105625152588
1580.5752220153809
1705.1021270751953
1624.312255859375
1649.7276916503906
1602.3617324829102
1580.6606636047363
1625.19730758667
1583.2727661132812
1513.0794830322266
1591.167854309082
1538.8996505737305
1495.3436546325684
1440.1623840332031
1420.7197036743164
1316.010726928711
1251.0516052246094
1187.8265266418457
1186.8849067687988
1091.327341079712
1047.8765182495117
1115.7799072265625
1115.032470703125
1105.4846649169922
1112.5955543518066
1110.2097511291504
1038.6898345947266
1001.6499328613281
998.732250213623
1171.1405601501465
1123.4043312072754
1472.7327728271484
1380.6816177368164
1643.7543334960938
1492.36714553833
1655.1415405273438
1588.8121795654297
1584.9549293518066
1569.2470092773438
1562.4372177124023
1598.8102111816406
1659.725715637207
1600.3269500732422
1693.0555953979492
1673.6101608276367
1697.077507019043
1769.7728576660156
1883.671272277832
1985.3529968261719
2214.927780151367
2291.327590942383
2210.5027618408203
2270.348533630371
2226.9231872558594
2267.814163208008
2153.9365158081055
2146.2845153808594
1950.8537292480469
1897.2010879516602
1659.2742080688477
1667.7741737365723
1588.6706237792969
1491.0026016235352
1472.6179084777832
1299.0682830810547
1261.25532913208
1183.638599395752
1123.8471183776855
1050.3313102722168
1023.9005508422852
1060.7292518615723
1161.9692344665527
1057.0157890319824
1316.535068511963
1381.7395477294922
1367.3706512451172
1353.7013969421387
1256.5667343139648
1293.5921440124512
1399.3600769042969
1473.574878692627
1642.74564743042
1621.178695678711
1643.8839721679688
1887.6395263671875
1795.0942687988281
1924.8587493896484
1809.9086608886719
1744.8981628417969
1648.7511749267578
1650.5553283691406
1542.5793838500977
1477.1305923461914
1571.7508239746094
1624.5503540039062
1741.339126586914
1724.474895477295
1737.1480712890625
1767.6450881958008
1782.717342376709
1735.7625923156738
1875.133644104004
1925.319564819336
1830.9370574951172
1725.229118347168
1810.3619537353516
1860.8982009887695
1867.2941360473633
1869.9106216430664
1760.1089324951172
1637.5545501708984
1584.2994575500488
1739.6221923828125
1767.2358016967773
1762.8109588623047
1730.2224960327148
1744.378517150879
1597.7106246948242
1421.3935012817383
1243.0400524139404
1142.5845832824707
1176.9280815124512
1049.792007446289
1055.3757019042969
950.7503280639648
899.5324211120605
905.4686622619629
968.6026382446289
953.3743324279785
1007.0110473632812
1116.7815322875977
1170.740737915039
1218.6473083496094
1207.8608703613281
1231.1551246643066
1383.8681297302246
1382.653175354004
1381.5130081176758
1351.8220138549805
1380.1607818603516
1328.8004531860352
1364.917007446289
1247.5029106140137
1336.6595420837402
1348.1749877929688
1355.9793281555176
1360.7480201721191
1472.7035293579102
1595.0462188720703
1427.051414489746
1331.4655494689941
1289.1299324035645
1381.619773864746
1398.2204971313477
1471.8026809692383
1716.0159378051758
2024.4178771972656
1932.248031616211
1818.4047012329102
1680.0744247436523
1634.5051498413086
1620.9085998535156
1655.2451400756836
1511.486198425293
