cost:	
795650.564453125
148090.9736328125
138850.478515625
104457.28515625
97877.11328125
94107.97119140625
92630.796875
91643.92578125
90989.54272460938
90388.1796875
90065.9169921875
89325.99951171875
88784.08544921875
88039.55615234375
87292.70068359375
86482.12060546875
85720.2666015625
84802.9833984375
84023.68432617188
82848.53002929688
81891.05078125
81012.53002929688
80060.48999023438
79104.61010742188
78300.45092773438
77217.35205078125
76197.43896484375
75151.44702148438
74320.86303710938
73502.62670898438
72395.69189453125
71532.39794921875
70632.2646484375
69714.13110351562
68699.904296875
67946.53369140625
66949.62719726562
66067.431640625
65282.189208984375
64388.1357421875
63456.388671875
62707.90478515625
61805.371826171875
61015.895263671875
60208.7001953125
59286.2626953125
58451.40270996094
57744.525634765625
56878.89697265625
56153.15087890625
55272.71728515625
54533.468505859375
53841.463623046875
53022.3125
52359.662841796875
51620.727783203125
50786.671875
50155.299560546875
49235.325439453125
48500.1220703125
47819.488037109375
47169.557373046875
46394.774658203125
45700.193603515625
44995.866943359375
44188.615478515625
43528.70593261719
42726.07727050781
42035.212890625
41307.07946777344
40554.927978515625
39786.54736328125
39118.93359375
38410.44775390625
37662.32434082031
36968.88928222656
36302.01257324219
35651.01721191406
34873.758056640625
34181.982177734375
33592.051025390625
32939.54333496094
32280.60693359375
31616.52685546875
30972.068969726562
30347.1103515625
29696.351196289062
29062.17578125
28448.627319335938
27822.0673828125
27213.141967773438
26616.88330078125
26106.780151367188
25484.650390625
24906.738525390625
24394.304321289062
23856.631469726562
23301.918701171875
22786.020141601562
22219.967895507812
21724.647705078125
21257.34100341797
20796.810791015625
20299.703735351562
19859.143432617188
19402.110717773438
19002.630615234375
18533.971557617188
18133.631713867188
17722.826538085938
17312.905822753906
16894.933654785156
16517.071166992188
16128.149780273438
15729.948852539062
15351.53466796875
14977.124938964844
14642.599670410156
14284.211853027344
13953.894165039062
13632.794982910156
13297.815368652344
12992.842834472656
12668.916259765625
12362.915832519531
12065.252136230469
11755.373291015625
11478.563934326172
11209.236297607422
10922.495849609375
10663.746124267578
10396.75668334961
10133.30874633789
9888.5166015625
9642.248657226562
9399.519073486328
9160.424194335938
8951.794647216797
8731.85952758789
8523.588928222656
8317.754333496094
8086.505126953125
7893.042419433594
7721.310638427734
7513.630218505859
7317.536346435547
7138.192901611328
6964.666564941406
6781.110412597656
6602.32160949707
6431.599365234375
6281.920013427734
6135.969207763672
5971.102142333984
5824.01042175293
5675.605758666992
5545.399978637695
5405.925384521484
5282.927841186523
5162.866317749023
5034.29931640625
4903.123001098633
4803.067886352539
4685.343521118164
4565.464050292969
4454.01123046875
4349.828094482422
4237.963882446289
4138.225036621094
4030.3885345458984
3951.6793365478516
3860.971908569336
3763.897689819336
3679.9714965820312
3591.6236419677734
3501.0419921875
3425.6798095703125
3356.565559387207
3290.0372161865234
3197.6710815429688
3132.517837524414
3031.2510986328125
2963.1954956054688
2897.400764465332
2840.624313354492
2771.390151977539
2700.663589477539
2627.968780517578
2561.155158996582
2505.171699523926
2444.263931274414
2378.182945251465
2328.249008178711
2274.0401916503906
2227.0859375
2177.231788635254
2130.723892211914
2083.063919067383
2036.2059173583984
1984.5149841308594
1936.7433319091797
1898.119972229004
1863.3565521240234
1825.9606170654297
1790.9614868164062
1751.3555450439453
1716.006202697754
1689.2339096069336
1663.386604309082
1644.09033203125
1611.1372299194336
1586.7083740234375
1548.9784240722656
1502.1471405029297
1469.4899139404297
1431.0137786865234
1407.496192932129
1379.1250610351562
1364.022117614746
1334.705768585205
1319.4538879394531
1308.6451873779297
1291.7342529296875
1256.836036682129
1225.4806594848633
1192.4189529418945
1166.670223236084
1144.6974792480469
1120.2481079101562
1100.3790473937988
1083.5396347045898
1069.0599060058594
1050.65283203125
1043.3977355957031
1031.9191665649414
1017.7981872558594
1000.9919738769531
986.8435211181641
977.9028930664062
944.6911277770996
935.0298538208008
924.9525299072266
903.5035018920898
887.0933609008789
867.1281890869141
850.1686859130859
829.9180297851562
811.1177253723145
802.2422256469727
789.0542602539062
780.7150077819824
768.2308921813965
755.973388671875
743.1322860717773
750.5201721191406
741.7482070922852
720.8565063476562
709.9206314086914
689.2491455078125
681.7813568115234
665.4679756164551
659.4547729492188
651.4958229064941
653.3163986206055
654.3708915710449
663.4112091064453
658.9793319702148
648.4383926391602
633.4187545776367
613.031566619873
593.9987945556641
580.4326324462891
569.4875793457031
561.8757247924805
550.1975898742676
546.694393157959
542.1802673339844
539.074893951416
536.7182655334473
546.2807655334473
548.8482131958008
559.2731666564941
561.0532684326172
563.9429512023926
556.6010131835938
565.813175201416
568.2597732543945
558.1448593139648
547.1935081481934
557.4890632629395
545.6808433532715
543.6548461914062
529.0519027709961
512.3886756896973
497.7739562988281
494.0609588623047
481.48413467407227
479.2247619628906
473.7731819152832
468.5783004760742
469.36027908325195
465.38622283935547
459.5963592529297
467.59525299072266
460.01623916625977
458.9310989379883
450.62774658203125
435.4562454223633
427.5259552001953
419.5733528137207
414.59185791015625
412.7715606689453
417.1762161254883
414.3266716003418
417.15857315063477
418.2875633239746
412.0964660644531
420.29136085510254
427.7157783508301
433.4884662628174
447.2473678588867
445.7987976074219
443.28734970092773
456.2188415527344
463.46973037719727
465.9856491088867
469.23258209228516
469.4185981750488
480.01938247680664
492.59781646728516
494.8871040344238
493.9777488708496
465.29936599731445
454.68363189697266
441.31393814086914
439.9399528503418
422.01045989990234
428.43714904785156
425.6508560180664
402.3043403625488
393.7286071777344
389.16555404663086
398.5281066894531
393.7304344177246
382.934850692749
380.81910705566406
371.8554992675781
365.1214141845703
357.9159049987793
356.294734954834
347.7052459716797
347.7647113800049
339.6468620300293
338.9973316192627
335.97068786621094
333.94373512268066
332.9328155517578
331.66065979003906
330.8655776977539
334.2996253967285
333.3152618408203
336.43872833251953
343.53795623779297
351.5544834136963
362.91305923461914
372.1883296966553
383.5130310058594
398.29083251953125
404.705078125
398.7642822265625
396.9571418762207
399.462121963501
396.5283203125
379.4482479095459
378.42261505126953
394.7520523071289
394.6656017303467
398.11315727233887
392.2129821777344
381.98349952697754
371.458288192749
365.729887008667
358.83816146850586
360.4561347961426
362.1950092315674
366.65384674072266
368.22585678100586
382.75464820861816
373.0812282562256
379.9821949005127
385.9387626647949
386.8590431213379
393.74652099609375
404.62006187438965
399.4941177368164
398.75586128234863
407.8111381530762
398.69778060913086
386.8382396697998
379.08726501464844
