cost:	
603986.8403320312
163706.103515625
109977.01904296875
98924.72290039062
92627.77587890625
90196.83959960938
88336.4970703125
86707.2724609375
85422.93701171875
83799.49291992188
82316.91064453125
80623.49072265625
78822.298828125
76933.46240234375
75106.30200195312
73283.052734375
71357.75317382812
69359.47705078125
67805.58056640625
65744.56176757812
63843.99267578125
62015.249267578125
60220.43505859375
58621.233642578125
56778.28466796875
55109.302490234375
53567.005615234375
51939.46240234375
50349.09973144531
48789.708740234375
47098.5712890625
45559.681396484375
44117.35888671875
42505.1455078125
41016.70129394531
39682.88684082031
38281.11511230469
36822.5625
35406.10021972656
34020.702880859375
32708.287109375
31369.000610351562
30151.623657226562
29005.499633789062
27810.316650390625
26656.6962890625
25597.268310546875
24528.32666015625
23479.075805664062
22522.43377685547
