cost:	
1165241.9375
783698.86328125
434980.197265625
313662.0615234375
259785.9794921875
228106.43359375
203064.251953125
180598.8251953125
166592.8017578125
154065.60595703125
144423.13330078125
136342.95751953125
129713.322265625
124256.349609375
119586.4560546875
115407.224609375
111896.310546875
108703.9765625
105919.7109375
103378.1083984375
101141.48095703125
99070.64453125
97134.13818359375
95358.06982421875
93710.97412109375
92263.5693359375
90927.33251953125
89687.04443359375
88485.30493164062
87442.6552734375
86335.67895507812
85361.23486328125
84449.94091796875
83644.99462890625
82880.40161132812
82131.51708984375
81418.64697265625
80769.8134765625
80136.19677734375
79575.39697265625
79023.63745117188
78484.31787109375
77956.2109375
77457.02124023438
76988.2978515625
76570.90673828125
76146.943359375
75719.35375976562
75352.76733398438
74962.25
74586.7451171875
74258.00170898438
73921.13525390625
73556.17504882812
73292.99877929688
72961.05053710938
72663.94262695312
72344.453125
72057.27465820312
71781.25366210938
71491.16430664062
71217.17016601562
70943.18286132812
70666.93334960938
70405.14916992188
70100.16064453125
69858.02294921875
69603.06420898438
69362.26171875
69095.71435546875
68858.37548828125
68613.09619140625
68370.60913085938
68129.77758789062
67908.97924804688
67681.70776367188
67446.39916992188
67237.123046875
67014.42041015625
66799.11181640625
66578.03295898438
66346.80517578125
66151.47021484375
65936.51489257812
65730.92041015625
65512.044189453125
65328.94873046875
65133.04931640625
64935.460693359375
64738.943359375
64552.59423828125
64381.0048828125
64187.981201171875
63985.33251953125
63815.5810546875
63628.332763671875
63460.304931640625
63307.619873046875
63116.1162109375
62945.19873046875
62760.220947265625
62605.949462890625
62460.0537109375
62301.67578125
62147.151611328125
61982.95068359375
61839.0703125
61686.7578125
61549.28857421875
61401.47412109375
61253.73193359375
61119.408203125
60988.3701171875
60852.474609375
60699.15673828125
60578.114501953125
60449.465576171875
60307.58349609375
60180.0087890625
60058.6513671875
59940.629638671875
59818.162109375
59694.450439453125
59561.60302734375
59451.949951171875
59335.56286621094
59223.51904296875
59109.20361328125
58989.78076171875
58879.487060546875
58767.408447265625
58673.814208984375
58554.17626953125
58448.30517578125
58342.6435546875
58243.0361328125
58133.12646484375
58044.640380859375
57940.772216796875
57854.636474609375
57743.134033203125
57663.419189453125
57568.257080078125
57467.45361328125
57384.47021484375
57295.10107421875
57219.85009765625
57114.31884765625
57035.3427734375
56943.923828125
56847.688232421875
56766.455810546875
56702.25634765625
56626.815673828125
56547.254638671875
56471.770751953125
56392.763427734375
56319.32568359375
56249.563720703125
56175.334228515625
56110.912109375
56053.36376953125
55970.921630859375
55903.1689453125
55837.15625
55757.471435546875
55679.78503417969
55613.06689453125
55554.592041015625
55486.53759765625
55416.20715332031
55355.474853515625
55306.832763671875
55236.623046875
55265.571044921875
55224.5849609375
55100.63427734375
55030.469970703125
54951.673583984375
54904.788330078125
54850.0400390625
54805.4140625
54792.111328125
54740.218994140625
54653.597900390625
54638.7158203125
54592.9599609375
54502.942626953125
54471.34814453125
54415.7216796875
54332.40625
54245.9775390625
54225.23583984375
54152.021240234375
54090.472900390625
54017.99609375
53961.504150390625
53943.4248046875
53900.424560546875
53861.78564453125
53839.854248046875
53773.692138671875
53717.22216796875
53662.35009765625
53619.20947265625
53557.018310546875
53494.321044921875
53444.93408203125
53411.39404296875
53352.95947265625
53311.461669921875
53260.258056640625
53202.853271484375
53165.34216308594
53120.396728515625
53078.364990234375
53065.265869140625
53017.733154296875
52959.4736328125
52917.34912109375
52893.020263671875
52871.631103515625
52814.573486328125
52765.377685546875
52715.84375
52686.469482421875
52653.60693359375
52617.2333984375
52579.875
52532.85791015625
52502.385009765625
52473.3994140625
52425.46630859375
52388.255615234375
52378.712890625
52394.030029296875
52354.149658203125
52277.03112792969
52253.830322265625
52238.748291015625
52228.11865234375
52198.51171875
52182.572265625
52134.38916015625
52074.7099609375
52073.3388671875
52116.242431640625
52114.75341796875
52054.106201171875
52018.7607421875
51918.9658203125
51854.209716796875
51808.8994140625
51815.52783203125
51850.37890625
51885.672607421875
51779.32568359375
51862.268310546875
51799.3837890625
51711.781005859375
51642.810302734375
51686.173583984375
51669.1748046875
51753.3798828125
51738.74462890625
51948.51123046875
51646.549072265625
52157.900146484375
52102.79382324219
52181.55334472656
51996.529296875
51964.2607421875
51577.5546875
51494.580322265625
51322.722900390625
51340.428955078125
51233.04541015625
51178.45947265625
51113.949462890625
51075.101318359375
51048.7080078125
51036.066650390625
50995.4814453125
50979.288330078125
50938.011474609375
50967.23388671875
50948.971923828125
50917.549560546875
50881.0556640625
50863.202880859375
50825.947509765625
50793.615478515625
50759.40673828125
50733.40087890625
50724.525634765625
50695.75830078125
50659.06298828125
50648.924072265625
50617.476806640625
50596.28625488281
50562.604736328125
50532.54504394531
50515.46044921875
50494.319091796875
50479.6123046875
50448.984375
50425.2626953125
50404.72424316406
50388.45129394531
50367.816650390625
50344.46325683594
50328.48193359375
50307.29943847656
50299.548095703125
50264.65966796875
50240.62548828125
50252.48010253906
50209.725341796875
50213.5126953125
50181.10693359375
50171.40576171875
50182.96630859375
50196.08447265625
50124.828369140625
50117.342041015625
50105.7734375
50117.987548828125
50165.715087890625
50112.42041015625
50242.642822265625
50254.66101074219
50150.606201171875
50380.43542480469
50390.14697265625
50279.83837890625
50080.431396484375
50133.18762207031
50005.4228515625
50009.35595703125
50006.680419921875
49900.22607421875
49957.844970703125
49881.97265625
49950.42236328125
49879.899169921875
49857.4462890625
49854.93310546875
49933.33020019531
49904.14013671875
49825.574462890625
49808.154052734375
49770.09802246094
49942.66003417969
50015.279052734375
49715.3505859375
49664.522216796875
49748.316162109375
49842.5576171875
49792.470458984375
49739.145751953125
49550.135498046875
49550.68469238281
49550.208251953125
49501.1337890625
49430.6142578125
49403.76037597656
49365.478271484375
49352.91589355469
49299.44091796875
49284.35461425781
49253.066162109375
49241.057861328125
49226.826171875
49207.9072265625
49192.608642578125
49172.5126953125
49149.38623046875
49131.379638671875
49103.05126953125
49088.656982421875
49063.2529296875
49062.26281738281
49050.1884765625
49022.73193359375
49012.912841796875
48989.431640625
48969.0419921875
48971.046142578125
48957.25500488281
48929.0712890625
48951.0380859375
48923.43359375
48924.42236328125
48956.323974609375
48929.972900390625
48859.432373046875
48855.035400390625
48827.107666015625
48801.6953125
48788.224365234375
