cost:	
1230097.72265625
1217294.97265625
1205152.73046875
1192969.17578125
1180993.171875
1168944.70703125
1156976.83984375
1145173.97265625
1133495.56640625
1122025.82421875
1110500.09765625
1099048.90234375
1087984.21875
1076970.26953125
1065959.3125
1055228.0234375
1044502.8203125
1033773.26953125
1023392.19921875
1013043.7734375
1002779.15234375
992619.12109375
982480.125
972641.56640625
962553.48046875
952846.96484375
943183.1953125
933640.390625
923939.58984375
914564.69921875
905216.20703125
895940.4375
886742.953125
877715.08203125
868539.8515625
859701.97265625
850898.9296875
842166.66796875
833304.29296875
824825.203125
816329.25390625
807662.1484375
799310.1640625
791110.26171875
782767.9609375
774785.9140625
766570.30078125
758554.28125
750638.65234375
742719.03125
735130.517578125
727681.0078125
720367.9296875
713090.669921875
705824.708984375
698737.6328125
691637.533203125
684545.236328125
677608.2890625
670651.17578125
663932.1171875
657025.68359375
650332.89453125
643794.900390625
637128.85546875
630529.69921875
624087.208984375
617700.392578125
611258.951171875
605047.74609375
598768.0078125
592615.333984375
586451.310546875
580401.8125
574331.5625
568460.501953125
562525.22265625
556689.0859375
550908.16796875
545162.41796875
539492.255859375
533878.705078125
528277.10546875
522828.634765625
517331.841796875
511857.951171875
506615.216796875
501292.205078125
495987.33984375
490842.4609375
485626.20703125
480595.3203125
475545.65234375
470545.7421875
465486.89453125
460744.076171875
455784.16796875
451063.208984375
446290.46875
441553.875
436976.0078125
432575.880859375
428233.373046875
423823.8525390625
419451.2734375
415159.8984375
410947.876953125
406659.392578125
402432.83203125
398335.0673828125
394156.5517578125
390046.1484375
386003.5947265625
381995.587890625
378010.8740234375
374071.978515625
370211.09375
366392.982421875
362568.2275390625
358829.1728515625
355056.55859375
351409.01953125
347798.3212890625
344178.787109375
340648.55078125
337086.4443359375
333671.767578125
330218.302734375
326815.3564453125
323456.5087890625
320140.97265625
316835.392578125
313573.228515625
310361.158203125
307240.1357421875
304085.50390625
301003.583984375
297935.880859375
294864.513671875
291895.57421875
288954.79296875
286008.423828125
283093.234375
280235.583984375
277443.75
274671.5712890625
271889.1259765625
269163.603515625
266468.2900390625
263828.8046875
261226.396484375
258745.0966796875
256283.8984375
253843.6650390625
251444.490234375
249043.38671875
246706.3291015625
244347.765625
242110.501953125
239823.0439453125
237571.9130859375
235340.5068359375
233149.2197265625
230966.7314453125
228865.94921875
226738.791015625
224672.1640625
222603.96875
220548.033203125
218549.251953125
216581.4853515625
214554.22265625
212634.1435546875
210771.7333984375
208839.1826171875
206957.7080078125
205141.2158203125
203322.482421875
201494.791015625
199735.140625
197970.0107421875
196253.94140625
194537.77978515625
192857.27197265625
191199.28076171875
189551.38134765625
187932.28515625
186320.63037109375
184744.89453125
183200.908203125
181644.880859375
180135.54541015625
178634.568359375
177137.216796875
175697.1455078125
174268.79248046875
172820.5068359375
171445.9013671875
170071.435546875
168695.83056640625
167383.40234375
166096.15234375
164865.4697265625
163597.7646484375
162393.06884765625
161187.57470703125
160005.6787109375
158821.44384765625
157662.66455078125
156522.59375
155373.7509765625
154278.31884765625
153188.2841796875
152098.14404296875
151028.4921875
149986.49267578125
148952.1064453125
147926.25634765625
146920.0400390625
145927.7685546875
144938.43212890625
143979.77685546875
143026.5478515625
142095.00341796875
141152.55859375
140259.63671875
139355.85888671875
138467.87939453125
137597.5615234375
136745.72412109375
135881.83447265625
135062.126953125
134233.6416015625
133429.298828125
132625.2783203125
131849.4296875
131068.67919921875
130310.9638671875
129566.09033203125
128821.19482421875
128094.84033203125
127374.671875
126678.00048828125
125983.68603515625
125299.9609375
124629.7978515625
123959.50634765625
123314.2255859375
122672.42041015625
122042.9853515625
121435.22900390625
120856.103515625
120270.474609375
119696.7216796875
119140.55712890625
118591.3486328125
118044.625
117516.60205078125
116993.8017578125
116470.8662109375
115962.1435546875
115459.6669921875
114968.58154296875
114484.27880859375
114003.44189453125
113540.8896484375
113074.32080078125
112626.50537109375
112168.2626953125
111737.4833984375
111311.826171875
110879.0888671875
110467.8916015625
110056.61669921875
109655.90576171875
109252.19921875
108867.13525390625
108483.408203125
108107.251953125
107735.09423828125
107373.80126953125
107014.60791015625
106661.484375
106323.7265625
105977.27392578125
105647.29931640625
105324.92138671875
104994.77563476562
104672.58862304688
104365.41357421875
104059.5537109375
103764.33715820312
103460.6748046875
103144.9736328125
102852.947265625
102575.09130859375
102302.5107421875
102034.99462890625
101766.58984375
101514.9345703125
101260.7158203125
101023.17236328125
100786.44287109375
100551.5546875
100330.33056640625
100108.54052734375
99889.138671875
99675.81689453125
99467.99755859375
99256.5732421875
99059.10888671875
98853.884765625
98665.2138671875
98469.2119140625
98285.70703125
98102.11743164062
97920.43212890625
97742.27978515625
97570.81982421875
97401.42724609375
97224.03125
97065.8828125
96900.84814453125
96746.87548828125
96580.3779296875
96439.76416015625
96285.34033203125
96138.48828125
95999.95458984375
95856.67407226562
95723.73388671875
95589.0947265625
95449.79467773438
95326.21435546875
95195.39379882812
95070.2236328125
94941.26098632812
94824.16748046875
94707.51611328125
94592.4091796875
94483.05078125
94371.98706054688
94263.8671875
94160.84741210938
94058.96240234375
93961.62548828125
93861.9951171875
93762.14892578125
93671.2734375
93576.666015625
93485.150390625
93362.1171875
93274.07836914062
93191.45703125
93112.94458007812
93032.40747070312
92952.830078125
92878.3095703125
92801.58032226562
92731.041015625
92664.42651367188
92594.24658203125
92524.11328125
92458.412109375
92394.869140625
92332.4814453125
92270.9013671875
92211.19482421875
92150.94873046875
92094.08715820312
92035.06274414062
91982.6943359375
91927.07470703125
91873.76513671875
91822.88330078125
91770.46337890625
91721.669921875
91672.36474609375
91622.95751953125
91578.72998046875
91529.82299804688
91481.70434570312
91433.33251953125
91381.1943359375
91342.50415039062
91298.2568359375
91257.91430664062
91218.61254882812
91178.45678710938
91138.98779296875
91103.70336914062
91067.07763671875
91031.87890625
90999.64111328125
90965.02685546875
90932.58666992188
90901.662109375
90853.35205078125
90803.974609375
90767.39990234375
