cost:	
781417.9873046875
290500.7470703125
172818.982421875
114953.62158203125
95730.89599609375
86057.57958984375
80995.14916992188
77043.62377929688
73471.77734375
70268.18896484375
67476.78686523438
64671.54931640625
62033.091552734375
59567.743896484375
57132.28076171875
54875.30029296875
52571.865478515625
50403.128662109375
48354.386962890625
46435.13427734375
44543.60107421875
42721.900634765625
40989.32385253906
39325.16882324219
37806.72619628906
36278.95263671875
34881.42883300781
33524.3876953125
32234.96240234375
30970.513916015625
29769.539428710938
28681.75634765625
27577.75048828125
26586.18701171875
25605.161376953125
24697.111572265625
23789.046752929688
22874.77960205078
22129.383422851562
21325.5927734375
20485.22137451172
19727.34686279297
19029.854370117188
18353.077758789062
17728.373291015625
17078.50323486328
16512.81573486328
15915.466979980469
15412.353393554688
14879.054260253906
14386.417358398438
13921.454040527344
13504.753845214844
13039.974304199219
12620.499053955078
12197.602294921875
11828.967651367188
11466.983276367188
11104.932556152344
10774.082550048828
10443.791107177734
10130.766235351562
9823.383850097656
9524.805908203125
9270.343139648438
9033.395294189453
8769.904876708984
8554.027160644531
8303.870391845703
8134.315002441406
7958.28076171875
7945.841125488281
7871.316070556641
7643.920593261719
7412.268646240234
7105.231109619141
7167.189361572266
7333.112854003906
7122.839691162109
7029.954010009766
6610.742614746094
6711.9298095703125
6216.069396972656
6210.796905517578
5828.854522705078
5758.396423339844
5325.3468017578125
5067.834335327148
4815.578063964844
4666.351577758789
4504.94352722168
4355.735870361328
4213.186660766602
4126.832534790039
4001.0902557373047
3896.423583984375
3783.3018798828125
3670.3650665283203
3577.2096099853516
3477.187042236328
3393.1705474853516
3305.0318450927734
3226.564437866211
3161.7996368408203
3086.2938079833984
3033.6900024414062
2999.5129165649414
3013.203514099121
2937.0658569335938
3085.036849975586
3022.806686401367
2948.7386779785156
2899.934989929199
2875.082176208496
2779.0948333740234
2694.568557739258
2576.504409790039
2486.4279022216797
2375.738967895508
2273.6141204833984
2236.192237854004
2214.422821044922
2128.6258087158203
2088.200126647949
2019.9904708862305
1975.7805786132812
1938.002182006836
1911.8062057495117
1852.242805480957
1813.9094619750977
1767.5055313110352
1732.197509765625
1704.1517868041992
1652.9369506835938
1630.0084381103516
1621.7004852294922
1595.4838562011719
1576.8035507202148
1632.1338729858398
1682.4218521118164
1796.5445709228516
2041.879005432129
2070.147506713867
1978.4739570617676
1885.1452102661133
1799.8657150268555
1999.054054260254
2046.715217590332
1913.1652603149414
1768.8352813720703
1593.5331649780273
1468.621696472168
1379.9873504638672
1328.5987739562988
1327.8569374084473
1341.8117446899414
1362.923095703125
1448.7100448608398
1421.474380493164
1419.102695465088
1456.898738861084
1350.8750953674316
1223.0795097351074
1182.0948524475098
1132.9120254516602
1083.9823684692383
1104.6179542541504
1114.2953491210938
1219.6977157592773
1224.958080291748
1205.9258651733398
1169.9911270141602
1148.7201309204102
1148.8801727294922
1163.594394683838
1160.912467956543
1102.769432067871
1062.972640991211
997.8545875549316
931.1303520202637
927.7556571960449
998.3694725036621
943.1134757995605
884.1306171417236
889.7906951904297
834.5891494750977
780.3272323608398
755.7592620849609
753.4401206970215
717.6599617004395
708.9120769500732
733.3979530334473
745.3530921936035
753.1478900909424
818.0238342285156
787.6386566162109
833.164119720459
850.909065246582
880.159740447998
860.4412040710449
801.1250839233398
772.4494934082031
847.088809967041
819.5623207092285
831.4602928161621
790.591386795044
780.1019973754883
696.4550762176514
649.7160682678223
619.9491176605225
630.0887050628662
622.0697803497314
569.1370811462402
614.3243522644043
612.6685619354248
560.9804916381836
536.6001052856445
520.0260906219482
554.6204223632812
563.9936752319336
578.3670921325684
556.9945049285889
530.2307987213135
571.3033332824707
533.0502853393555
520.5373916625977
547.8190956115723
589.4536418914795
591.2700271606445
649.493293762207
802.7665405273438
986.400951385498
1055.7158699035645
968.4152488708496
907.9374809265137
861.8778858184814
781.6938953399658
820.4167251586914
846.6947402954102
826.6903915405273
874.553108215332
955.099178314209
1084.6016273498535
1140.3739051818848
1169.3035736083984
1239.9555130004883
1154.455665588379
1108.3985233306885
978.6613655090332
1013.460750579834
909.6459083557129
906.9707107543945
1066.627540588379
858.4954490661621
830.9826278686523
697.3953456878662
637.8486156463623
560.5921249389648
534.4002809524536
587.8885746002197
604.4405250549316
575.9506225585938
587.0457763671875
516.9880599975586
503.6621437072754
445.55750274658203
433.4083423614502
436.9968042373657
439.8671989440918
415.3657817840576
420.0700845718384
423.5398540496826
371.5076265335083
408.0697441101074
419.0730981826782
420.5744876861572
444.92651557922363
432.0557270050049
444.7959041595459
438.3823652267456
459.23634338378906
431.6734161376953
391.9753189086914
371.4885597229004
371.40398597717285
352.80830478668213
376.01645851135254
462.75861740112305
537.6897201538086
564.7998447418213
536.4689540863037
566.585090637207
656.5088787078857
778.5693130493164
835.5334129333496
912.1072425842285
884.5199165344238
1025.911111831665
960.5752849578857
1011.5272598266602
1102.5320434570312
1096.2591857910156
1102.5889205932617
1102.816307067871
990.2907218933105
904.5752754211426
878.6817092895508
806.9246520996094
768.891357421875
789.0590438842773
833.9682197570801
937.4524307250977
1002.6857719421387
1170.1843338012695
1127.0519409179688
1349.7569046020508
1496.6682205200195
1329.6057395935059
1040.8832359313965
864.6985015869141
749.9905891418457
628.6676769256592
556.1755981445312
452.6352605819702
466.2969665527344
419.9582862854004
425.0637016296387
385.65482234954834
344.17149448394775
327.67062187194824
294.38032722473145
261.7680358886719
253.13626289367676
246.29477405548096
212.9358024597168
207.130859375
184.18439435958862
180.71580171585083
166.89605808258057
155.7398190498352
148.33277654647827
162.5199213027954
165.0468692779541
177.13899326324463
200.625394821167
191.88518047332764
175.96404457092285
189.8098268508911
217.64758777618408
272.4200258255005
246.97342491149902
240.78023147583008
239.43103408813477
249.4296317100525
261.37119579315186
234.40171909332275
230.2091178894043
233.7693920135498
244.9599084854126
261.000638961792
266.93802547454834
257.0689182281494
293.39387702941895
330.35015296936035
340.69562911987305
386.8086929321289
453.80261039733887
494.11651611328125
590.5494918823242
636.1656875610352
606.3255615234375
692.2398910522461
657.7050971984863
674.5086517333984
719.2012786865234
787.4836578369141
852.3575401306152
836.6108016967773
766.8614311218262
710.2711982727051
770.4975967407227
838.1316890716553
976.3645858764648
946.9302368164062
996.92919921875
850.0723304748535
1112.9673404693604
860.1198139190674
907.2206344604492
820.9776039123535
759.2633571624756
706.7200717926025
729.4726314544678
663.9094371795654
649.8897514343262
688.8157844543457
772.9970245361328
809.0489253997803
865.1644248962402
868.4135551452637
