cost:	
630569.4453125
178953.5126953125
119291.2861328125
108245.21826171875
99212.39599609375
96285.88134765625
94090.80224609375
92849.64794921875
91147.91064453125
89663.27001953125
88396.677734375
86573.84765625
84755.4755859375
82847.01416015625
81213.2099609375
79462.41796875
77483.58837890625
75788.240234375
74026.62353515625
72456.55029296875
70629.25390625
69084.78515625
67361.45068359375
65767.76904296875
64326.9306640625
62615.956298828125
61174.925537109375
59705.708984375
58168.35546875
56772.630859375
55393.04638671875
53998.20703125
52645.157958984375
51375.59033203125
50002.61181640625
48697.4375
47333.91015625
46119.8828125
44923.332763671875
43714.954345703125
42519.99755859375
41341.213623046875
40193.46875
39135.0146484375
38086.36767578125
37033.531005859375
36056.2060546875
35039.47912597656
34085.692138671875
33202.77062988281
32276.115600585938
31426.399780273438
30642.912841796875
29875.122924804688
29141.830444335938
28465.167114257812
27773.72705078125
27090.775146484375
26433.759399414062
25836.54248046875
25246.021484375
24704.649658203125
24143.574462890625
23631.393188476562
23131.788818359375
22662.131958007812
22191.602294921875
21736.9599609375
21313.612915039062
20924.200439453125
20502.575805664062
20148.059936523438
19775.959228515625
19404.193603515625
19047.84228515625
18750.131225585938
18428.035522460938
18159.79150390625
17879.146606445312
17597.03564453125
17325.177001953125
17091.65283203125
16861.086791992188
16640.531127929688
16404.461547851562
16190.479248046875
15986.297241210938
15784.306396484375
15588.094604492188
15400.73193359375
15232.302490234375
15059.70751953125
14906.997802734375
14725.770751953125
14565.348876953125
14423.05517578125
14273.430541992188
14145.836547851562
14023.930786132812
13887.911254882812
13759.770751953125
13633.258911132812
13553.573608398438
13449.85693359375
13347.392211914062
13267.746704101562
13143.761474609375
13029.445678710938
12949.08984375
12863.5458984375
12824.0703125
12821.536499023438
12728.14404296875
12619.234252929688
12552.270751953125
12475.945556640625
12386.609008789062
12356.290283203125
12320.021118164062
12173.863647460938
12104.31494140625
12017.679565429688
11924.330810546875
11843.115600585938
11788.723388671875
11724.337646484375
11689.669921875
11643.462646484375
11567.940979003906
11523.501342773438
11463.224853515625
11404.743896484375
11355.824951171875
11317.568115234375
11252.433349609375
11227.950561523438
11210.144104003906
11153.755859375
11102.714660644531
11050.065490722656
11007.830749511719
10964.811584472656
10928.654968261719
10900.3876953125
10858.940246582031
10822.80908203125
10783.845886230469
10766.549438476562
10717.72607421875
10670.683166503906
10631.572021484375
10621.656799316406
10592.864440917969
10590.56884765625
10585.831848144531
10573.852783203125
10554.681396484375
10525.620910644531
10487.120178222656
10423.754211425781
10377.841796875
10340.494018554688
10353.770324707031
10378.096862792969
10518.622680664062
10593.823852539062
10464.39501953125
10444.268798828125
10351.52783203125
10340.179138183594
10602.585083007812
10686.267272949219
10518.771911621094
10508.512573242188
10511.889099121094
10339.857482910156
10192.074890136719
10124.892944335938
10060.617919921875
10000.10009765625
9972.818359375
9937.807312011719
9912.75390625
9884.062072753906
9876.427062988281
9865.436767578125
9837.507934570312
9804.34619140625
9827.552978515625
9813.767456054688
9826.947204589844
9793.579650878906
9782.721008300781
9772.25341796875
9737.636535644531
9712.353515625
9733.821166992188
9714.703186035156
9669.190368652344
9653.631530761719
9626.664306640625
9622.153381347656
9593.30078125
9593.834289550781
9599.583435058594
9567.231140136719
9550.227111816406
9535.942565917969
9519.127685546875
9507.304077148438
9494.028259277344
9467.857482910156
9477.48876953125
9463.434692382812
9446.8740234375
9443.355712890625
9432.038879394531
9434.530822753906
9432.169128417969
9444.58154296875
9471.461730957031
9430.561645507812
9463.029663085938
9454.482971191406
9426.554931640625
9417.653930664062
9370.401550292969
9355.621643066406
9361.932800292969
9415.183349609375
9514.007507324219
9478.242309570312
9573.152160644531
9956.800537109375
9881.922241210938
9731.090759277344
9697.85546875
9589.783264160156
9524.415405273438
9547.424926757812
9524.947937011719
9531.572509765625
9482.414978027344
9401.212219238281
9395.4208984375
9367.979187011719
9292.525817871094
9254.043579101562
9251.663635253906
9341.127502441406
9353.195617675781
9296.288879394531
9304.369567871094
9234.081726074219
9175.580444335938
9170.784851074219
9185.695373535156
9113.731872558594
9148.910583496094
9150.489440917969
9149.243957519531
9100.490783691406
9086.249633789062
9050.996276855469
9059.820739746094
9036.299865722656
9024.084655761719
9014.697082519531
8997.613708496094
8981.770812988281
8978.326171875
8990.260864257812
8996.529296875
8983.245361328125
9016.535583496094
9006.152709960938
9015.196166992188
9011.309509277344
8968.037963867188
8961.337768554688
8958.255126953125
8954.019165039062
8949.812805175781
8933.7998046875
8938.326782226562
8946.451721191406
8958.037048339844
8924.422241210938
8895.769165039062
8883.985717773438
8876.429382324219
8876.291564941406
8859.966735839844
8886.03662109375
8924.449584960938
9023.684875488281
9080.721618652344
9075.54248046875
9084.628356933594
9333.742309570312
9813.574096679688
9798.277709960938
10043.602600097656
9948.446899414062
9967.161315917969
9715.704650878906
9385.735656738281
9211.080871582031
9058.473693847656
9053.365051269531
8998.120727539062
8928.493041992188
8872.598510742188
8821.042419433594
8802.802612304688
8781.020874023438
8749.44677734375
8742.490051269531
8724.819885253906
8724.895812988281
8717.56787109375
8711.165161132812
8695.345031738281
8698.302185058594
8707.081176757812
8706.203491210938
8703.251159667969
8688.935302734375
8699.521179199219
8682.463806152344
8701.635192871094
8693.690185546875
8701.056823730469
8678.083312988281
8682.184875488281
8691.628723144531
8702.555358886719
8718.168579101562
8720.702209472656
8686.913513183594
8665.569152832031
8673.351257324219
8688.4931640625
8712.317810058594
8687.668090820312
8666.283874511719
8689.571838378906
8701.964538574219
8734.229125976562
8738.8330078125
8731.316833496094
8750.1767578125
8879.881591796875
9179.604431152344
9183.812194824219
9160.536193847656
9054.386047363281
8976.119384765625
8865.460021972656
8786.697937011719
8720.784301757812
8660.993041992188
8647.653137207031
8629.850280761719
8600.980590820312
8603.572021484375
8607.867431640625
8600.231140136719
8587.902526855469
8576.263610839844
8579.025390625
8563.029968261719
8572.480773925781
8551.855224609375
8554.261657714844
8562.082336425781
8552.889892578125
8546.747436523438
8548.629028320312
8559.5126953125
8557.652648925781
8570.485473632812
8561.926147460938
8576.180053710938
8595.36865234375
8608.586486816406
8591.052429199219
8608.153015136719
8660.405822753906
8684.443054199219
8720.074584960938
8808.78857421875
8767.620910644531
8669.665771484375
8666.627868652344
8671.331115722656
8812.299194335938
8913.91943359375
9006.644958496094
9020.108459472656
