cost:	
689401.4453125
150386.41064453125
125399.1357421875
102454.0859375
95861.21875
93312.06103515625
91547.1611328125
90385.869140625
89072.1787109375
88235.060546875
87529.57885742188
86345.439453125
85164.71337890625
83961.43188476562
82902.296875
81737.05322265625
80341.33911132812
79369.92993164062
77955.17919921875
76683.49609375
75410.85791015625
74226.58325195312
72771.14526367188
71350.34350585938
70227.96630859375
68873.47875976562
67795.0126953125
66416.50170898438
65368.23193359375
64047.39453125
62958.51611328125
61865.792724609375
60550.851806640625
59406.20703125
58350.158447265625
57182.5537109375
56012.051513671875
54923.686279296875
53915.126220703125
52757.44140625
51703.202880859375
50509.13525390625
49485.77331542969
48483.15966796875
47332.185302734375
46315.72033691406
45192.98669433594
44133.041015625
43167.07849121094
42148.8056640625
41027.98547363281
40042.85705566406
39126.73815917969
38082.97229003906
37213.36608886719
36350.96044921875
35397.59753417969
34500.30126953125
33599.08337402344
32678.240478515625
31738.688354492188
30815.427978515625
30083.745239257812
29226.565795898438
28393.972778320312
27671.275268554688
26848.77880859375
26044.129272460938
25340.09228515625
24552.392333984375
23841.497680664062
23111.251953125
22449.5478515625
21752.582153320312
21086.88037109375
20470.715759277344
19820.067932128906
19214.674926757812
18607.539672851562
18005.44482421875
17431.671325683594
16861.95556640625
16314.262939453125
15791.935668945312
15305.4541015625
14802.603454589844
14301.261596679688
13857.958435058594
13387.26171875
12951.289611816406
12527.148681640625
12115.717315673828
11703.274658203125
11292.868133544922
10905.476013183594
10552.309936523438
10180.033569335938
9845.220977783203
9489.021789550781
9171.695068359375
8866.53793334961
8578.823791503906
8291.562316894531
8012.443359375
7737.036529541016
7481.374938964844
7223.537689208984
6993.429733276367
6758.885192871094
6530.436065673828
6327.766738891602
6105.295928955078
5900.3031005859375
5692.035308837891
5491.383758544922
5305.095947265625
5136.351501464844
4960.15788269043
4797.417922973633
4620.3095703125
4463.889556884766
4305.354507446289
4168.800109863281
4035.922653198242
3905.1627655029297
3817.615234375
3625.8616638183594
3505.247314453125
3373.078109741211
3257.9839782714844
3149.9733276367188
3038.0225677490234
2940.0909881591797
2834.1589965820312
2736.8218536376953
2646.7478637695312
2553.36083984375
2471.483070373535
2376.8877716064453
2297.4412536621094
2220.619499206543
2154.863006591797
2073.6358642578125
1995.952537536621
1924.8464279174805
1853.6759643554688
1794.8380889892578
1730.9598388671875
1675.3401794433594
1624.0026397705078
1573.6097717285156
1517.2278671264648
1461.0840377807617
1404.7331008911133
1353.4405632019043
1307.0021781921387
1259.3664054870605
1222.0864372253418
1184.4823913574219
1150.1743545532227
1106.4938507080078
1074.2880821228027
1043.2488555908203
1016.5376968383789
990.369556427002
957.1904602050781
915.0963745117188
881.5428466796875
851.461669921875
824.0602035522461
799.1794509887695
781.1332588195801
747.3850402832031
723.5243530273438
698.2378349304199
680.9375038146973
651.6588134765625
631.1839828491211
612.5429668426514
599.5179634094238
583.2121124267578
562.3842887878418
548.1938323974609
525.5670890808105
507.0511779785156
491.07088470458984
478.57973289489746
467.90606689453125
453.13455963134766
440.2326889038086
428.2631435394287
418.4674587249756
406.7363166809082
389.42380142211914
397.2144088745117
364.29822158813477
365.2983283996582
353.32176208496094
345.6346273422241
341.3142395019531
346.9116916656494
325.87414169311523
305.25866889953613
300.78036880493164
297.3802947998047
285.4872760772705
274.83380603790283
265.11247062683105
258.9814519882202
251.8951873779297
244.56331253051758
251.87891960144043
235.15753936767578
232.32483291625977
226.27918434143066
222.4483823776245
221.42905807495117
208.52544593811035
201.5132350921631
196.42720127105713
192.83636474609375
197.16549396514893
188.11640644073486
188.45496082305908
176.39601230621338
165.49501609802246
164.66230297088623
167.51758575439453
162.75723552703857
165.04381656646729
168.80688381195068
174.7515344619751
163.43122005462646
159.36318969726562
160.32839488983154
146.71467781066895
163.09952545166016
145.17641925811768
141.1675682067871
138.56433153152466
135.69404220581055
134.9098358154297
145.05285739898682
133.88801383972168
143.20723247528076
138.1833896636963
148.44909858703613
148.6493158340454
157.1525363922119
168.63295459747314
163.5102825164795
151.94915676116943
144.37719917297363
129.9216775894165
121.58637714385986
112.18532180786133
112.53829765319824
110.83374404907227
108.09175109863281
110.83978462219238
112.64901351928711
119.4177885055542
119.16544246673584
122.67448663711548
129.08931493759155
149.4100465774536
157.10201835632324
149.8005509376526
146.56282997131348
134.69555187225342
126.06390619277954
125.26198673248291
119.22039985656738
107.31068515777588
112.17989158630371
116.72989511489868
118.00520324707031
124.68193054199219
133.23634386062622
145.36393547058105
159.831449508667
154.42690086364746
151.83554697036743
139.83228015899658
129.18001079559326
124.66940593719482
118.105712890625
114.17381620407104
112.32247829437256
113.75701904296875
112.09989929199219
124.82641124725342
124.62685298919678
128.512619972229
122.70382118225098
120.74342489242554
115.45370197296143
115.97584867477417
107.829345703125
104.57542848587036
100.93968391418457
108.97614240646362
96.46275281906128
98.85729694366455
107.68343448638916
123.38872909545898
130.9665651321411
124.45015811920166
120.47343158721924
116.98673152923584
114.05547428131104
110.13652276992798
127.91083335876465
143.11934852600098
129.66488313674927
143.4985294342041
127.5046739578247
124.42665243148804
117.03464794158936
111.09010410308838
119.90168857574463
101.02264022827148
101.40479516983032
89.49992561340332
92.32086658477783
85.18321180343628
83.7497205734253
90.65471124649048
97.74800825119019
111.86741495132446
112.94748020172119
120.73724365234375
152.81105136871338
170.7124900817871
157.0530776977539
138.78600025177002
120.83922576904297
110.0806155204773
97.47681474685669
90.83709716796875
87.95721435546875
91.95637559890747
107.6939287185669
124.77705192565918
131.3052453994751
128.97579860687256
124.18540620803833
113.00261211395264
122.00220584869385
124.75325679779053
118.99226188659668
111.22965717315674
91.29006147384644
85.64513349533081
93.26371717453003
81.07203149795532
78.71310758590698
76.20260000228882
86.30605936050415
77.37448501586914
75.09742307662964
73.76238536834717
77.04252099990845
88.08139991760254
108.6095142364502
112.07889747619629
101.6905574798584
94.51555013656616
87.47094440460205
94.84864854812622
95.21744728088379
99.99286365509033
104.6939926147461
117.9673318862915
135.54893016815186
164.9250087738037
190.19278144836426
211.44463729858398
243.78985404968262
275.9154815673828
241.13475799560547
213.34227752685547
166.78577518463135
134.51029872894287
135.10462379455566
119.71135759353638
128.30482625961304
105.7592363357544
106.70916700363159
108.77010250091553
108.47699403762817
103.54873657226562
86.86651515960693
79.46199893951416
76.0180082321167
83.271005153656
77.08528470993042
75.9767279624939
80.52392053604126
82.38010454177856
