cost:	
594338.9287109375
168245.1689453125
110798.31591796875
101371.26928710938
94189.8330078125
91859.55615234375
89695.8076171875
88174.60693359375
86924.72387695312
85663.98974609375
84468.1376953125
82581.2861328125
80714.7373046875
78870.6220703125
76909.78369140625
75058.2578125
73093.37084960938
71177.88354492188
69173.84252929688
67291.94384765625
65244.20166015625
63536.968017578125
61900.633544921875
60265.544189453125
58601.359619140625
56896.886962890625
55268.992431640625
53684.045166015625
52128.25
50706.37353515625
49000.5166015625
47524.07360839844
45938.3310546875
44342.32470703125
42840.27502441406
41408.56298828125
39898.2021484375
38504.3076171875
37176.581787109375
35717.731201171875
34491.15380859375
33101.901123046875
31847.05615234375
30631.292602539062
29411.384765625
28136.0048828125
26929.638305664062
25874.963745117188
24816.333862304688
23733.684692382812
22740.683471679688
21756.75439453125
20862.152587890625
20005.6943359375
19153.809631347656
18324.575256347656
17496.53564453125
16770.722595214844
16001.278564453125
15338.134765625
14659.219970703125
13993.132019042969
13382.80581665039
12796.024780273438
12231.048156738281
11658.298461914062
11153.343811035156
10654.187316894531
10176.25698852539
9715.017700195312
9275.508514404297
8878.735748291016
8477.829559326172
8107.068389892578
7726.333709716797
7372.777587890625
7044.106384277344
6729.892730712891
6440.5010986328125
6139.317138671875
5858.314117431641
5600.343109130859
5338.29345703125
5097.079132080078
4867.2884521484375
4646.571228027344
4435.674270629883
4242.39599609375
4042.2582244873047
3865.8849487304688
3702.0170135498047
3526.5757904052734
3363.2422637939453
3218.1504974365234
3073.867172241211
2941.4912719726562
2822.0754165649414
2700.359817504883
2565.183395385742
2456.844680786133
2344.503875732422
2246.3015670776367
2162.331871032715
2064.796943664551
1979.1434478759766
1883.1564483642578
1807.0726776123047
1724.741813659668
1657.9820709228516
1587.8958892822266
1521.2108306884766
1461.114818572998
1403.1528930664062
1340.6821975708008
1295.9558792114258
1238.8996467590332
1183.3831405639648
1125.2963409423828
1092.9370422363281
1040.816608428955
994.8858032226562
957.7294883728027
930.2718505859375
891.3433265686035
878.9341583251953
819.5265464782715
787.4817008972168
756.6629180908203
744.5310363769531
712.0947303771973
682.7777328491211
657.8355484008789
622.6821994781494
611.473274230957
588.1384315490723
556.4368076324463
554.7567024230957
528.9307155609131
502.47362518310547
477.8412113189697
461.1108207702637
446.35808753967285
427.1685562133789
403.82229804992676
393.97811698913574
397.4865837097168
390.7338409423828
373.08265686035156
379.0197925567627
354.37454414367676
337.89680671691895
331.96110916137695
321.3091344833374
325.9142150878906
316.65721893310547
313.95152473449707
296.996732711792
289.94333267211914
271.3981122970581
259.5471668243408
258.34321308135986
259.66472244262695
234.0853672027588
219.73997497558594
209.38010215759277
207.1511812210083
211.42975521087646
205.4064769744873
189.69987964630127
188.92620468139648
173.86478519439697
181.94933128356934
171.53838539123535
164.45564937591553
157.1946382522583
151.63758850097656
159.08583736419678
149.77442264556885
151.92846393585205
148.63321018218994
158.04762840270996
160.90496635437012
163.8171615600586
159.28228569030762
150.92989253997803
147.78343105316162
151.56382656097412
146.0918092727661
143.06160640716553
169.11078214645386
151.83373355865479
223.2976589202881
155.6941523551941
167.3304615020752
170.3503999710083
170.13070678710938
177.66149616241455
172.78206825256348
169.28989505767822
174.58819961547852
176.84533500671387
182.66003370285034
154.6224594116211
156.16855716705322
157.9119110107422
155.0835313796997
149.33480548858643
131.5571517944336
122.87103462219238
111.53745365142822
100.63962411880493
108.56709384918213
103.14319229125977
100.92522048950195
100.0448408126831
106.76920938491821
109.87541770935059
100.28063774108887
118.31808423995972
94.70119524002075
94.79271507263184
107.51882934570312
108.26648235321045
100.27551651000977
118.07228708267212
112.24509048461914
134.74563360214233
143.17410230636597
133.92798805236816
129.2434024810791
114.70792770385742
127.70395469665527
115.21674251556396
130.4786148071289
156.00500679016113
194.6046199798584
244.41628551483154
313.0942840576172
396.0150260925293
442.6227569580078
506.84679985046387
543.9069328308105
488.53664207458496
356.08467960357666
284.7931852340698
268.4806213378906
243.45862865447998
213.28489875793457
191.66303157806396
169.82958698272705
177.75345706939697
143.87187337875366
142.87637996673584
121.09519577026367
112.56683492660522
96.17700147628784
83.11744928359985
75.86478424072266
70.0453748703003
64.7622537612915
58.69143056869507
55.38291883468628
55.53404092788696
53.2593195438385
52.42363739013672
61.695807456970215
49.62773275375366
53.52492380142212
53.774542570114136
52.13627910614014
54.16965675354004
65.02945280075073
59.228384256362915
53.37818884849548
52.526326179504395
53.76671886444092
62.59871435165405
55.24365758895874
55.05892562866211
55.29486799240112
72.53317260742188
82.97407245635986
74.49161767959595
68.7936692237854
62.2826132774353
71.8231897354126
80.24230194091797
75.9682674407959
82.66340684890747
99.24334764480591
94.33608531951904
85.65322875976562
92.5269603729248
80.15654039382935
82.44916868209839
73.05245876312256
68.7245922088623
74.05521297454834
62.79644465446472
68.94786739349365
69.43769025802612
68.50721836090088
73.24871683120728
76.66914415359497
77.32895278930664
74.71754026412964
77.81791114807129
83.24667930603027
92.513991355896
110.94707012176514
97.59240055084229
109.43274140357971
134.2921018600464
143.19125938415527
183.4330005645752
126.6873893737793
132.10628080368042
114.33699989318848
116.0190486907959
150.77199172973633
145.4490442276001
182.2445182800293
137.27533149719238
169.74875783920288
168.8321566581726
174.2259111404419
187.29999446868896
189.0407247543335
181.38058280944824
173.5829954147339
172.60741806030273
153.80797576904297
139.18374586105347
157.46589851379395
150.9428219795227
135.98618841171265
125.84387826919556
151.8487901687622
139.7598443031311
141.92716693878174
144.00614595413208
124.88301753997803
131.87268495559692
137.0435676574707
136.61564922332764
124.21360969543457
120.13930320739746
117.79551410675049
125.29929447174072
122.56660270690918
131.47372817993164
143.43457317352295
136.67890644073486
168.2462763786316
127.90621566772461
139.67094707489014
105.14971733093262
105.22334575653076
109.21364736557007
110.19439840316772
112.83022832870483
115.4644889831543
115.7313461303711
102.19893455505371
91.95949268341064
90.08979320526123
86.33782386779785
82.40591859817505
91.4507474899292
108.74479246139526
119.80733966827393
118.8865795135498
103.87167263031006
109.69173765182495
105.29361152648926
107.2130389213562
110.53018188476562
113.32578182220459
116.90832424163818
126.39817810058594
149.62189960479736
185.91278266906738
189.3996057510376
179.20505332946777
193.47824954986572
229.32430171966553
245.41428756713867
268.20278453826904
304.96432304382324
288.19073963165283
298.17638397216797
280.64716625213623
286.63084411621094
283.1044282913208
295.4707832336426
301.9909610748291
324.5420389175415
305.20277214050293
297.07725715637207
267.94573974609375
