cost:	
1230319.796875
1217977.78515625
1205603.15625
1193236.33984375
1180595.41796875
1168197.890625
1155799.39453125
1143587.81640625
1131878.43359375
1119970.01953125
1108589.80078125
1097263.1484375
1085892.3515625
1074836.69140625
1063974.25390625
1053087.828125
1042267.125
1031754.59765625
1021248.67578125
1010952.771484375
1000521.03125
990412.546875
980241.6015625
970265.66015625
960444.50390625
950636.75390625
940756.7109375
931236.11328125
921689.421875
912179.41796875
903013.01171875
893562.484375
884476.45703125
875279.640625
866279.05859375
857364.0703125
848456.2890625
839698.90234375
830920.13671875
822514.70703125
813779.078125
805439.1484375
796976.51953125
788673.6171875
780483.01171875
772363.189453125
764317.4765625
756194.19140625
748327.53515625
740443.92578125
732818.87109375
725481.658203125
717992.6171875
710748.81640625
703624.751953125
696422.755859375
689353.6171875
682358.171875
675380.25
668526.42578125
661639.078125
655019.333984375
648160.416015625
641524.384765625
634980.796875
628474.056640625
621936.83984375
615650.814453125
609249.62109375
602967.3984375
596701.607421875
590536.0625
584481.69140625
578379.783203125
572415.564453125
566467.861328125
560619.25390625
554684.982421875
548982.009765625
543283.474609375
537581.080078125
532005.546875
526447.14453125
520852.0859375
515496.609375
509975.01171875
504702.478515625
499301.287109375
494032.482421875
488687.37109375
483498.912109375
478339.796875
473091.623046875
468042.94140625
462952.091796875
458027.419921875
453097.697265625
448197.7421875
443364.2841796875
438558.794921875
433932.501953125
429498.2978515625
424998.44140625
420659.92578125
416278.896484375
411994.228515625
407705.826171875
403561.103515625
399357.861328125
395190.486328125
391142.595703125
387057.576171875
383117.64453125
379175.359375
375268.982421875
371337.306640625
367608.14453125
363774.357421875
359973.41015625
356334.962890625
352636.12109375
349015.380859375
345417.33984375
341882.6884765625
338382.134765625
334923.021484375
331468.3623046875
328072.99609375
324716.6953125
321392.615234375
318136.126953125
314876.2666015625
311641.9609375
308483.697265625
305374.134765625
302264.8056640625
299199.9443359375
296126.28125
293156.365234375
290203.44140625
287265.42578125
284373.8037109375
281527.8271484375
278690.4208984375
275862.9384765625
273117.9287109375
270419.8046875
267701.740234375
265021.134765625
262403.9921875
259833.5234375
257369.935546875
254934.7421875
252514.71875
250104.2197265625
247785.30908203125
245441.4326171875
243141.62890625
240863.951171875
238602.2880859375
236392.6640625
234202.2158203125
232021.1396484375
229845.08203125
227762.943359375
225642.220703125
223588.0390625
221544.2177734375
219510.1953125
217533.5234375
215564.33984375
213610.1142578125
211679.7275390625
209796.4853515625
207881.787109375
206046.904296875
204233.443359375
202407.798828125
200650.7421875
198858.4658203125
197155.5029296875
195399.05078125
193717.7197265625
192067.38037109375
190401.1494140625
188756.9013671875
187148.0390625
185576.17333984375
183987.9072265625
182457.7822265625
180931.5634765625
179421.7353515625
177929.142578125
176463.8095703125
175008.98583984375
173608.6875
172204.46484375
170785.95654296875
169418.9970703125
168077.791015625
166755.1962890625
165504.75927734375
164252.869140625
163033.72412109375
161807.056640625
160630.6484375
159438.384765625
158268.13720703125
157110.4833984375
155993.17822265625
154864.931640625
153778.54296875
152669.435546875
151605.63232421875
150548.4169921875
149505.58642578125
148476.095703125
147454.71630859375
146451.47607421875
145457.94384765625
144501.7978515625
143528.73974609375
142586.31689453125
141667.73046875
140741.43212890625
139841.4794921875
138946.18115234375
138067.1171875
137199.4541015625
136353.73974609375
135508.12158203125
134677.2109375
133865.78564453125
133068.0927734375
132260.7890625
131498.62158203125
130716.8203125
129957.0947265625
129232.63330078125
128490.33935546875
127771.955078125
127061.91552734375
126360.0556640625
125669.9052734375
124997.75244140625
124326.9453125
123664.2919921875
123036.51708984375
122379.70068359375
121765.57666015625
121165.171875
120574.548828125
119999.47900390625
119437.4814453125
118881.623046875
118333.23779296875
117800.794921875
117275.05126953125
116746.2431640625
116234.56640625
115727.978515625
115242.8427734375
114748.21826171875
114266.88525390625
113793.11474609375
113326.14501953125
112868.771484375
112424.68359375
111979.6513671875
111537.923828125
111121.85595703125
110689.3984375
110271.013671875
109866.05419921875
109462.7998046875
109068.82861328125
108685.7998046875
108304.3427734375
107928.37109375
107557.65698242188
107197.6005859375
106842.01318359375
106488.78173828125
106146.27197265625
105810.98388671875
105474.24560546875
105152.4150390625
104823.96752929688
104490.79736328125
104180.90185546875
103879.80834960938
103582.2041015625
103287.29248046875
102991.09033203125
102721.9658203125
102438.263671875
102169.52001953125
101907.08544921875
101643.0439453125
101387.7822265625
101132.84912109375
100902.30615234375
100670.943359375
100443.814453125
100215.541015625
99997.5068359375
99785.98388671875
99567.947265625
99357.69287109375
99159.068359375
98952.47509765625
98762.06640625
98569.822265625
98381.91357421875
98190.603515625
98012.26953125
97832.654296875
97654.29296875
97481.92724609375
97314.9951171875
97154.2294921875
96983.65087890625
96830.037109375
96673.05737304688
96519.125
96363.49340820312
96211.8310546875
96065.98046875
95920.2900390625
95778.61499023438
95641.72265625
95509.18920898438
95380.310546875
95250.95849609375
95128.22314453125
95001.017578125
94879.0615234375
94767.73046875
94646.86865234375
94534.6982421875
94426.4990234375
94314.64501953125
94210.4365234375
94110.14868164062
94007.8046875
93909.25
93811.03784179688
93716.79833984375
93623.3056640625
93534.63891601562
93444.02490234375
93362.77294921875
93278.18310546875
93199.3876953125
93123.45703125
93044.90625
92972.4580078125
92895.44140625
92825.25659179688
92757.3662109375
92683.68212890625
92619.55883789062
92550.732421875
92487.91821289062
92423.2734375
92359.35400390625
92302.07275390625
92240.6953125
92181.001953125
92122.28735351562
92065.4130859375
92012.91479492188
91956.05224609375
91902.5302734375
91855.33422851562
91799.2529296875
91749.45849609375
91702.67138671875
91652.03955078125
91606.1396484375
91559.67578125
91517.48876953125
91474.0126953125
91431.65869140625
91392.03125
91349.30151367188
91312.14721679688
91277.1025390625
91236.8232421875
91199.55712890625
91165.658203125
91129.52734375
91095.19311523438
91062.24438476562
91029.81323242188
90999.373046875
90966.57080078125
90934.609375
90898.86767578125
90868.20629882812
