cost:	
781951.0986328125
153270.4150390625
139830.41943359375
103930.0634765625
98707.8974609375
94548.67333984375
93213.337890625
92346.9423828125
91836.29541015625
91292.36767578125
90738.244140625
90174.58862304688
89627.0263671875
88922.7568359375
88297.46630859375
87679.6962890625
86714.74609375
85746.12133789062
84930.1025390625
83846.29565429688
82919.71533203125
81973.568359375
80741.76049804688
79922.4013671875
78747.81860351562
77734.97900390625
76712.56103515625
75676.4013671875
74771.81909179688
73543.65771484375
72567.33715820312
71673.96240234375
70641.0625
69863.08642578125
68761.30688476562
67983.24291992188
67025.25244140625
66243.8037109375
65327.60400390625
64406.1796875
63640.1591796875
62670.571533203125
61839.502685546875
61037.052001953125
60212.978515625
59427.19873046875
58700.045166015625
57885.458251953125
57071.70556640625
56244.4228515625
55347.44921875
54585.54602050781
53861.214599609375
53195.40625
52468.561767578125
51625.43115234375
50930.3974609375
50145.71484375
49374.482421875
48638.017578125
47874.64318847656
47100.66162109375
46481.8544921875
45677.22900390625
44883.4951171875
44203.474609375
43505.261474609375
42738.03125
42046.24853515625
41363.346435546875
40706.157470703125
40026.962890625
39280.85925292969
38606.739013671875
37891.699462890625
37217.5224609375
36537.581787109375
35794.25
35208.10693359375
34540.79260253906
33888.33752441406
33232.026611328125
32619.17333984375
31993.201904296875
31405.869140625
30834.167358398438
30227.071044921875
29598.626831054688
29025.442016601562
28460.40771484375
27827.28955078125
27285.9677734375
26730.10791015625
26163.927001953125
25630.238525390625
25146.725463867188
24619.203369140625
24158.8212890625
23624.59375
23081.335083007812
22637.473510742188
22166.523193359375
21722.109313964844
21252.774169921875
20789.261474609375
20354.91796875
19947.125366210938
19551.15020751953
19134.771545410156
18715.948486328125
18327.57049560547
17915.966674804688
17573.480407714844
17212.281372070312
16826.99334716797
16436.89453125
16104.204711914062
15791.793701171875
15449.854125976562
15128.298583984375
14804.83349609375
14478.387084960938
14175.707763671875
13874.10693359375
13586.945190429688
13289.481201171875
12996.875793457031
12706.236328125
12439.866760253906
12164.958374023438
11908.477600097656
11665.555236816406
11422.248168945312
11184.769958496094
10961.18212890625
10747.080627441406
10511.859069824219
10295.167541503906
10098.444458007812
9884.592102050781
9673.618896484375
9481.644958496094
9291.93539428711
9093.163940429688
8921.835815429688
8748.952026367188
8576.168212890625
8386.432189941406
8232.165466308594
8064.882263183594
7916.3607177734375
7754.0081787109375
7604.936309814453
7451.1436767578125
7306.9256591796875
7167.0841064453125
7046.213439941406
6921.576416015625
6795.922668457031
6691.606628417969
6569.328094482422
6457.2349853515625
6337.190673828125
6241.6573486328125
6119.4385986328125
5999.518249511719
5890.966888427734
5789.423889160156
5686.852874755859
5592.303039550781
5513.6715087890625
5427.115570068359
5336.071868896484
5255.2620849609375
5167.633758544922
5086.970794677734
5004.408874511719
4928.347473144531
4852.7010498046875
4789.401824951172
4733.858154296875
4666.229431152344
4592.422424316406
4519.519714355469
4441.417175292969
4374.520416259766
4310.776580810547
4248.068328857422
4196.527252197266
4138.5904541015625
4098.829071044922
4060.2401123046875
4006.8905029296875
3966.5150756835938
3902.8902587890625
3849.3240356445312
3797.2367553710938
3751.4440002441406
3701.9395141601562
3640.6823120117188
3611.0018920898438
3555.6180267333984
3557.123992919922
3479.2156677246094
3464.7073669433594
3438.50732421875
3404.265670776367
3357.1146850585938
3357.4369201660156
3256.515396118164
3235.3255615234375
3178.1739044189453
3160.0813598632812
3131.6834564208984
3096.2578125
3067.9243774414062
3021.416000366211
2994.5185546875
2968.6765747070312
2951.711380004883
2927.7678985595703
2904.97265625
2888.314208984375
2870.4961547851562
2863.3084716796875
2851.608200073242
2813.4689025878906
2790.5374755859375
2765.22021484375
2746.9437255859375
2724.5790252685547
2706.3346557617188
2687.719024658203
2647.5428924560547
2619.151397705078
2611.4484252929688
2596.3881072998047
2579.166305541992
2564.613296508789
2540.661651611328
2521.901107788086
2510.3975219726562
2498.5235900878906
2481.867462158203
2464.6732025146484
2451.6201171875
2442.035430908203
2434.1661071777344
2420.7013092041016
2408.1056365966797
2392.8497924804688
2371.585708618164
2355.048095703125
2360.1014404296875
2326.2611236572266
2349.6204376220703
2312.4910583496094
2321.3499908447266
2304.514114379883
2292.139175415039
2293.0708770751953
2302.8216094970703
2271.9561920166016
2258.1925048828125
2249.927490234375
2234.2748107910156
2221.1856384277344
2223.218704223633
2210.6717681884766
2192.8771057128906
2169.9431762695312
2162.7618713378906
2157.975326538086
2146.7842712402344
2132.591064453125
2119.0423126220703
2106.8778533935547
2095.499954223633
2084.2518310546875
2074.606918334961
2058.9320220947266
2043.580307006836
2032.7698059082031
2018.137435913086
2010.7214050292969
2004.6875457763672
1995.7836456298828
1989.4901123046875
1986.6806945800781
1989.2976531982422
1995.4810485839844
1995.5570068359375
2036.8169403076172
2059.852996826172
2038.4905090332031
2022.7868041992188
2005.9007568359375
1991.3523254394531
2022.601791381836
2095.012649536133
2155.939437866211
2186.7465057373047
2201.898941040039
2149.443344116211
2067.0123443603516
2003.9593963623047
1958.814193725586
1919.2295989990234
1899.8220825195312
1885.5065002441406
1879.1788024902344
1861.246109008789
1858.1566009521484
1845.2373352050781
1842.324478149414
1833.3632049560547
1825.5455932617188
1821.1788787841797
1816.471206665039
1813.8562469482422
1813.7532806396484
1815.5938415527344
1812.996841430664
1808.735580444336
1805.0059661865234
1800.2079315185547
1801.771484375
1795.2553100585938
1789.1076354980469
1784.4804382324219
1774.0052032470703
1772.4937438964844
1772.7323455810547
1766.6314239501953
1765.4789123535156
1763.1223602294922
1767.7898864746094
1769.6331787109375
1779.7972717285156
1784.1583251953125
1788.635025024414
1788.6993713378906
1797.9749298095703
1820.0694732666016
1831.8702850341797
1866.927963256836
1938.3711395263672
2007.3285217285156
1980.0740203857422
1959.8164367675781
1947.231918334961
1943.8680267333984
1913.641128540039
1846.8665313720703
1817.9008026123047
1785.0932312011719
1753.1648864746094
1731.9792022705078
1715.3352813720703
1704.2461395263672
1697.1919250488281
1686.7480926513672
1683.714859008789
1674.5326690673828
1672.634994506836
1665.6492309570312
1662.903793334961
1657.9176635742188
1655.1693878173828
1650.2594604492188
1648.924072265625
1647.7065887451172
1646.5196075439453
1645.8722076416016
1645.584487915039
1644.5296936035156
1641.2611846923828
1635.581787109375
1631.7696380615234
1628.3574829101562
1627.4496765136719
1625.7418365478516
1623.8441009521484
1623.8016204833984
1628.1294860839844
1637.3943786621094
1642.2537078857422
1644.163558959961
1642.5923156738281
1643.197494506836
1638.0753021240234
1644.4039001464844
1641.3852844238281
1652.0296630859375
1666.5458984375
1683.2245025634766
1685.499526977539
1685.187271118164
1690.2278442382812
1706.1211700439453
