cost:	
1178686.6171875
942491.12109375
722214.451171875
544506.3203125
407130.142578125
306152.7021484375
233986.0810546875
185091.00830078125
151005.22021484375
129337.50732421875
115017.2578125
106206.646484375
100721.7158203125
97413.544921875
95455.52099609375
94250.681640625
93565.599609375
93116.93969726562
92865.44482421875
92711.30810546875
92600.1083984375
92524.4052734375
92480.08520507812
92444.27587890625
92401.400390625
92371.68017578125
92364.64892578125
92341.70751953125
92310.10766601562
92302.79858398438
92283.48095703125
92280.041015625
92254.71435546875
92244.84228515625
92258.58813476562
92233.38134765625
92221.14892578125
92217.12133789062
92204.234375
92201.5654296875
92207.515625
92185.67138671875
92188.19775390625
92169.43603515625
92175.75268554688
92150.03125
92150.70874023438
92140.216796875
92149.37719726562
92132.32080078125
92116.07958984375
92100.560546875
92083.54150390625
92095.44262695312
92076.44458007812
92074.10083007812
92051.7275390625
92046.654296875
92036.69702148438
92019.4345703125
92015.16064453125
91991.99536132812
91967.46020507812
91968.96044921875
91963.5791015625
91936.2119140625
91930.4072265625
91921.70190429688
91908.43676757812
91901.0625
91898.43896484375
91885.66381835938
91868.34106445312
91863.3701171875
91846.1962890625
91842.44848632812
91817.84033203125
91829.69921875
91802.10302734375
91786.61083984375
91794.1884765625
91757.60107421875
91735.17724609375
91731.279296875
91722.59765625
91678.5537109375
91658.9091796875
91634.24072265625
91486.59033203125
91363.65087890625
91098.43994140625
90864.88671875
90597.01416015625
90465.30029296875
90380.09375
90268.37744140625
90181.4365234375
90099.513671875
90033.4931640625
89919.068359375
89812.76806640625
89723.80517578125
89281.7939453125
89089.84912109375
88838.98876953125
88546.623046875
88357.677734375
88004.91479492188
87736.4208984375
87417.39111328125
86981.3076171875
86585.6787109375
86308.79736328125
86014.93408203125
85706.84008789062
85375.80932617188
85050.44604492188
84863.72631835938
84621.22900390625
84389.8251953125
84185.45776367188
84004.18994140625
83825.94287109375
83603.56079101562
83417.93115234375
83274.78735351562
83093.4677734375
82908.8955078125
82672.89599609375
82425.14526367188
82259.30810546875
82096.6923828125
81925.36767578125
81780.25341796875
81644.32373046875
81514.76513671875
81364.7841796875
81264.25439453125
81124.6943359375
81024.7138671875
80918.85986328125
80810.01806640625
80683.19580078125
80581.63671875
80470.1162109375
80382.732421875
80279.10302734375
80165.00952148438
80061.7451171875
79987.5078125
79857.59252929688
79713.14672851562
79629.4716796875
79449.3193359375
79345.205078125
79252.033203125
79152.92626953125
79049.24438476562
78948.30029296875
78785.91674804688
78690.08764648438
78581.37963867188
78482.73486328125
78331.43041992188
78252.169921875
78142.73559570312
78025.42919921875
77929.865234375
77822.84008789062
77729.94580078125
77628.63427734375
77541.54418945312
77428.98217773438
77323.58203125
77220.17578125
77123.408203125
77010.34326171875
76896.89501953125
76786.32666015625
76671.98046875
76552.50537109375
76423.20483398438
76317.91015625
76206.90966796875
76074.14575195312
75985.72216796875
75872.63696289062
75764.08544921875
75661.474609375
75556.12744140625
75435.80224609375
75328.77734375
75216.54223632812
75078.74658203125
74966.88037109375
74817.99072265625
74700.685546875
74586.62255859375
74502.16040039062
74391.14184570312
74252.09985351562
74151.47265625
74040.96142578125
73960.8125
73850.212890625
73738.0263671875
73623.71655273438
73532.42456054688
73432.02612304688
73344.94873046875
73229.94702148438
73151.1572265625
73045.70141601562
72945.3994140625
72843.85498046875
72761.32666015625
72658.25512695312
72558.9443359375
72493.90795898438
72359.00634765625
72289.4609375
72179.4921875
72081.8330078125
71985.60986328125
71891.6259765625
71792.98583984375
71697.99438476562
71595.8857421875
71474.52026367188
71365.67041015625
71278.28833007812
71177.251953125
71097.970703125
70991.56982421875
70904.77880859375
70819.94995117188
70721.47583007812
70617.01879882812
70517.09619140625
70387.14404296875
70292.3486328125
70183.75366210938
70088.16088867188
69989.10107421875
69892.77905273438
69784.37915039062
69692.81811523438
69582.7275390625
69478.45263671875
69389.70385742188
69272.77319335938
69180.74951171875
69090.58520507812
68983.662109375
68887.47241210938
68801.30249023438
68719.9775390625
68613.48315429688
68529.93994140625
68446.103515625
68342.83154296875
68257.97534179688
68155.72680664062
68081.4130859375
67978.20166015625
67892.34912109375
67796.58618164062
67702.95581054688
67612.6181640625
67520.65869140625
67452.2734375
67363.33203125
67270.91625976562
67168.43798828125
67068.552734375
66988.55078125
66900.66186523438
66817.25903320312
66726.71948242188
66632.60620117188
66533.919921875
66462.53881835938
66381.99072265625
66277.328125
66174.6708984375
66095.28002929688
66005.39501953125
65903.69750976562
65826.90307617188
65732.29907226562
65649.7666015625
65570.52124023438
65468.28857421875
65373.023193359375
65275.2001953125
65207.7607421875
65106.980712890625
65016.595947265625
64934.668212890625
64847.794921875
64762.485107421875
64679.9345703125
64592.311767578125
64514.8544921875
64425.385498046875
64350.51708984375
64258.6572265625
64167.810791015625
64075.898193359375
63999.0078125
63922.485595703125
63850.6337890625
63762.06201171875
63690.5234375
63588.568603515625
63508.896484375
63425.15234375
63334.85693359375
63265.20361328125
63192.86962890625
63097.79931640625
63020.822265625
62936.897216796875
62848.3310546875
62756.86669921875
62676.61328125
62596.5361328125
62518.193603515625
62441.035888671875
62361.90625
62267.49560546875
62214.4404296875
62140.149658203125
62057.895263671875
61966.87109375
61882.72900390625
61839.62109375
61725.9599609375
61657.361328125
61571.408935546875
61483.052001953125
61417.920166015625
61331.552001953125
61253.0751953125
61201.5029296875
61123.254150390625
61039.470458984375
60977.45751953125
60888.23193359375
60806.2626953125
60719.034423828125
60646.605712890625
60572.04150390625
60499.17333984375
60411.224609375
60340.47119140625
60281.47607421875
60203.03662109375
60129.230224609375
60043.81591796875
59976.324951171875
59907.3115234375
59836.83349609375
59769.04931640625
59702.89990234375
59619.718017578125
59555.67529296875
59482.30078125
59419.90380859375
59334.428955078125
59257.2138671875
59194.1396484375
59112.717529296875
59020.57568359375
58959.536376953125
58904.0283203125
58832.41357421875
58759.47509765625
58693.815185546875
58643.18017578125
58581.7783203125
58522.601318359375
58425.88134765625
58348.89208984375
58261.564453125
58192.155517578125
58111.91796875
58031.509521484375
57981.6474609375
57903.533935546875
57829.6044921875
57755.35986328125
57680.30712890625
57614.6357421875
57550.96484375
57457.933349609375
57392.679443359375
57309.240234375
57257.7548828125
57173.998046875
