cost:	
763736.962890625
191239.669921875
171111.74609375
140539.0986328125
133423.2236328125
127605.296875
124506.77734375
121496.16162109375
118729.31982421875
116628.0439453125
114226.634765625
112272.8828125
109970.3896484375
108136.091796875
106126.69970703125
104155.1796875
102207.7890625
100222.79443359375
98588.130859375
96997.0478515625
95284.001953125
93913.9287109375
92378.36328125
91106.60400390625
89789.7353515625
88689.4306640625
87538.7685546875
86131.2001953125
85170.95703125
84253.6640625
83203.68408203125
82250.263671875
81394.03662109375
80559.3134765625
79642.54541015625
78967.46875
78038.10107421875
77238.50927734375
76566.74267578125
75880.22216796875
75256.73583984375
74531.77734375
73851.11572265625
73199.85986328125
72703.44677734375
72178.64111328125
71589.29077148438
71099.630859375
70617.00341796875
70019.728515625
69563.52587890625
69131.79272460938
68633.72412109375
68132.0732421875
67705.20654296875
67291.0693359375
66836.64501953125
66499.513671875
66236.91259765625
66011.90893554688
65564.86962890625
65189.216796875
64924.25146484375
64451.15185546875
64231.982421875
63866.771484375
63549.6015625
63261.3486328125
62975.6591796875
62736.63671875
62490.76953125
62301.3662109375
62037.234375
61832.56689453125
61552.70068359375
61429.0546875
61247.109619140625
60959.09326171875
60733.03466796875
60475.850341796875
60535.41455078125
60581.8974609375
60182.69921875
59959.478515625
59645.43115234375
59442.829833984375
59299.642578125
59131.41552734375
59091.12451171875
58988.03466796875
58744.671875
58557.8056640625
58457.55419921875
58302.849609375
58225.87353515625
58128.4248046875
58019.6630859375
57856.041015625
57775.490234375
57699.02587890625
57502.96337890625
57392.193359375
57371.90234375
57256.125
57261.52734375
57114.326171875
57029.45654296875
56911.0859375
56841.486328125
56718.69482421875
56640.2529296875
56611.09130859375
56491.001953125
56482.80224609375
56379.878173828125
56367.79296875
56314.4248046875
56265.73291015625
56189.0419921875
56013.44384765625
55941.01025390625
55857.244140625
55821.9990234375
55819.87255859375
55717.9892578125
55639.00537109375
55608.99072265625
55603.16650390625
55557.23193359375
55521.176025390625
55446.42578125
55464.58203125
55370.102783203125
55253.423828125
55187.27783203125
55226.42138671875
55195.7666015625
55126.18798828125
55150.43408203125
55215.78369140625
55078.509765625
55006.571044921875
55002.84716796875
54908.961669921875
54822.091796875
54871.384765625
54861.9111328125
54765.4794921875
54736.85400390625
54670.5380859375
54653.56494140625
54797.775390625
54792.93310546875
54737.44970703125
54671.583984375
54452.7548828125
54505.89990234375
54379.15673828125
54391.4453125
54353.4619140625
54301.89892578125
54340.6201171875
54470.15869140625
54413.16552734375
54342.685546875
54211.1376953125
54125.28515625
54156.73974609375
54125.2734375
54081.29296875
54038.801025390625
54013.84912109375
54088.24365234375
54059.0576171875
54025.932861328125
54054.10205078125
53969.4130859375
53993.54150390625
54014.69482421875
53957.27783203125
53955.587890625
53917.982177734375
53834.98046875
53864.327880859375
53791.4873046875
53743.006103515625
53724.31396484375
53739.15234375
53723.51611328125
53784.1875
53800.43408203125
53809.9287109375
53746.626953125
53751.662109375
53685.64306640625
53616.510009765625
53689.838134765625
53716.478515625
53841.07177734375
53731.708984375
53668.52099609375
53548.474609375
53546.57763671875
53606.4375
53546.11767578125
53456.77783203125
53450.450927734375
53406.4873046875
53426.16064453125
53320.40869140625
53368.51025390625
53405.3857421875
53356.631103515625
53329.220458984375
53267.75341796875
53337.487548828125
53429.98681640625
53326.9453125
53417.8525390625
53454.01806640625
53379.99609375
53386.068115234375
53381.612060546875
53464.7724609375
53406.08349609375
53246.3984375
53241.739013671875
53247.83740234375
53243.35400390625
53272.09619140625
53272.62109375
53289.206787109375
53325.99853515625
53238.1767578125
53222.86181640625
53221.31005859375
53179.7607421875
53062.4951171875
53099.248046875
53088.142333984375
53140.121826171875
53089.73974609375
53336.90771484375
53484.05224609375
53239.5703125
53202.862548828125
53095.35546875
53002.81640625
53043.988037109375
53000.4453125
53037.94140625
53090.20947265625
53032.46923828125
53105.990234375
52967.4892578125
52960.407958984375
52936.257568359375
52971.94189453125
52857.396240234375
52862.51025390625
52917.43408203125
52886.75146484375
52856.58251953125
52872.89208984375
52788.978271484375
52815.80078125
52830.62548828125
52823.8095703125
52872.004638671875
52875.56787109375
52859.28759765625
52923.40625
52959.32763671875
52876.7236328125
52887.099609375
52908.279296875
52840.84716796875
52807.611328125
52837.554443359375
52807.765625
52825.1630859375
52826.91357421875
52841.50634765625
52743.61572265625
52774.5458984375
52789.4833984375
52738.802978515625
52683.68603515625
52752.96533203125
52777.07763671875
52737.14306640625
52668.0380859375
52759.3212890625
52778.179931640625
52697.0439453125
52667.92724609375
52643.179931640625
52612.68896484375
52702.759765625
52721.06982421875
52655.601318359375
52561.34619140625
52587.970703125
52531.10595703125
52579.9755859375
52599.99609375
52672.34765625
52593.090087890625
52549.66015625
52558.4814453125
52576.527099609375
52526.0087890625
52551.12744140625
52540.88818359375
52544.9091796875
52454.43408203125
52515.3046875
52496.14990234375
52509.33984375
52543.861572265625
52578.79443359375
52654.0849609375
52507.22216796875
52442.8466796875
52447.69140625
52423.34912109375
52434.28271484375
52416.91357421875
52383.86962890625
52400.48486328125
52383.514404296875
52409.44189453125
52453.92578125
52450.34326171875
52324.6064453125
52349.24755859375
52387.14697265625
52387.884765625
52430.0615234375
52437.6689453125
52468.10400390625
52384.8046875
52396.270263671875
52474.62548828125
52475.99072265625
52393.44140625
52370.7177734375
52385.1484375
52537.38427734375
52404.39599609375
52342.4169921875
52473.71533203125
52483.425537109375
52358.291015625
52328.903076171875
52306.0048828125
52249.458251953125
52351.6435546875
52320.34130859375
52231.384033203125
52291.1328125
52222.827392578125
52238.23828125
52203.033203125
52152.892578125
52216.338134765625
52147.43896484375
52175.672119140625
52233.98974609375
52266.0439453125
52304.94384765625
52343.15673828125
52235.501953125
52213.765625
52199.63037109375
52213.907958984375
52165.17578125
52214.1103515625
52182.71435546875
52251.05908203125
52263.83154296875
52239.778076171875
52253.5068359375
52213.43017578125
52205.96435546875
52151.06396484375
52166.461181640625
52104.303955078125
52136.275390625
52088.36669921875
52112.80615234375
52136.61767578125
52129.90185546875
52202.0
52143.664306640625
52131.509033203125
52054.64599609375
52101.2353515625
52047.2353515625
52115.4267578125
