cost:	
1097489.421875
688669.984375
381182.9462890625
206848.919921875
129619.38330078125
102923.6728515625
95710.87646484375
94017.5224609375
93316.71826171875
92915.21240234375
92777.56103515625
92589.1083984375
92505.5498046875
92447.1572265625
92400.07495117188
92345.4091796875
92297.87646484375
92295.8115234375
92261.095703125
92204.69018554688
92231.30541992188
92212.65185546875
92183.974609375
92148.61474609375
92126.60888671875
92136.52685546875
92098.10595703125
92147.23828125
92068.38720703125
92074.48876953125
92063.63647460938
92075.96142578125
92019.19091796875
92039.09228515625
92020.626953125
92003.53662109375
91980.25732421875
92018.87060546875
91987.13232421875
91932.35888671875
91934.81396484375
91921.83154296875
91904.16577148438
91894.20703125
91927.6484375
91912.93798828125
91862.64697265625
91841.75048828125
91820.9697265625
91817.38208007812
91820.85693359375
91772.84619140625
91800.5654296875
91772.30859375
91750.97900390625
91719.24169921875
91747.55908203125
91667.70727539062
91684.34301757812
91679.921875
91664.10791015625
91603.50634765625
91632.51220703125
91591.466796875
91603.75732421875
91616.56420898438
91540.28344726562
91513.369140625
91499.91015625
91486.80126953125
91457.74047851562
91433.6640625
91461.21801757812
91463.4814453125
91428.6875
91428.98413085938
91380.0869140625
91395.56396484375
91369.21850585938
91299.0546875
91279.11376953125
91101.85083007812
90975.1376953125
90797.2490234375
90579.24536132812
90440.16430664062
90103.71826171875
89981.68920898438
89682.7666015625
89430.18798828125
89204.46215820312
88870.8603515625
88678.93286132812
88303.87060546875
88059.001953125
87809.9716796875
87569.21923828125
87348.66748046875
87149.1884765625
86857.4169921875
86585.37744140625
86363.76025390625
86117.49096679688
85819.76879882812
85586.076171875
85369.98901367188
85159.55517578125
84951.09594726562
84687.2314453125
84343.46484375
84044.16015625
83776.34204101562
83465.23388671875
83261.26171875
82972.21923828125
82610.80810546875
82404.88671875
82056.16040039062
81810.29833984375
81529.99755859375
81232.38061523438
80951.30151367188
80670.248046875
80478.234375
80194.447265625
79976.16650390625
79729.9716796875
79451.115234375
79196.41479492188
78976.2783203125
78713.49145507812
78442.72705078125
78225.09204101562
77964.013671875
77730.49658203125
77485.82470703125
77265.2578125
77034.7548828125
76782.18896484375
76547.81616210938
76291.08740234375
76088.6142578125
75798.86401367188
75549.15747070312
75270.82592773438
74983.07568359375
74742.77001953125
74452.6376953125
74218.95068359375
73990.30322265625
73695.66845703125
73488.033203125
73261.49536132812
73044.60620117188
72778.38940429688
72568.3876953125
72327.21313476562
72115.36572265625
71887.98828125
71657.19604492188
71466.07153320312
71234.59619140625
71009.38525390625
70806.77807617188
70610.3916015625
70375.19189453125
70170.5087890625
69951.84204101562
69733.89111328125
69489.845703125
69289.93041992188
69055.29565429688
68838.79052734375
68622.88525390625
68412.22729492188
68202.55981445312
67993.13330078125
67763.89306640625
67542.11840820312
67351.15551757812
67145.57495117188
66922.50463867188
66713.08520507812
66486.11401367188
66298.03393554688
66063.7841796875
65845.39526367188
65641.3359375
65465.52880859375
65223.94775390625
65005.308349609375
64787.96142578125
64594.298095703125
64419.1953125
64158.77001953125
63958.80126953125
63762.8564453125
63558.723876953125
63326.984619140625
63125.034423828125
62887.10400390625
62691.861083984375
62509.50830078125
62267.281005859375
62086.434814453125
61856.728515625
61687.019287109375
61481.16943359375
61253.853271484375
61060.24755859375
60824.916015625
60637.7783203125
60433.0693359375
60211.964599609375
60018.451904296875
59820.03564453125
59617.81396484375
59406.11279296875
59195.502197265625
59004.953369140625
58784.347900390625
58590.767578125
58384.500244140625
58176.13232421875
57930.196533203125
57735.713134765625
57532.16845703125
57330.65625
57138.371826171875
56942.15087890625
56722.56884765625
56523.4296875
56303.505126953125
56117.9560546875
55896.922607421875
55694.773681640625
55519.698486328125
55302.7744140625
55083.0185546875
54919.50537109375
54701.919921875
54488.27734375
54290.3037109375
54107.2626953125
53873.197265625
53678.29345703125
53475.5283203125
53264.72021484375
53086.080078125
52893.51513671875
52648.68115234375
52473.13818359375
52285.80078125
52072.940185546875
51903.51904296875
51714.1884765625
51511.2197265625
51325.829833984375
51137.79736328125
50952.2978515625
50781.1376953125
50568.72509765625
50381.911376953125
50182.19775390625
50009.19970703125
49816.76025390625
49632.636474609375
49448.936767578125
49281.885498046875
49088.31298828125
48908.252685546875
48715.429443359375
48556.2705078125
48386.3466796875
48206.58203125
48059.307373046875
47865.79052734375
47685.2685546875
47516.64697265625
47343.5537109375
47147.11767578125
46989.577392578125
46824.24365234375
46636.508056640625
46480.85205078125
46317.573486328125
46135.871337890625
45977.74609375
45836.0283203125
45659.6875
45508.6953125
45336.728271484375
45173.371337890625
45027.710693359375
44859.327392578125
44694.30810546875
44553.15966796875
44399.204345703125
44244.094482421875
44083.57568359375
43934.21533203125
43785.1279296875
43627.90966796875
43480.459228515625
43345.699462890625
43203.96630859375
43061.067138671875
42912.899169921875
42780.120361328125
42637.05407714844
42506.11279296875
42365.0146484375
42224.70751953125
42085.733154296875
41948.64794921875
41806.7353515625
41674.5107421875
41560.328857421875
41420.15625
41271.758544921875
41135.6865234375
41013.47607421875
40871.966552734375
40751.9013671875
40644.537109375
40488.572998046875
40365.970458984375
40225.816162109375
40116.314208984375
39986.219970703125
39857.271484375
39717.28125
39610.510986328125
39492.92724609375
39357.3701171875
39236.145751953125
39126.37158203125
39004.837158203125
38900.03857421875
38790.04736328125
38695.468017578125
38582.982666015625
38451.06579589844
38318.104736328125
38205.786376953125
38096.44580078125
37966.276611328125
37882.132568359375
37780.376953125
37656.809814453125
37523.556640625
37420.32604980469
37331.37353515625
37215.3232421875
37147.877685546875
37022.9072265625
36930.179443359375
36843.145751953125
36731.55712890625
36632.48779296875
36536.91943359375
36431.759521484375
36371.168212890625
36285.333984375
36178.373779296875
36076.51184082031
35958.69348144531
35867.57666015625
35768.553955078125
35670.624755859375
35584.29504394531
35511.107421875
35431.94482421875
35332.18615722656
35227.382568359375
35128.473388671875
35046.54638671875
34949.89453125
34873.88232421875
34801.151611328125
34708.013427734375
34621.897705078125
34558.09533691406
34475.004150390625
34387.924560546875
34277.35754394531
34205.094970703125
34125.584716796875
34048.3115234375
33988.252685546875
33908.9580078125
33849.25
33828.813720703125
33748.8779296875
33632.141357421875
33519.39001464844
33436.919189453125
33360.45361328125
33300.201904296875
33258.73388671875
