cost:	
700356.97265625
215484.29736328125
124184.513671875
97213.67822265625
85378.51635742188
77739.80859375
71473.3486328125
66360.44604492188
61961.433837890625
58095.529296875
54172.715087890625
50578.30712890625
47365.476318359375
44182.751708984375
41342.48681640625
38578.598388671875
35953.357666015625
33622.81396484375
31515.45947265625
29436.186889648438
27624.134765625
25845.022216796875
24165.79559326172
22597.880493164062
21194.897827148438
19791.545043945312
18597.076293945312
17427.044555664062
16397.961547851562
15373.470947265625
14511.637512207031
13715.851257324219
12925.072204589844
12142.029724121094
11451.634033203125
10800.377624511719
10199.11245727539
9579.206848144531
9040.287109375
8520.599182128906
8135.301696777344
7693.03857421875
7446.325622558594
7062.91259765625
6720.902557373047
6378.216613769531
5984.126403808594
5584.4569091796875
5340.270263671875
5214.18896484375
4906.309234619141
4547.182662963867
4277.375961303711
4091.491714477539
3835.5521850585938
3617.687042236328
3405.5938568115234
3215.0203552246094
3069.234375
2927.5977630615234
2811.2212829589844
2766.653465270996
2587.2887115478516
2492.4852752685547
2355.912796020508
2255.2815704345703
2212.2274475097656
2193.4571685791016
2111.4674224853516
2140.2186126708984
2121.435966491699
2097.836441040039
2062.5731506347656
2042.963279724121
1940.5336227416992
1861.2321395874023
1851.1911926269531
1781.7110977172852
1783.3513565063477
1972.814338684082
2183.781150817871
2299.150016784668
3309.8273696899414
3689.840576171875
3222.17130279541
2593.817642211914
2163.8034133911133
1672.402717590332
1385.1181106567383
1397.065372467041
1231.854736328125
1138.547966003418
1028.7200889587402
975.9774169921875
891.7868537902832
853.0996017456055
803.3860206604004
779.6436672210693
699.8088760375977
719.5568885803223
654.7295227050781
599.2494964599609
559.1471900939941
534.5478191375732
528.9636535644531
479.60580253601074
462.4039936065674
487.46889877319336
445.7185983657837
469.1213722229004
449.51135635375977
460.67052268981934
479.1043529510498
460.56591606140137
451.5058403015137
507.1881847381592
595.763708114624
732.3655700683594
567.8851699829102
764.647762298584
758.6437606811523
863.9316291809082
1232.7188034057617
1138.1789054870605
1479.1061515808105
1216.682331085205
1018.5083427429199
939.5610370635986
845.804573059082
687.1002349853516
646.2221393585205
660.2598705291748
547.6321086883545
535.5700063705444
517.7248859405518
471.561806678772
484.56474685668945
465.1313953399658
445.26667404174805
434.9494113922119
480.6178321838379
471.1036548614502
569.4348659515381
454.50697898864746
446.72453689575195
467.96761322021484
443.4177360534668
494.2176275253296
540.1492691040039
619.5349063873291
617.6090698242188
616.0348434448242
614.6701393127441
561.6064291000366
549.2484645843506
557.4193048477173
633.8547210693359
693.7844505310059
663.7242336273193
765.7015933990479
819.8081398010254
1167.1758880615234
1576.6561126708984
1593.4715614318848
2501.17081451416
2626.6912689208984
2330.069709777832
1734.9613647460938
1398.1430587768555
1238.8523483276367
1069.3102283477783
949.2558212280273
765.218204498291
687.6501941680908
667.8671722412109
606.6572132110596
533.8111248016357
571.5722351074219
592.3121356964111
680.0226230621338
591.4340324401855
680.4324264526367
632.5340309143066
607.4181747436523
740.1912498474121
603.5809879302979
575.8571472167969
492.66114139556885
422.33345890045166
424.88551807403564
456.57816314697266
414.73766136169434
430.6762943267822
415.5481700897217
463.82546043395996
508.521146774292
599.4780254364014
552.4893131256104
512.1615447998047
487.16866874694824
517.6818695068359
400.5192394256592
455.8537492752075
454.3807544708252
364.47689628601074
405.9303779602051
393.77471351623535
345.54980659484863
296.9382600784302
337.05809020996094
392.38765048980713
417.5876655578613
423.2575225830078
399.51582527160645
429.8989486694336
431.6910972595215
407.59751415252686
402.9754810333252
428.2556209564209
455.5543794631958
464.73785400390625
412.3117923736572
374.619930267334
403.87787437438965
385.3656806945801
346.0345058441162
389.23243713378906
423.0554666519165
493.60968589782715
576.1903629302979
616.0755672454834
716.1070137023926
841.0737419128418
898.5246105194092
1139.1908836364746
1174.0931034088135
1241.747184753418
1139.7610301971436
1240.1429595947266
1243.440990447998
1126.862075805664
1182.3165588378906
1330.206069946289
1448.2946319580078
1678.842269897461
1414.9062271118164
1274.1088485717773
1198.395736694336
1158.044448852539
1185.615530014038
1053.89155960083
1107.274429321289
1056.7149658203125
859.0245895385742
937.9153823852539
786.5351676940918
730.5822925567627
711.817512512207
787.4570236206055
920.3296985626221
1186.2164001464844
1455.9797744750977
1323.5892486572266
1357.8269500732422
1224.7589492797852
1219.918342590332
1086.4050254821777
1004.8488388061523
864.1776218414307
744.939582824707
674.3898391723633
594.8703079223633
503.2126998901367
464.79431533813477
433.9433879852295
411.81405544281006
407.22314071655273
357.01062774658203
333.1297769546509
313.7294006347656
319.41713523864746
330.16464042663574
372.7662830352783
360.78883934020996
601.9417247772217
606.4177131652832
577.3510875701904
598.80885887146
628.9344673156738
663.8503322601318
648.9175338745117
654.20192527771
668.7080001831055
637.2511157989502
606.2663459777832
531.4685926437378
508.165225982666
501.49396896362305
522.9371185302734
536.7350826263428
548.5463314056396
601.4538707733154
589.6450634002686
519.6783351898193
481.07572650909424
465.56555938720703
498.28839111328125
505.3935966491699
490.3051567077637
503.4641742706299
502.8497791290283
485.3566150665283
488.29244804382324
501.15966033935547
506.4310131072998
503.8090171813965
493.8472900390625
523.8576946258545
563.7550182342529
659.6585025787354
821.8904762268066
910.3545188903809
897.58473777771
1047.281349182129
1055.0332489013672
1033.6903800964355
1030.117332458496
1011.4006118774414
941.326416015625
856.2769031524658
899.9354438781738
821.1794681549072
803.2548866271973
811.907470703125
865.0222625732422
956.5916213989258
1047.5481758117676
997.3523635864258
933.2378463745117
926.3288726806641
950.0882225036621
1205.4266166687012
1201.135124206543
1140.227611541748
1090.2580757141113
1115.5108833312988
1105.0031814575195
1097.1452255249023
1162.8923454284668
983.1133346557617
991.2856597900391
865.4716606140137
850.1644134521484
829.3569030761719
788.3220977783203
710.6768779754639
588.7302055358887
580.0647315979004
596.1756801605225
607.3527908325195
594.3277568817139
574.0660285949707
540.5042152404785
541.6406402587891
510.21891593933105
505.69256019592285
543.471173286438
542.9680347442627
521.8495788574219
505.7440986633301
499.6676216125488
516.9854936599731
533.6720542907715
586.2990379333496
622.5205364227295
593.5035190582275
607.0132694244385
588.0756244659424
560.0339202880859
580.0176162719727
613.2587852478027
644.5595664978027
639.0978355407715
712.6476783752441
695.4779968261719
736.5103149414062
815.4658031463623
900.7004566192627
983.2500610351562
879.4089775085449
933.5759963989258
874.2789039611816
873.0345039367676
864.4274559020996
915.0351600646973
891.6304168701172
858.072338104248
858.519681930542
886.2784118652344
848.9169826507568
