cost:	
7383094.9453125
7182219.16796875
7168997.015625
7160519.58984375
7154905.140625
7151073.359375
7148313.18359375
7146312.68359375
7144811.19921875
7143668.6015625
7142786.6484375
7142091.0078125
7141531.25
7141072.02734375
7140722.40625
7140395.75
7140157.19921875
7139924.41015625
7139767.9609375
7139646.54296875
7139493.73046875
7139337.21484375
7139251.52734375
7139170.046875
7139064.65234375
7139025.31640625
7138939.22265625
7138858.7421875
7138816.0859375
7138735.3671875
7138718.21875
7138635.83203125
7138592.01171875
7138542.15625
7138486.453125
7138456.13671875
7138388.2109375
7138352.12890625
7138274.12109375
7138263.38671875
7138200.22265625
7138156.59765625
7138088.81640625
7138064.4453125
7138001.6640625
7137906.5625
7137937.609375
7137873.859375
7137810.4765625
7137761.17578125
7137693.98828125
7137626.87890625
7137580.609375
7137506.5390625
7137490.15625
7137439.1640625
7137372.8828125
7137305.2578125
7137265.83203125
7137198.5
7137176.23828125
7137119.51953125
7137060.15234375
7136974.90625
7136946.75
7136900.609375
7136834.12890625
7136777.84765625
7136732.40234375
7136647.59765625
7136586.5390625
7136560.69140625
7136479.15625
7136425.87890625
7136371.44921875
7136297.0078125
7136226.7890625
7136173.9375
7136135.64453125
7136055.2578125
7135980.44921875
7135961.796875
7135884.57421875
7135820.07421875
7135748.75
7135696.50390625
7135627.546875
7135567.73046875
7135486.6015625
7135439.5078125
7135351.29296875
7135310.21875
7135236.43359375
7135191.94140625
7135107.66796875
7135035.5390625
7134991.1171875
7134890.96484375
7134828.44921875
7134765.2890625
7134706.3359375
7134636.53515625
7134563.859375
7134516.0234375
7134446.6640625
7134359.8984375
7134315.6171875
7134246.3671875
7134161.6484375
7134128.9140625
7134033.328125
7133958.60546875
7133924.25
7133851.09375
7133797.16796875
7133722.30859375
7133651.97265625
7133560.77734375
7133512.40234375
7133460.48046875
7133378.5
7133311.43359375
7133247.18359375
7133180.84375
7133102.41796875
7133049.15234375
7132976.51171875
7132921.49609375
7132851.546875
7132781.83984375
7132703.658203125
7132654.234375
7132579.9140625
7132514.671875
7132447.359375
7132373.578125
7132304.25
7132265.09765625
7132194.2890625
7132124.375
7132054.08984375
7131979.9765625
7131943.05078125
7131858.25
7131786.1328125
7131712.43359375
7131668.1640625
7131602.9296875
7131535.1640625
7131458.765625
7131396.6953125
7131334.9609375
7131271.20703125
7131211.296875
7131141.921875
7131099.08203125
7131034.70703125
7130948.337890625
7130925.171875
7130854.96875
7130796.52734375
7130726.77734375
7130691.21484375
7130609.4453125
7130571.67578125
7130503.77734375
7130432.0703125
7130399.9375
7130331.78515625
7130269.8046875
7130232.5859375
7130171.2109375
7130106.015625
7130063.6875
7129999.45703125
7129951.640625
7129910.421875
7129826.140625
7129781.73828125
7129745.45703125
7129676.53515625
7129640.20703125
7129567.6484375
7129533.44921875
7129482.4609375
7129418.91015625
7129364.4296875
7129337.9921875
7129277.2265625
7129235.48828125
7129172.11328125
7129120.828125
7129083.0625
7129030.9453125
7128992.03125
7128929.93359375
7128893.5234375
7128866.05078125
7128801.41796875
7128759.4609375
7128711.10546875
7128670.9921875
7128627.4921875
7128562.18359375
7128534.3046875
7128488.6328125
7128461.7578125
7128420.26953125
7128366.203125
7128351.22265625
7128297.84375
7128264.0234375
7128206.3671875
7128174.61328125
7128140.5078125
7128104.5234375
7128070.265625
7128024.16796875
7127998.17578125
7127952.8046875
7127927.2265625
7127902.3828125
7127846.0546875
7127808.78515625
7127772.10546875
7127743.62109375
7127715.40234375
7127670.8359375
7127647.34765625
7127607.7890625
7127584.6640625
7127546.6796875
7127508.7109375
7127495.01171875
7127443.96875
7127422.59765625
7127387.9453125
7127360.51171875
7127332.15234375
7127303.24609375
7127270.76953125
7127257.48828125
7127216.68359375
7127182.84375
7127155.6796875
7127127.234375
7127107.57421875
7127067.90234375
7127050.45703125
7127022.24609375
7126991.56640625
7126959.5703125
7126935.6015625
7126907.546875
7126885.43359375
7126865.03515625
7126849.8828125
7126819.05859375
7126803.5859375
7126775.81640625
7126747.91796875
7126736.546875
7126697.953125
7126691.94140625
7126674.109375
7126633.9375
7126622.2265625
7126603.69921875
7126581.23046875
7126556.61328125
7126546.859375
7126522.26953125
7126504.6640625
7126483.2578125
7126457.015625
7126453.171875
7126417.59375
7126414.2578125
7126385.8203125
7126374.98046875
7126359.05078125
7126343.17578125
7126312.4375
7126302.26953125
7126296.6953125
7126264.7109375
7126256.1484375
7126234.91015625
7126214.2265625
7126215.3125
7126183.69921875
7126177.859375
7126173.578125
7126147.53125
7126130.2890625
7126121.875
7126099.640625
7126087.62890625
7126081.15234375
7126069.5234375
7126038.3203125
7126019.17578125
7126018.85546875
7126001.78125
7125987.58203125
7125977.90234375
7125977.81640625
7125958.65234375
7125946.03125
7125933.8671875
7125928.84375
7125906.9921875
7125903.18359375
7125894.7109375
7125875.85546875
7125869.65625
7125860.80078125
7125845.49609375
7125844.88671875
7125824.0546875
7125815.28125
7125816.94140625
7125805.6171875
7125780.53515625
7125783.51171875
7125777.8125
7125759.43359375
7125754.46875
7125753.84765625
7125729.45703125
7125728.33203125
7125725.609375
7125712.08203125
7125706.59765625
7125688.91796875
7125695.51171875
7125677.3046875
7125674.359375
7125669.2734375
7125659.07421875
7125650.37890625
7125647.25390625
7125636.23046875
7125631.5078125
7125619.68359375
7125622.28515625
7125611.34765625
7125605.2265625
7125597.34765625
7125593.73828125
7125582.828125
7125570.7734375
7125574.3125
7125562.31640625
7125557.76953125
7125544.11328125
7125558.51953125
7125540.69140625
7125537.23046875
7125533.720703125
7125526.0546875
7125521.16796875
7125518.859375
7125515.9453125
7125502.8984375
7125503.94921875
7125501.81640625
7125494.7578125
7125491.25
7125484.99609375
7125483.58984375
7125479.98828125
7125472.6484375
7125476.390625
7125464.72265625
7125459.4609375
7125458.0859375
7125454.3828125
7125452.83203125
7125447.37109375
7125445.46484375
7125432.7890625
7125430.96484375
7125431.81640625
7125426.703125
7125427.4296875
7125418.5703125
7125419.0078125
7125415.234375
7125412.34765625
7125407.17578125
7125405.9609375
7125400.34375
7125400.94921875
7125398.59375
7125386.16015625
7125391.55078125
7125385.75
7125386.40625
7125378.4140625
