cost:	
12295444.375
11441348.15625
10659583.4453125
9961819.671875
9316165.890625
8712585.359375
8146681.61328125
7615833.21484375
7115485.79296875
6646524.96484375
6205648.09375
5790630.0546875
5402688.77734375
5038361.4140625
4697855.732421875
4379110.2578125
4082105.919921875
3804742.78515625
3546389.423828125
3307049.08203125
3084443.0234375
2878146.998046875
2687568.314453125
2511612.2333984375
2349632.25
2200241.6728515625
2063681.830078125
1938537.3896484375
1824147.7587890625
1719853.1025390625
1625099.5380859375
1539187.5361328125
1461453.1840820312
1391231.205078125
1328078.7041015625
1271446.349609375
1220657.529296875
1175472.5366210938
1135128.4443359375
1099397.6362304688
1067786.3208007812
1039923.3842773438
1015417.4536132812
994026.25
975285.7827148438
958960.4741210938
944834.1684570312
932565.712890625
921960.4775390625
912843.5024414062
905109.2915039062
898565.7626953125
892906.076171875
888160.9057617188
883976.2197265625
880489.82421875
877387.1704101562
874813.9736328125
872549.3427734375
870689.7670898438
869026.3471679688
867616.5053710938
866360.6459960938
865429.3916015625
864312.7358398438
863296.25
861807.2983398438
861832.5834960938
860961.2729492188
860354.3994140625
859836.8408203125
859463.1840820312
859083.7514648438
858821.2172851562
858319.2150878906
857860.9760742188
857481.1240234375
857290.5595703125
857110.9809570312
856812.1997070312
856611.947265625
856682.9184570312
856242.9848632812
856053.38671875
856046.0927734375
855783.7763671875
855853.7685546875
855160.642578125
855006.7915039062
855114.8100585938
854857.3662109375
854862.2895507812
854588.3212890625
854340.4223632812
854288.2626953125
854120.37109375
854005.572265625
853946.5463867188
853897.2944335938
853640.7739257812
853568.6591796875
853428.8813476562
853512.9870605469
853337.5573730469
853238.2958984375
853072.6684570312
852985.6879882812
852869.0336914062
852872.5532226562
852748.21484375
852618.384765625
852524.9091796875
852859.0537109375
852793.087890625
852915.8315429688
852792.3706054688
852926.5361328125
852833.6801757812
852558.5561523438
852543.7412109375
852565.103515625
852156.1098632812
852000.3559570312
851930.3681640625
851814.9033203125
851874.1284179688
851987.6638183594
851828.17578125
852125.7387695312
851702.384765625
851935.6796875
851616.2983398438
851558.4741210938
851411.9404296875
851504.8857421875
851338.072265625
851313.3212890625
851250.5822753906
851227.98046875
851208.1181640625
851221.9516601562
851064.3759765625
851142.173828125
851193.1870117188
851184.6831054688
851153.7983398438
851213.68359375
851078.71875
851031.4140625
850842.2846679688
850848.2939453125
850852.0751953125
850786.3588867188
850774.6938476562
850769.9013671875
850837.68359375
850661.373046875
850744.0991210938
850649.724609375
850648.7553710938
850252.6987304688
850809.1987304688
850349.1896972656
850248.2280273438
850013.2465820312
850508.1196289062
850040.3286132812
849818.21484375
849981.5947265625
849967.1977539062
849763.6845703125
849727.4174804688
849729.7993164062
849741.0356445312
849799.4284667969
849664.0297851562
849567.0268554688
849492.7934570312
849536.6850585938
849567.1274414062
849537.8041992188
849416.5493164062
849502.6870117188
849541.8452148438
849386.330078125
849399.419921875
849495.07421875
849393.9711914062
849311.3325195312
849368.8208007812
849219.5869140625
849277.5375976562
849314.3618164062
849494.1484375
849418.4033203125
849112.73828125
848893.4809570312
848937.4702148438
848777.8623046875
848936.6484375
848829.9970703125
848667.0693359375
848631.9907226562
848633.3266601562
848471.8442382812
848465.2077636719
848430.6508789062
848492.666015625
848353.1157226562
848164.4370117188
848495.9086914062
848425.0458984375
848655.5686035156
848346.3393554688
848327.3754882812
848187.595703125
848227.5932617188
848355.86328125
848134.6875
848904.7563476562
848471.9233398438
848188.9584960938
848011.283203125
847904.09375
847987.3408203125
847933.5356445312
847882.9638671875
847872.4992675781
847920.685546875
847952.2919921875
847755.4135742188
847585.0327148438
847686.1318359375
847599.5830078125
847482.6206054688
847583.490234375
848493.505859375
847641.646484375
847462.2670898438
847381.1518554688
847462.1276855469
847454.9213867188
847286.6027832031
847420.7692871094
847387.51953125
847439.0356445312
847594.1020507812
847492.71484375
847368.4880371094
847174.5595703125
847403.958984375
847148.2294921875
847270.6459960938
847144.0263671875
846923.87109375
846990.8090820312
846945.1533203125
846889.0180664062
847052.9145507812
847106.4711914062
846949.9409179688
846867.162109375
846668.4912109375
846692.880859375
846739.2856445312
846827.2924804688
846681.7250976562
846642.7397460938
846808.669921875
846656.55859375
846839.4609375
846740.955078125
846712.7065429688
846564.4038085938
846646.251953125
846865.3876953125
846586.5405273438
846807.6274414062
846686.5693359375
846713.4453125
846490.4838867188
846325.916015625
846234.49609375
846357.9580078125
846481.978515625
846271.2719726562
846360.0747070312
846286.1098632812
846272.42578125
846197.734375
846164.0458984375
846261.38671875
846242.7211914062
846197.3666992188
846365.546875
846219.111328125
846216.1923828125
846244.2626953125
846123.8071289062
846184.9609375
846044.6450195312
846014.9477539062
845867.3374023438
846018.1201171875
846021.146484375
845913.390625
846001.1416015625
846044.4389648438
845989.3408203125
845927.0419921875
845935.7734375
845812.7978515625
845847.3100585938
845804.9096679688
845881.90234375
845925.0517578125
845825.5146484375
845984.2856445312
845828.7172851562
845935.3662109375
845972.0078125
845734.9135742188
845711.7944335938
845901.361328125
845724.9638671875
845748.8505859375
845632.3515625
845681.1206054688
845673.0546875
845601.0581054688
845660.83984375
845716.9497070312
845609.48828125
845709.1684570312
845618.3754882812
845857.708984375
845656.2817382812
845666.3129882812
845607.2192382812
845590.0927734375
845574.2705078125
845501.4487304688
845486.2250976562
845497.8520507812
845449.1875
845608.1733398438
845401.6665039062
845571.2377929688
845394.1323242188
845344.8759765625
845273.1586914062
845282.3608398438
845234.7270507812
845296.8491210938
845348.6762695312
845277.4755859375
845395.546875
845238.16015625
845184.8115234375
845196.671875
845196.7858886719
845010.1005859375
845160.6831054688
845036.5795898438
845047.2329101562
845018.9614257812
845081.0361328125
844999.5078125
845140.43359375
845084.9951171875
845000.0415039062
844877.4013671875
844919.9721679688
845035.4536132812
845003.9389648438
845035.3203125
844937.548828125
845049.74609375
845004.1108398438
844863.642578125
845176.56640625
845081.5341796875
844878.7255859375
844834.7668457031
844818.8481445312
844802.416015625
844884.591796875
844993.97265625
844782.9702148438
844841.9951171875
844806.5844726562
844667.3950195312
844634.9340820312
844609.9516601562
844668.0791015625
844722.17578125
844737.4580078125
844601.6811523438
844756.7177734375
844824.974609375
