cost:	
1102221.31640625
696931.2109375
380862.45703125
208752.04248046875
129725.92626953125
102717.5712890625
95795.69897460938
94008.892578125
93321.08081054688
92976.49072265625
92744.1494140625
92600.85888671875
92523.27783203125
92427.79248046875
92406.27490234375
92344.62622070312
92303.279296875
92312.51708984375
92275.14404296875
92238.3154296875
92210.77978515625
92201.01000976562
92181.56689453125
92177.3828125
92130.89990234375
92151.73583984375
92152.27270507812
92127.03369140625
92084.208984375
92094.70703125
92073.09521484375
92067.21020507812
92036.65087890625
92015.640625
92067.1142578125
91995.29345703125
92005.7763671875
91967.60791015625
92007.02954101562
91989.23046875
91954.75732421875
91960.6416015625
91913.87426757812
91949.00634765625
91937.603515625
91907.5625
91898.99267578125
91867.29931640625
91832.55615234375
91814.5283203125
91787.3974609375
91880.90551757812
91743.63818359375
91755.0615234375
91827.94189453125
91753.88696289062
91737.92358398438
91717.681640625
91693.388671875
91679.21313476562
91686.42041015625
91667.4189453125
91677.13842773438
91641.40966796875
91615.0224609375
91635.49169921875
91569.75
91617.5
91560.9248046875
91538.26220703125
91574.93701171875
91530.3544921875
91492.95727539062
91479.5859375
91465.69921875
91449.21362304688
91476.83129882812
91401.4638671875
91394.486328125
91370.23388671875
91377.53515625
91354.78564453125
91315.09814453125
91347.8115234375
91286.12841796875
91270.38159179688
91192.0908203125
91093.7431640625
91045.00317382812
90640.9560546875
90298.01904296875
89867.4326171875
89441.37060546875
88920.4990234375
88485.10986328125
88012.95678710938
87679.33422851562
87303.251953125
86922.9833984375
86607.4150390625
86328.03857421875
85981.43481445312
85554.6328125
85232.97924804688
84827.1298828125
84493.1328125
84146.1240234375
83860.65966796875
83410.00708007812
83153.59423828125
82930.50244140625
82603.47387695312
82375.322265625
82147.18701171875
81911.37182617188
81652.57568359375
81404.81689453125
81178.43701171875
80919.140625
80734.28759765625
80517.21484375
80256.38671875
80044.9130859375
79830.6923828125
79616.6953125
79400.69287109375
79168.13012695312
78932.54736328125
78722.48217773438
78522.66430664062
78292.5576171875
78091.94189453125
77802.49462890625
77627.83154296875
77376.21337890625
77171.80346679688
76955.90014648438
76747.50048828125
76535.2158203125
76298.76928710938
76101.06640625
75829.85009765625
75628.52221679688
75423.07739257812
75196.43896484375
74969.8447265625
74759.1240234375
74502.10375976562
74269.630859375
74085.59228515625
73812.06372070312
73585.73852539062
73409.03515625
73209.38452148438
73012.0927734375
72769.99462890625
72576.01171875
72380.75048828125
72164.89379882812
71937.146484375
71701.1953125
71517.99462890625
71315.50170898438
71082.14575195312
70914.8125
70692.31884765625
70464.78100585938
70258.9921875
70030.20678710938
69811.42846679688
69640.3740234375
69401.87377929688
69219.39868164062
68986.09594726562
68758.93212890625
68538.09765625
68326.298828125
68115.11401367188
67904.24340820312
67694.8037109375
67462.259765625
67299.81713867188
67088.56396484375
66864.62377929688
66652.48193359375
66462.61645507812
66282.36254882812
66049.58276367188
65867.97802734375
65648.615234375
65431.314453125
65224.04345703125
65051.045166015625
64837.143798828125
64634.294921875
64399.649169921875
64209.931884765625
63972.7734375
63770.69775390625
63564.4560546875
63364.901611328125
63165.94091796875
62978.904541015625
62761.04248046875
62570.132568359375
62370.25146484375
62154.394775390625
61949.158935546875
61738.9912109375
61554.38720703125
61354.826416015625
61124.859375
60918.76806640625
60740.22802734375
60523.638427734375
60332.85791015625
60113.711669921875
59897.964111328125
59725.111572265625
59514.560791015625
59304.16015625
59139.072021484375
58879.073974609375
58710.1494140625
58524.90771484375
58280.397216796875
58093.550537109375
57886.527587890625
57686.88427734375
57487.19287109375
57300.432861328125
57088.71435546875
56879.31201171875
56690.66796875
56495.498291015625
56291.937744140625
56071.69873046875
55890.19140625
55677.58984375
55481.999755859375
55297.4189453125
55105.993408203125
54889.706787109375
54700.255859375
54502.753662109375
54325.7138671875
54119.10791015625
53956.8046875
53742.886962890625
53556.9365234375
53373.8525390625
53181.14453125
53003.53369140625
52820.69677734375
52633.0
52458.7265625
52293.295654296875
52116.83642578125
51941.77734375
51763.38037109375
51568.772216796875
51395.7412109375
51240.718994140625
51097.24267578125
50897.184814453125
50709.618896484375
50550.550537109375
50380.21142578125
50208.17431640625
50030.93701171875
49864.809326171875
49698.787841796875
49530.75537109375
49377.20458984375
49229.88427734375
49041.2109375
48866.394287109375
48708.575439453125
48528.823486328125
48366.168212890625
48222.07275390625
48038.4755859375
47906.072265625
47741.867431640625
47576.213623046875
47450.061279296875
47265.695556640625
47093.026611328125
46937.267333984375
46773.7021484375
46610.12255859375
46478.73583984375
46299.80419921875
46144.57177734375
45987.977294921875
45844.99658203125
45691.455810546875
45573.2109375
45401.47119140625
45262.74462890625
45125.92431640625
44963.02392578125
44794.0771484375
44623.793701171875
44490.451171875
44336.12939453125
44181.43408203125
44054.806396484375
43902.19873046875
43781.81298828125
43620.579345703125
43484.55126953125
43350.709228515625
43202.58203125
43068.377197265625
42913.2431640625
42780.068115234375
42645.41162109375
42514.95458984375
42376.218505859375
42251.6533203125
42121.000244140625
41966.14794921875
41821.883544921875
41687.56201171875
41553.959228515625
41414.09716796875
41299.833984375
41144.0166015625
41016.813720703125
40861.284912109375
40757.17529296875
40645.64404296875
40523.86328125
40378.3115234375
40255.4521484375
40139.193359375
39991.085693359375
39865.90026855469
39721.0146484375
39582.2734375
39446.3662109375
39328.327392578125
39203.87255859375
39079.2099609375
38967.243896484375
38863.03759765625
38775.95849609375
38660.503173828125
38511.506103515625
38392.9814453125
38279.4736328125
38153.286376953125
38045.76806640625
37939.636962890625
37822.27294921875
37706.115234375
37602.283935546875
37496.406494140625
37381.2734375
37286.96826171875
37187.0966796875
37098.52062988281
36984.072021484375
36874.105712890625
36784.087646484375
36673.49426269531
36581.713623046875
36480.61181640625
36376.61657714844
36272.0908203125
36164.335205078125
36053.73181152344
35960.399169921875
35858.681396484375
35768.15515136719
35658.061767578125
35562.89306640625
35490.606201171875
35412.943359375
35326.31384277344
35245.9833984375
35127.75537109375
35023.505859375
34932.89453125
34846.07568359375
34747.777587890625
34655.82666015625
34572.27880859375
34482.46435546875
34421.693115234375
34342.460693359375
34254.20166015625
34170.67297363281
34088.800048828125
33992.1728515625
33917.794189453125
33854.87243652344
33737.06115722656
33654.052001953125
