cost:	
1224596.015625
1160015.02734375
1083643.3515625
1013501.89453125
948748.06640625
887070.46875
830200.068359375
777083.16015625
727407.875
680686.09375
636925.36328125
596178.693359375
557974.44140625
522331.23046875
489371.427734375
457590.912109375
428834.673828125
401776.001953125
376386.2490234375
352873.5
331067.61328125
310745.9296875
292120.3173828125
274437.9443359375
258480.5126953125
243670.3173828125
229915.9501953125
217397.9423828125
205556.43310546875
195045.51611328125
185214.02880859375
176119.6044921875
167920.0009765625
160494.4892578125
153519.56201171875
147397.353515625
141537.25732421875
136476.72509765625
131771.55029296875
127483.18798828125
123621.59521484375
120113.7158203125
116964.109375
114141.5048828125
111550.7431640625
109239.96923828125
107169.64794921875
105319.73974609375
103628.546875
102119.16455078125
100811.76025390625
99639.85473632812
98626.982421875
97688.28125
96861.97509765625
96129.64501953125
95439.3349609375
94861.51953125
94318.67358398438
93845.3017578125
93432.06176757812
93041.265625
92710.43359375
92413.27294921875
92149.29223632812
91911.41796875
91710.48413085938
91516.1298828125
91352.11572265625
91210.49072265625
91069.74487304688
90956.021484375
90854.353515625
90756.28564453125
90680.25830078125
90606.76391601562
90541.24389648438
90482.42041015625
90429.6953125
90386.15991210938
90344.27294921875
90301.12866210938
90267.92358398438
90245.51879882812
90209.07690429688
90184.85205078125
90162.80517578125
90140.98803710938
90120.13208007812
90101.92529296875
90086.27514648438
90068.98657226562
90055.57763671875
90041.34887695312
90027.0224609375
90017.3525390625
90005.12939453125
89997.78515625
89987.001953125
89970.38110351562
89957.474609375
89949.46704101562
89937.19580078125
89929.56982421875
89921.47998046875
89904.732421875
89894.48388671875
89885.806640625
89872.0830078125
89859.29223632812
89849.23315429688
89831.39916992188
89815.91796875
89800.13427734375
89778.8720703125
89756.6494140625
89737.9248046875
89711.134765625
89692.654296875
89677.40673828125
89664.755859375
89645.64770507812
89620.541015625
89605.04858398438
89593.36450195312
89566.86157226562
89549.1328125
89524.23608398438
89501.09375
89473.95629882812
89448.1728515625
89422.51293945312
89386.48583984375
89336.22802734375
89276.17919921875
89171.74536132812
89104.0107421875
88986.98583984375
88779.24731445312
88517.23657226562
88202.67602539062
87470.12036132812
87098.29150390625
86945.80053710938
86651.1572265625
86357.19458007812
86148.328125
85967.26416015625
85839.58959960938
85614.8251953125
85287.17626953125
85124.04638671875
84996.15747070312
84909.08081054688
84841.98803710938
84788.6455078125
84706.22778320312
84619.89794921875
84537.83447265625
84463.72436523438
84394.7958984375
84295.5634765625
84234.85546875
84171.923828125
84121.60888671875
84053.31982421875
84000.54541015625
83945.83618164062
83890.14233398438
83838.11206054688
83797.2802734375
83744.65991210938
83692.544921875
83594.45751953125
83477.32080078125
83396.07373046875
83274.5087890625
83154.71020507812
83040.5107421875
82932.35083007812
82855.11279296875
82796.89599609375
82735.0830078125
82671.15087890625
82547.18212890625
82437.28662109375
82228.61840820312
82126.6259765625
82074.71044921875
82024.75732421875
81935.29345703125
81842.28833007812
81773.24731445312
81697.07861328125
81644.80981445312
81603.69873046875
81561.08349609375
81511.0810546875
81460.7919921875
81377.57421875
81308.0107421875
81269.1806640625
81224.9697265625
81167.40942382812
81111.48461914062
81070.04516601562
81027.212890625
80989.767578125
80949.5166015625
80898.20971679688
80836.015625
80794.33642578125
80757.58056640625
80703.43212890625
80660.5673828125
80631.38134765625
80596.21923828125
80563.38427734375
80538.21850585938
80511.3955078125
80484.958984375
80458.86474609375
80429.51318359375
80405.53686523438
80383.171875
80356.42407226562
80334.18188476562
80306.294921875
80281.328125
80257.64965820312
80222.50341796875
80178.83349609375
80128.29370117188
80090.685546875
80061.89379882812
80035.267578125
80007.146484375
79983.1064453125
79953.39672851562
79927.3427734375
79898.08984375
79855.13720703125
79822.1337890625
79777.39306640625
79737.0244140625
79699.64697265625
79662.51538085938
79631.2392578125
79586.45288085938
79542.56713867188
79441.27807617188
79415.37915039062
79389.06982421875
79364.50024414062
79346.68334960938
79320.88720703125
79297.69189453125
79275.09326171875
79253.81469726562
79233.26733398438
79208.2509765625
79178.07397460938
79132.50512695312
79108.47998046875
79089.11157226562
79065.08056640625
79040.3935546875
79019.8115234375
78995.54931640625
78972.248046875
78953.59057617188
78932.53393554688
78911.20751953125
78894.48510742188
78869.67919921875
78844.35913085938
78827.0244140625
78804.9560546875
78784.43115234375
78759.81420898438
78742.04809570312
78729.8271484375
78711.57690429688
78687.58911132812
78663.462890625
78644.44189453125
78612.43139648438
78594.11328125
78573.55737304688
78553.85620117188
78533.6279296875
78510.42358398438
78487.27490234375
78470.1708984375
78450.34008789062
78429.291015625
78415.49047851562
78403.19677734375
78377.9638671875
78351.802734375
78333.20458984375
78305.5625
78282.095703125
78268.76953125
78248.92944335938
78237.5986328125
78223.25390625
78204.5888671875
78185.9521484375
78168.65454101562
78147.16333007812
78125.99584960938
78101.23779296875
78080.83154296875
78068.92163085938
78038.48461914062
78031.5107421875
78022.19262695312
78021.57690429688
78007.96655273438
77944.70141601562
77924.853515625
77896.814453125
77880.15454101562
77867.3369140625
77848.97119140625
77828.77416992188
77810.81909179688
77786.58666992188
77756.53784179688
77734.9296875
77725.986328125
77700.07861328125
77676.82177734375
77658.10009765625
77639.81860351562
77617.53857421875
77600.23657226562
77576.24438476562
77563.29809570312
77549.96435546875
77526.36938476562
77511.40161132812
77499.89599609375
77486.0986328125
77464.13989257812
77438.4169921875
77424.93188476562
77402.53955078125
77408.689453125
77390.2177734375
77348.1171875
77341.1787109375
77347.42895507812
77323.4345703125
77279.85864257812
77250.2861328125
77225.615234375
77203.13110351562
77176.9931640625
77161.580078125
77140.34057617188
77150.2724609375
77099.59912109375
77100.69482421875
77085.109375
77052.0048828125
77034.63305664062
77018.16796875
76990.49145507812
76957.84936523438
76930.6455078125
76912.73266601562
76887.32104492188
76877.36572265625
76861.60229492188
76851.11376953125
76826.6806640625
76816.94970703125
76787.8056640625
76768.74877929688
76751.81469726562
76736.732421875
76720.90454101562
76691.6318359375
76680.59252929688
76663.5322265625
76652.97509765625
76639.03491210938
76616.65966796875
76607.13452148438
76588.52001953125
76572.9716796875
76569.39990234375
76544.44873046875
76537.18969726562
76522.412109375
76495.50439453125
76465.28857421875
76447.37890625
