cost:	
699913.5146484375
146894.787109375
128631.12841796875
102556.06616210938
96156.41455078125
93145.8076171875
91297.3974609375
90034.1962890625
88991.9990234375
87694.8095703125
86738.49560546875
85705.11962890625
84529.53271484375
83337.61499023438
82014.21606445312
80101.6455078125
78765.81225585938
77224.4951171875
75718.85693359375
74318.49536132812
72779.53515625
71323.46337890625
69900.16162109375
68637.37963867188
67181.48291015625
66011.38818359375
64554.2587890625
63213.888427734375
61946.314453125
60594.212890625
59322.814453125
58201.980712890625
56987.03271484375
55723.277587890625
54562.052978515625
53446.61181640625
52274.52490234375
50905.057373046875
49720.476318359375
48675.22668457031
47469.7265625
46378.60009765625
45211.096923828125
44046.67834472656
43020.17248535156
41896.279052734375
40758.51416015625
39671.641357421875
38597.778076171875
37616.45666503906
36589.529052734375
35559.270263671875
34725.83068847656
33773.72351074219
32886.912353515625
31998.308349609375
31060.7978515625
30235.755737304688
29452.513427734375
28611.837890625
27784.9892578125
26933.172607421875
26180.13134765625
25414.693359375
24701.794921875
23897.080688476562
23261.469604492188
22558.981567382812
21912.889526367188
21228.8828125
20627.439208984375
19995.47705078125
19387.411010742188
18804.64453125
18236.336853027344
17699.631225585938
17197.794189453125
16688.5302734375
16162.588928222656
15688.81591796875
15228.638549804688
14769.603271484375
14339.320556640625
13907.508422851562
13471.696472167969
13084.06396484375
12678.185119628906
12285.721801757812
11927.933044433594
11586.970092773438
11238.865234375
10912.349853515625
10597.254333496094
10305.292236328125
10006.324768066406
9739.654418945312
9460.8984375
9196.440124511719
8944.225708007812
8680.518371582031
8440.091918945312
8222.728149414062
8009.314361572266
7801.733581542969
7591.312438964844
7402.589111328125
7219.4327392578125
7039.720520019531
6873.740478515625
6711.266510009766
6555.930603027344
6391.492614746094
6237.497314453125
6099.353942871094
5958.197235107422
5816.155975341797
5686.198486328125
5562.556640625
5421.488006591797
5305.776794433594
5187.2677001953125
5078.336975097656
4962.01123046875
4864.311706542969
4761.465728759766
4664.884582519531
4574.2303466796875
4484.388946533203
4402.322540283203
4322.453704833984
4235.1634521484375
4152.3824462890625
4070.778839111328
3996.583221435547
3927.2413940429688
3863.0740966796875
3797.705078125
3771.7308654785156
3694.0808715820312
3604.6995849609375
3550.682586669922
3500.471649169922
3446.9750061035156
3428.039337158203
3358.627731323242
3296.1932373046875
3246.622756958008
3191.929977416992
3145.391403198242
3103.366943359375
3069.8543548583984
3030.938201904297
2993.8871307373047
2955.3922119140625
2914.4603881835938
2871.9825744628906
2841.936065673828
2818.1314849853516
2782.3688354492188
2749.9202575683594
2726.3936920166016
2683.584991455078
2652.0975646972656
2623.173828125
2601.1597900390625
2577.018356323242
2543.2830963134766
2514.2691040039062
2493.6377716064453
2470.1311950683594
2444.8682250976562
2423.8388671875
2403.4998168945312
2384.7682495117188
2373.6987915039062
2356.225387573242
2335.439682006836
2322.9127197265625
2302.4766845703125
2300.8611907958984
2273.9952087402344
2262.899932861328
2250.262176513672
2231.1163940429688
2212.221206665039
2202.4530487060547
2191.2838134765625
2171.1231384277344
2157.1903076171875
2162.7349548339844
2161.581512451172
2178.2147064208984
2147.6204833984375
2112.7208709716797
2099.764144897461
2078.237503051758
2091.3185424804688
2063.4642486572266
2049.9657440185547
2028.4218444824219
2017.5877075195312
2001.3016815185547
1989.3798217773438
1988.8982696533203
1973.9176940917969
1968.2442626953125
1973.3212280273438
1989.0748596191406
1990.3835144042969
1964.5202178955078
2006.594482421875
1974.4326934814453
1976.4130096435547
1965.680404663086
1951.911376953125
1937.7487030029297
1930.9136352539062
1939.1769561767578
1938.65576171875
1970.8861083984375
1948.4581909179688
1945.4271392822266
1951.1100158691406
1944.8605346679688
1968.236831665039
1961.2230682373047
1924.2428283691406
1880.8164367675781
1857.4943084716797
1835.8373107910156
1813.1288452148438
1807.4281158447266
1799.9310607910156
1795.9656524658203
1780.5343475341797
1770.8104400634766
1763.8478546142578
1766.9779052734375
1757.70849609375
1753.1881256103516
1749.9027557373047
1758.9801940917969
1754.1120147705078
1734.7882537841797
1720.8241271972656
1710.0954284667969
1711.011734008789
1701.634521484375
1692.1465759277344
1694.5730590820312
1691.8362579345703
1686.0850982666016
1684.6842498779297
1683.1181030273438
1679.2953338623047
1672.8706817626953
1673.3226013183594
1671.2814636230469
1673.644760131836
1667.2025756835938
1674.0403289794922
1672.0822448730469
1670.5782470703125
1681.2154998779297
1708.9944763183594
1757.5845489501953
1760.8448944091797
1736.10986328125
1710.982177734375
1694.871078491211
1691.4986877441406
1670.4829406738281
1663.0887451171875
1658.7149505615234
1648.5101318359375
1624.8945922851562
1615.134765625
1603.363296508789
1600.6512756347656
1587.2387237548828
1577.5165710449219
1574.1932067871094
1575.802261352539
1575.3361358642578
1585.9626922607422
1593.3867492675781
1609.4667663574219
1613.286849975586
1637.6719665527344
1671.366683959961
1744.562728881836
1978.773208618164
2007.9813385009766
1850.1409912109375
1778.8278350830078
1706.0812530517578
1656.2535400390625
1622.2859191894531
1597.99072265625
1591.2859954833984
1586.2805633544922
1567.9546813964844
1565.2339172363281
1559.5099792480469
1553.4291229248047
1562.035171508789
1519.7031860351562
1581.0107421875
1517.225845336914
1538.7860870361328
1515.2496490478516
1516.602066040039
1514.3417663574219
1511.0704803466797
1512.1095123291016
1514.708984375
1507.5858154296875
1505.897216796875
1512.513442993164
1513.105712890625
1509.3008117675781
1514.7793426513672
1519.4932250976562
1502.7504425048828
1499.100845336914
1497.1236267089844
1489.681655883789
1481.217269897461
1470.7118530273438
1478.1717987060547
1479.1585693359375
1485.2925109863281
1484.0974578857422
1491.4190521240234
1500.33544921875
1522.3018493652344
1546.4791717529297
1582.093490600586
1600.0674896240234
1587.179946899414
1575.2498779296875
1566.958267211914
1545.1477813720703
1540.4759674072266
1538.1539764404297
1520.431655883789
1528.2313232421875
1537.4813385009766
1552.623046875
1541.5741424560547
1536.4774627685547
1557.7307586669922
1557.8256530761719
1579.2813720703125
1601.6570739746094
1583.232192993164
1578.2939758300781
1591.5331573486328
1586.7899017333984
1560.5153503417969
1562.8365936279297
1566.1609344482422
1558.4041595458984
1523.6057434082031
1511.8551940917969
1525.9803466796875
1544.433822631836
1574.5629119873047
1572.1192016601562
1539.9428405761719
1511.9698486328125
1482.5276641845703
1478.4005432128906
1459.4129180908203
1446.1875762939453
1443.754165649414
1440.2651672363281
1428.503173828125
1439.6724090576172
1446.587661743164
1436.3907318115234
1442.0343017578125
1437.6091766357422
1431.138198852539
1417.840576171875
1428.426025390625
1428.8641510009766
1444.0738983154297
1475.8934478759766
1485.7605590820312
1498.6305694580078
1493.8205261230469
1521.8612365722656
1541.8861236572266
1560.6736907958984
1559.4444885253906
1528.9969177246094
1510.6839141845703
1507.6343383789062
1484.4368591308594
