cost:	
1212737.76953125
1147325.46875
1080792.08984375
1017871.6640625
958498.46484375
901618.7265625
848879.80078125
798274.2734375
750974.01171875
706256.29296875
664769.1796875
624439.28125
587550.81640625
552511.14453125
518997.494140625
488332.515625
458931.0
431657.697265625
405867.564453125
382204.068359375
359417.318359375
338457.8212890625
319264.4560546875
300577.548828125
283624.115234375
267918.14453125
253307.224609375
239505.095703125
226866.724609375
215234.2451171875
204441.0107421875
194448.4404296875
185151.72021484375
176779.1279296875
168955.86962890625
161561.669921875
155177.63623046875
149031.5478515625
143544.4990234375
138543.57373046875
133885.05517578125
129577.71044921875
125740.984375
122270.109375
119102.18017578125
116166.75537109375
113537.513671875
111164.56884765625
108966.07080078125
107086.16650390625
105340.3720703125
103785.62646484375
102397.87353515625
101177.29931640625
100014.94482421875
98997.78588867188
98095.7607421875
97255.306640625
96506.30419921875
95804.505859375
95225.26171875
94663.71533203125
94197.77197265625
93749.2021484375
93347.21752929688
93010.45849609375
92683.41552734375
92402.7958984375
92153.591796875
91921.9150390625
91730.33544921875
91540.73901367188
91383.4765625
91239.79736328125
91111.21850585938
90997.181640625
90893.326171875
90798.16943359375
90723.38549804688
90642.22973632812
90583.39599609375
90521.5224609375
90474.14794921875
90418.08569335938
90374.47314453125
90339.68872070312
90304.6923828125
90273.63305664062
90241.50439453125
90217.40234375
90192.35888671875
90169.28125
90147.50219726562
90132.3740234375
90109.83154296875
90098.6181640625
90079.68359375
90062.72192382812
90049.5849609375
90035.0263671875
90021.18798828125
90003.59399414062
89992.30859375
89977.3994140625
89965.62060546875
89952.63696289062
89940.8623046875
89924.326171875
89911.36865234375
89896.4833984375
89873.7060546875
89857.7607421875
89837.88745117188
89820.603515625
89801.55737304688
89787.15673828125
89758.52514648438
89735.1669921875
89713.3798828125
89693.72338867188
89678.42333984375
89656.365234375
89638.98950195312
89605.21313476562
89580.12939453125
89523.99462890625
89481.16674804688
89443.79541015625
89407.84716796875
89379.10498046875
89349.70556640625
89314.16870117188
89280.2548828125
89225.44384765625
89104.0078125
88914.1279296875
88581.61108398438
88182.67504882812
87797.58520507812
87180.40625
86980.01879882812
86775.11499023438
86518.95166015625
86144.94946289062
85968.197265625
85652.0927734375
85253.740234375
85083.51953125
84932.97509765625
84813.2939453125
84680.724609375
84566.32006835938
84432.2548828125
84342.3515625
84250.39599609375
84031.6123046875
83873.32397460938
83669.61206054688
83532.01953125
83172.474609375
82942.1650390625
82805.78051757812
82706.07666015625
82617.09497070312
82557.42578125
82496.06640625
82437.037109375
82374.65576171875
82292.0791015625
82175.47973632812
82110.92016601562
82030.34008789062
81869.7099609375
81806.22094726562
81733.55541992188
81660.79565429688
81598.451171875
81502.39819335938
81439.40771484375
81392.75463867188
81330.84985351562
81274.521484375
81216.78149414062
81148.22119140625
81083.35278320312
81012.4912109375
80955.53173828125
80901.90185546875
80839.74877929688
80805.6796875
80766.87329101562
80737.92919921875
80700.72021484375
80664.96240234375
80627.64599609375
80590.67578125
80535.6669921875
80491.79663085938
80448.55419921875
80393.515625
80334.845703125
80298.23681640625
80266.76440429688
80237.51171875
80209.478515625
80177.05029296875
80149.61767578125
80115.03198242188
80088.00927734375
80042.77856445312
79999.20947265625
79773.96435546875
79697.837890625
79660.10522460938
79623.9892578125
79582.6884765625
79555.35766601562
79523.28442382812
79491.560546875
79463.01586914062
79435.94384765625
79403.4755859375
79375.65551757812
79349.77587890625
79322.83056640625
79296.07055664062
79264.74438476562
79244.33447265625
79202.11865234375
79174.83081054688
79144.53051757812
79121.244140625
79100.41552734375
79064.81958007812
79022.89086914062
78957.03857421875
78927.19750976562
78880.15600585938
78848.04321289062
78809.34228515625
78786.927734375
78751.5693359375
78728.02294921875
78701.39916992188
78675.47998046875
78651.51513671875
78628.6865234375
78603.0517578125
78582.15698242188
78558.07958984375
78534.25512695312
78510.71704101562
78485.12841796875
78457.96630859375
78435.74096679688
78420.755859375
78398.3603515625
78380.70654296875
78360.5634765625
78335.66381835938
78312.55200195312
78292.24365234375
78273.25024414062
78250.82568359375
78227.84716796875
78204.7041015625
78184.537109375
78159.19140625
78129.54711914062
78094.13232421875
78075.94360351562
78049.38134765625
78029.92163085938
78008.23095703125
77989.39453125
77972.6318359375
77955.44677734375
77930.9501953125
77896.13134765625
77876.5546875
77843.35620117188
77832.3798828125
77533.96606445312
77477.19384765625
77405.72436523438
77376.56518554688
77342.28637695312
77313.71801757812
77303.05688476562
77288.59252929688
77281.5224609375
77237.453125
77221.29760742188
77202.89575195312
77171.9814453125
77143.3037109375
77135.22924804688
77121.17895507812
77115.31518554688
77061.61010742188
77053.6357421875
77021.32934570312
76988.09155273438
76961.95434570312
76938.9697265625
76918.8857421875
76898.21850585938
76869.0556640625
76851.74829101562
76829.3818359375
76793.88305664062
76774.466796875
76743.77172851562
76710.30786132812
76687.9541015625
76661.6806640625
76649.2744140625
76637.24560546875
76602.60546875
76583.77880859375
76562.02416992188
76544.98608398438
76524.31958007812
76512.40478515625
76487.8798828125
76458.1962890625
76425.25708007812
76406.81469726562
76376.13647460938
76353.09350585938
76342.83984375
76318.50830078125
76302.59765625
76291.47119140625
76264.66162109375
76239.232421875
76225.5576171875
76184.92724609375
76175.12182617188
76182.8837890625
76129.65747070312
76106.41259765625
76073.00634765625
76055.38403320312
76046.47705078125
76015.18676757812
75982.94458007812
75950.27954101562
75928.29711914062
75904.69409179688
75870.51953125
75861.66528320312
75852.8349609375
75796.310546875
75770.57788085938
75734.79370117188
75677.11767578125
75647.7939453125
75626.61572265625
75604.93359375
75588.21850585938
75582.5751953125
75552.4296875
75528.44287109375
75501.9697265625
75515.39575195312
75472.85668945312
75446.27709960938
75412.05712890625
75390.158203125
75363.9306640625
75339.99438476562
75307.43994140625
75286.60400390625
75258.357421875
75237.66528320312
75222.85400390625
75195.36547851562
75171.7080078125
75155.3955078125
75125.21728515625
75106.27978515625
75086.91357421875
75063.23120117188
75053.384765625
75043.1201171875
75033.24853515625
75015.91967773438
74981.87133789062
74961.02587890625
74974.197265625
74939.92309570312
74895.27270507812
74889.30712890625
74891.47192382812
74871.21118164062
74804.64526367188
74789.5927734375
74782.41333007812
74712.10888671875
