cost:	
900712.689453125
248476.76953125
115838.87109375
112814.32421875
97453.43212890625
94399.068359375
93101.55859375
92252.39501953125
91898.20703125
91783.55419921875
91478.24047851562
91351.17431640625
91125.28857421875
90918.17211914062
90707.33056640625
90375.24560546875
90061.43481445312
89820.4443359375
89633.46533203125
89459.609375
88974.71997070312
88584.39794921875
88253.55322265625
87885.87109375
87413.79833984375
87102.71850585938
86595.27734375
86280.02099609375
85793.71411132812
85327.19775390625
84916.37329101562
84667.24462890625
84135.96362304688
83722.5859375
83353.1376953125
82823.498046875
82402.64892578125
81902.708984375
81607.14453125
81098.51635742188
80645.14013671875
80142.84228515625
79673.43334960938
79197.2724609375
78964.6552734375
78378.36572265625
77939.93212890625
77534.43798828125
77079.1171875
76539.05590820312
76152.29345703125
75840.96044921875
75147.96948242188
74775.98291015625
74298.38623046875
73974.45556640625
73483.8251953125
73065.93774414062
72735.39282226562
72262.51904296875
71928.05493164062
71435.60864257812
71125.72143554688
70777.79296875
70282.45434570312
69915.025390625
69522.25366210938
69083.20141601562
68734.01489257812
68309.82177734375
67898.4248046875
67559.2939453125
67165.3974609375
66765.52734375
66311.69946289062
65983.4658203125
65559.47143554688
65162.5341796875
64722.3193359375
64334.907958984375
63943.49951171875
63518.5283203125
63090.7763671875
62644.8173828125
62265.177490234375
61853.90966796875
61442.526123046875
61081.0400390625
60628.350830078125
60201.470947265625
59671.2880859375
59270.312255859375
58902.3955078125
58451.474609375
58068.20263671875
57581.20361328125
57146.33447265625
56742.6044921875
56364.436279296875
55847.689453125
55486.256591796875
54979.492919921875
54582.739013671875
54104.168701171875
53687.749755859375
53262.3154296875
52866.126953125
52372.513916015625
51872.900390625
51488.625732421875
50999.41650390625
50570.617431640625
50136.89453125
49653.271240234375
49252.951171875
48710.88916015625
48335.574951171875
47854.609375
47382.718505859375
46947.3095703125
46455.909423828125
45993.13671875
45593.95617675781
45112.80969238281
44600.826171875
44163.16064453125
43689.07958984375
43233.72216796875
42812.67687988281
42322.955078125
41848.553955078125
41382.97155761719
40910.77197265625
40435.19970703125
39949.710205078125
39556.3828125
39057.58874511719
38681.77062988281
38177.84130859375
37770.484375
37285.23107910156
36765.651123046875
36350.29443359375
35837.68933105469
35442.91247558594
34966.26525878906
34502.912353515625
34077.50280761719
33632.45007324219
33183.09069824219
32707.671264648438
32280.211059570312
31887.855102539062
31445.011108398438
30982.723266601562
30613.903564453125
30181.443359375
29795.937133789062
29356.705078125
28970.6318359375
28570.719360351562
28178.685913085938
27760.32666015625
27353.569580078125
26945.433959960938
26577.38690185547
26210.370483398438
25798.397705078125
25444.4609375
25054.439331054688
24716.415405273438
24348.86962890625
23974.1923828125
23600.913208007812
23247.216796875
22883.92352294922
22563.203552246094
22231.47705078125
21865.014709472656
21513.380432128906
21207.61181640625
20905.82568359375
20554.851318359375
20242.458374023438
19923.5888671875
19597.3720703125
19313.06298828125
19003.87890625
18727.399780273438
18431.409301757812
18139.873657226562
17834.978393554688
17585.665649414062
17318.841064453125
17012.32080078125
16737.268981933594
16456.13262939453
16182.823852539062
15916.912902832031
15667.513000488281
15441.661010742188
15201.800598144531
14953.114562988281
14740.586791992188
14537.435852050781
14312.776184082031
14073.237976074219
13832.815185546875
13615.69873046875
13423.333862304688
13215.779541015625
12996.686584472656
12807.658630371094
12606.660400390625
12393.115173339844
12192.526123046875
11994.020202636719
11807.943817138672
11634.687438964844
11450.641662597656
11274.707824707031
11098.360229492188
10922.687530517578
10753.292388916016
10589.109283447266
10422.085693359375
10252.127136230469
10098.006286621094
9941.927124023438
9788.700469970703
9643.6318359375
9481.313873291016
9342.755249023438
9186.700805664062
9054.809783935547
8893.813995361328
8765.833404541016
8632.408081054688
8481.178527832031
8360.811492919922
8215.119812011719
8078.76171875
7948.249420166016
7836.8594970703125
7712.517364501953
7592.929168701172
7485.539947509766
7375.208648681641
7245.98095703125
7132.044281005859
7029.950134277344
6917.81103515625
6814.846282958984
6709.547760009766
6607.972930908203
6530.417297363281
6492.9825439453125
6436.1728515625
6335.859313964844
6232.99462890625
6113.998962402344
6016.813446044922
5938.896530151367
5850.661346435547
5764.6357421875
5663.604583740234
5571.06120300293
5478.353790283203
5411.7059326171875
5329.567291259766
5241.278610229492
5156.58837890625
5083.546112060547
5017.233383178711
4949.655364990234
4872.860824584961
4831.395919799805
4773.155838012695
4714.869079589844
4615.516784667969
4537.264297485352
4475.49739074707
4398.161239624023
4326.69856262207
4260.909851074219
4206.305755615234
4177.874038696289
4097.697280883789
4038.658218383789
3966.563690185547
3924.1512298583984
3868.336868286133
3810.723648071289
3747.264938354492
3692.364990234375
3636.455047607422
3589.1941528320312
3535.2164001464844
3486.4759216308594
3434.8323669433594
3396.4734649658203
3353.959243774414
3317.09619140625
3271.0364685058594
3219.661331176758
3176.392578125
3138.4063568115234
3103.1600494384766
3060.89453125
3013.772918701172
2997.7076873779297
2974.162124633789
2953.180488586426
2916.9229583740234
2873.477996826172
2835.149887084961
2796.9115600585938
2737.5779037475586
2692.6106185913086
2655.2452239990234
2625.3663177490234
2581.860565185547
2547.3262252807617
2511.9452514648438
2488.904296875
2461.3356018066406
2434.1368865966797
2417.9528198242188
2405.6641540527344
2386.881393432617
2332.0125885009766
2309.8138122558594
2276.536880493164
2258.022003173828
2220.54972076416
2181.524482727051
2150.8643951416016
2124.721389770508
2099.6253509521484
2081.2610931396484
2055.438201904297
2038.0951080322266
2018.4262237548828
1986.8020248413086
1956.7539672851562
1918.8686599731445
1900.4176483154297
1886.2440643310547
1867.064437866211
1859.1960372924805
1843.900749206543
1816.3384170532227
1790.6274719238281
1767.5401153564453
1737.988380432129
1701.166862487793
1686.2499618530273
1676.9520721435547
1656.6163940429688
1653.6260223388672
1639.0724029541016
1611.9911651611328
1615.8244705200195
1619.5542373657227
1617.1231079101562
1588.1676864624023
1580.1107482910156
1566.8802185058594
1564.5988540649414
1561.1529159545898
1556.0951385498047
1516.647933959961
1481.3715515136719
1444.0905685424805
1411.1876907348633
1400.9708251953125
1390.2308921813965
1382.4681701660156
1359.339828491211
1330.724998474121
1335.6550827026367
1318.450942993164
1300.0769805908203
1287.8191146850586
1272.9033279418945
1260.068489074707
1244.5285034179688
1239.023048400879
1229.6775741577148
1205.7065353393555
1190.159194946289
1185.412612915039
1184.742416381836
1177.487564086914
1163.518051147461
1136.9185028076172
1118.5236053466797
1122.2773742675781
1123.029151916504
1122.759407043457
