cost:	
1181391.09765625
690092.66796875
377959.150390625
250535.798828125
213478.880859375
202068.4384765625
193730.490234375
186926.9873046875
182227.265625
178568.966796875
175637.6376953125
173123.39453125
171026.7490234375
169162.0771484375
167635.861328125
166274.1982421875
165024.4697265625
164008.6552734375
163018.146484375
162148.8779296875
161401.9775390625
160724.494140625
160101.8623046875
159495.580078125
158960.2548828125
158578.2783203125
158073.6650390625
157650.7119140625
157275.4306640625
156938.400390625
156595.38671875
156251.3935546875
155974.7158203125
155638.189453125
155372.26171875
155180.8525390625
154909.828125
154618.8544921875
154463.7744140625
154141.5947265625
154005.408203125
153662.6376953125
153535.0498046875
153381.84375
153156.408203125
152977.5107421875
152775.556640625
152640.0810546875
152356.388671875
152248.556640625
152024.9111328125
151850.3330078125
151809.4375
151528.4482421875
151433.958984375
151170.1845703125
151083.05078125
150915.6328125
150715.1005859375
150702.310546875
150483.6796875
150302.38671875
150209.5546875
149930.818359375
149896.9033203125
149730.607421875
149575.89453125
149466.8076171875
149255.9833984375
149079.927734375
148989.314453125
148867.1396484375
148612.7216796875
148525.72265625
148400.6650390625
148178.314453125
148120.5595703125
147953.822265625
147830.201171875
147671.7412109375
147499.8271484375
147366.7041015625
147203.9169921875
147080.53515625
146953.0400390625
146822.87109375
146712.7568359375
146536.328125
146440.677734375
146241.95703125
146159.306640625
145902.505859375
145845.904296875
145641.4189453125
145575.5888671875
145390.982421875
145182.6796875
145170.0791015625
144918.9775390625
144759.49609375
144717.966796875
144485.0986328125
144443.318359375
144245.1591796875
144157.9892578125
143955.8056640625
143803.4765625
143790.6337890625
143565.224609375
143538.3525390625
143268.2529296875
143193.0234375
143032.439453125
142888.267578125
142714.369140625
142620.5107421875
142536.52734375
142327.6591796875
142372.7265625
142143.033203125
141974.8837890625
141855.5400390625
141784.4609375
141597.498046875
141425.5908203125
141282.8125
141167.8154296875
141158.62109375
140964.8837890625
140788.9296875
140647.4052734375
140521.8916015625
140434.9775390625
140192.0185546875
140084.0771484375
140024.849609375
139875.140625
139779.783203125
139717.36865234375
139493.2666015625
139387.7158203125
139238.642578125
139111.15625
138995.9111328125
138888.7490234375
138690.234375
138546.1484375
138546.6396484375
138289.98828125
138279.8955078125
138039.080078125
137877.3525390625
137750.9921875
137684.826171875
137562.2021484375
137386.48095703125
137276.1787109375
137202.087890625
136955.5458984375
136956.486328125
136868.3828125
136759.74169921875
136635.3857421875
136502.6640625
136335.4736328125
136266.287109375
136118.90283203125
135992.96240234375
135918.33740234375
135721.0380859375
135745.3232421875
135560.54296875
135401.6455078125
135285.1044921875
135143.0537109375
135078.228515625
134968.00390625
134799.8916015625
134682.2470703125
134546.818359375
134433.2880859375
134319.2568359375
134173.81005859375
134161.796875
134016.0205078125
133956.07421875
133829.033203125
133707.7734375
133567.3876953125
133476.837890625
133365.5400390625
133201.9033203125
133146.01904296875
133036.86865234375
132858.41796875
132778.2685546875
132654.5849609375
132598.8046875
132384.8837890625
132275.4873046875
132219.3935546875
132052.9697265625
131968.3984375
131754.31982421875
131729.2177734375
131645.00732421875
131562.42578125
131460.7412109375
131316.5283203125
131194.4521484375
131189.21484375
130986.755859375
130872.9677734375
130765.1064453125
130681.8876953125
130560.22265625
130518.5234375
130361.3037109375
130355.46826171875
130196.6484375
130114.66064453125
129953.552734375
129877.37109375
129764.3076171875
129686.7431640625
129562.259765625
129442.4931640625
129408.001953125
129250.1015625
129136.8515625
129079.90625
128961.80859375
128867.4169921875
128840.45458984375
128565.2294921875
128550.603515625
128484.6904296875
128350.4814453125
128280.5087890625
128156.9072265625
128074.185546875
128063.0732421875
127847.2197265625
127786.5068359375
127636.3125
127569.95703125
127393.21240234375
127392.5986328125
127279.28125
127130.07470703125
126983.7392578125
126915.515625
126880.0830078125
126692.986328125
126676.30859375
126579.9794921875
126446.361328125
126356.7021484375
126288.40625
126246.7373046875
126054.58740234375
125965.4267578125
125864.32421875
125848.9306640625
125890.98681640625
125781.2412109375
125581.49853515625
125525.51953125
125433.82470703125
125272.8603515625
125155.189453125
125158.26611328125
125009.921875
124966.5869140625
124950.1474609375
124881.8212890625
124677.47265625
124594.85400390625
124614.3291015625
124436.65087890625
124478.732421875
124293.91943359375
124196.67529296875
124053.19140625
124048.2763671875
123923.333984375
123844.962890625
123637.0380859375
123685.033203125
123475.36083984375
123347.62939453125
123301.9951171875
123141.83056640625
123074.7529296875
123007.86474609375
122764.3583984375
122656.4033203125
122596.8076171875
122403.7802734375
122295.8388671875
122270.0283203125
122170.6025390625
122112.021484375
121989.75
121840.4853515625
121736.30908203125
121670.30078125
121613.83935546875
121482.14111328125
121620.0947265625
121403.0478515625
121233.9794921875
121169.88037109375
121057.638671875
120985.6572265625
120839.9501953125
120825.56640625
120927.07861328125
120744.4775390625
120626.2314453125
120607.029296875
120578.48828125
120437.47509765625
120343.7822265625
120386.91015625
120188.267578125
120092.48486328125
120020.16845703125
119865.908203125
119716.9140625
119723.6123046875
119730.90966796875
119490.0498046875
119528.8740234375
119426.52490234375
119384.7392578125
119214.125
119206.4228515625
119177.1171875
119019.53515625
119192.2001953125
118998.4091796875
118814.939453125
118771.7294921875
118584.3134765625
118588.9794921875
118527.8056640625
118430.40283203125
118346.939453125
118460.0546875
118175.5146484375
118222.66796875
118236.400390625
118132.099609375
117911.1982421875
117928.4072265625
117862.75341796875
117826.50732421875
117716.537109375
117677.11083984375
117509.9248046875
117486.25732421875
117419.11962890625
117327.19482421875
117244.7841796875
117173.42431640625
117149.3369140625
117143.1416015625
116965.884765625
116951.5146484375
116859.37353515625
116818.9833984375
116756.19140625
116755.896484375
116583.4365234375
116539.2626953125
116479.9736328125
116498.65478515625
116305.77197265625
116282.76171875
116179.74169921875
116194.552734375
116068.7060546875
116020.927734375
115971.9130859375
115932.3076171875
115782.5546875
115860.328125
115687.31005859375
115711.828125
115543.2841796875
115560.27099609375
115394.603515625
115362.0205078125
115304.828125
115335.60205078125
115296.20654296875
115191.8046875
115130.8212890625
115045.43994140625
