cost:	
1135574.50390625
453968.67578125
287602.390625
259430.248046875
222051.421875
202373.287109375
188829.76953125
178776.177734375
171304.388671875
165268.6025390625
160590.845703125
156631.40625
153395.4560546875
150548.78125
148286.48046875
146251.5322265625
144479.099609375
142976.4677734375
141759.2763671875
140595.421875
139665.6689453125
138855.63671875
137870.9375
137359.126953125
136742.626953125
135915.5185546875
135591.95703125
135179.3681640625
134753.794921875
134347.3388671875
134128.0615234375
133779.2392578125
133375.34765625
133194.7822265625
133013.333984375
132850.416015625
132542.1884765625
132430.509765625
132049.25439453125
131986.4072265625
131807.451171875
131743.7666015625
131400.21484375
131444.32861328125
131151.90380859375
131045.1357421875
130987.3017578125
130745.5009765625
130708.91748046875
130608.41845703125
130318.8603515625
130273.6328125
130064.2080078125
130039.2587890625
129843.88525390625
129949.9208984375
129795.7490234375
129725.931640625
129479.9580078125
129492.8486328125
129436.4013671875
129060.98828125
129169.38671875
129133.2197265625
128794.4287109375
128879.564453125
128870.9873046875
128520.4755859375
128488.7724609375
128508.31689453125
128421.1962890625
128208.4833984375
128177.232421875
127947.16796875
127892.89990234375
127849.1376953125
127909.5810546875
127782.09521484375
127927.44873046875
127883.3173828125
127620.4423828125
127380.78662109375
127328.12109375
127358.1904296875
127301.8271484375
127182.5078125
127067.15673828125
126866.0849609375
126789.65380859375
126743.380859375
126646.1123046875
126559.30078125
126552.201171875
126349.36181640625
126255.5400390625
126109.45068359375
126146.267578125
125992.81640625
125950.79296875
125784.7255859375
125592.52734375
125355.505859375
125428.2431640625
125427.5126953125
125604.3369140625
125271.6298828125
125199.7060546875
125244.4833984375
125047.16015625
124904.2548828125
124834.2353515625
124761.845703125
124738.3427734375
124542.7646484375
124565.2470703125
124408.4384765625
124534.0673828125
124362.146484375
124318.61083984375
124188.5849609375
124113.95068359375
124107.001953125
123959.037109375
123872.55224609375
123728.587890625
123789.2294921875
123587.3544921875
123576.44677734375
123486.62939453125
123313.19091796875
123445.3056640625
123240.3310546875
123229.6728515625
123215.0771484375
123229.81640625
122712.0283203125
122621.3876953125
122468.95654296875
122510.6630859375
122566.169921875
122500.1533203125
122269.94482421875
122018.58349609375
121855.6396484375
122178.3203125
121945.02392578125
121914.80078125
121610.28125
121604.6064453125
121464.7119140625
121585.7421875
121330.5322265625
121146.46044921875
121144.15234375
120732.1181640625
121082.04833984375
121429.8056640625
120818.6650390625
120881.55517578125
121190.2724609375
120722.865234375
120569.470703125
120310.986328125
120472.1962890625
120386.5498046875
120045.1552734375
120136.94921875
119949.3349609375
119774.49609375
119694.3681640625
119678.32958984375
119553.32080078125
119434.154296875
119603.2265625
119488.2861328125
119219.6455078125
119478.51220703125
119132.6142578125
119147.3583984375
119272.966796875
119029.0146484375
119029.4443359375
119007.111328125
119107.2109375
118741.28564453125
118664.44970703125
118692.92041015625
118635.771484375
118505.73046875
118393.9716796875
118223.783203125
118479.8173828125
118784.86767578125
118466.7392578125
118405.994140625
118279.298828125
118111.82958984375
117982.7724609375
118032.59033203125
118008.2939453125
117735.12890625
117916.046875
117555.7373046875
118004.658203125
117616.404296875
117496.4609375
117576.7734375
117221.8828125
117229.81884765625
117091.2939453125
117088.2216796875
116997.5751953125
116969.490234375
117087.8916015625
117415.505859375
117089.12890625
116689.98828125
116731.9296875
116909.146484375
116852.337890625
116851.3154296875
116674.9443359375
116270.5595703125
116464.5556640625
116238.7529296875
116577.8857421875
116296.763671875
116151.08251953125
115970.392578125
116014.5390625
115925.08056640625
115946.78759765625
115891.833984375
115944.8681640625
115624.953125
115650.9482421875
115748.306640625
115592.28955078125
115646.9873046875
115739.314453125
115876.4521484375
115469.2021484375
115362.4501953125
115331.30224609375
115422.7412109375
115564.2392578125
115498.93359375
115270.9658203125
115053.5234375
114989.3193359375
115095.64697265625
114860.7841796875
114863.125
114702.7138671875
114654.8740234375
114547.30615234375
114502.1865234375
114706.24755859375
114624.65234375
114543.9580078125
114480.9296875
114498.1826171875
114670.052734375
114873.8583984375
114235.93310546875
114195.4423828125
114219.486328125
114340.876953125
114480.7294921875
114060.556640625
113950.50146484375
114046.1298828125
113829.98193359375
113943.3134765625
113990.76513671875
113905.67919921875
113699.77734375
113549.38427734375
113560.5927734375
113559.63525390625
113510.712890625
113692.6630859375
113376.21484375
113221.6552734375
113355.8203125
113430.2001953125
113507.267578125
113322.748046875
112985.95361328125
113004.51904296875
113061.814453125
112909.2001953125
113003.5517578125
112847.20166015625
112886.1748046875
112863.28369140625
112855.13671875
112626.2744140625
112624.30078125
112616.5322265625
112561.95556640625
112625.7626953125
112550.7021484375
112523.02490234375
112334.9345703125
112278.2626953125
112245.0693359375
112081.79931640625
112238.8115234375
112163.38232421875
112364.5947265625
112071.91796875
112081.873046875
111888.6630859375
112046.0927734375
111900.693359375
111844.53271484375
111829.859375
111745.046875
111838.0576171875
111635.7158203125
111617.1875
111615.5478515625
111726.35302734375
111547.0107421875
111445.994140625
111346.1220703125
111346.689453125
111651.1396484375
111984.1943359375
111303.04248046875
111259.89208984375
111165.4833984375
111219.2666015625
111412.6875
111380.880859375
111053.0888671875
110868.87158203125
111032.8759765625
111082.21728515625
110907.53564453125
110872.349609375
110889.2958984375
110738.775390625
110669.51416015625
110748.64453125
110684.61279296875
110862.6884765625
110785.435546875
110607.4228515625
110520.30810546875
110726.58544921875
110258.689453125
110315.8681640625
110327.89599609375
110089.56494140625
110139.2080078125
110203.46728515625
110286.841796875
110093.8955078125
110135.0224609375
110124.892578125
110097.73681640625
110054.66943359375
110018.99609375
110031.67724609375
109769.3212890625
109820.75537109375
109858.0712890625
109822.685546875
109842.6630859375
109787.2255859375
109634.46875
109619.18359375
109653.5986328125
109419.1533203125
109483.98046875
109440.93115234375
109328.91015625
109276.3583984375
109407.78515625
109513.9404296875
109258.86865234375
109211.5458984375
109352.2373046875
109394.01953125
109074.7822265625
109140.326171875
109007.7587890625
109019.4736328125
108932.26953125
108981.9130859375
109263.6240234375
109419.220703125
109394.64404296875
109054.35546875
108788.25439453125
108978.4404296875
108779.5478515625
108721.3544921875
