cost:	
901117.912109375
252653.44677734375
113228.0576171875
113219.81396484375
97857.44091796875
93958.30004882812
92833.18676757812
91889.8115234375
91500.79125976562
91224.12646484375
90954.9892578125
90671.68212890625
90369.31079101562
90178.68310546875
89753.29418945312
89411.37646484375
89004.82080078125
88697.51171875
88178.02319335938
87764.53247070312
87054.19189453125
86715.72705078125
86085.78173828125
85716.6611328125
85266.6962890625
84585.00610351562
84135.40234375
83639.3447265625
83183.05029296875
82658.13623046875
82239.75708007812
81902.25610351562
81261.34497070312
80866.90380859375
80355.89575195312
79988.35595703125
79578.03735351562
79078.93017578125
78615.703125
78058.20971679688
77636.95361328125
77152.6474609375
76659.83813476562
76262.98803710938
75817.4013671875
75385.53686523438
75105.22729492188
74638.2783203125
74050.1279296875
73643.8857421875
73211.20483398438
72622.04638671875
72455.00927734375
71861.37109375
71483.50854492188
71120.142578125
70569.62084960938
70318.0859375
69790.38134765625
69388.62353515625
68983.681640625
68548.439453125
68200.51147460938
67638.04077148438
67406.20751953125
66924.86645507812
66537.81811523438
66122.05444335938
65673.72583007812
65340.216796875
64888.020751953125
64490.279052734375
63997.273193359375
63636.5302734375
63159.495849609375
62741.375
62449.496337890625
61870.55126953125
61504.873291015625
61133.30029296875
60529.29248046875
60170.547607421875
59725.1123046875
59347.408203125
58900.211669921875
58481.660888671875
57968.43017578125
57629.123046875
57132.7216796875
56681.16796875
56312.45947265625
55729.885498046875
55375.755126953125
54861.876708984375
54427.957763671875
53915.349365234375
53453.68701171875
53042.4521484375
52597.732177734375
52202.01708984375
51663.64111328125
51161.015625
50658.2783203125
50182.266845703125
49734.46533203125
49250.472412109375
48775.907958984375
48295.614501953125
47823.264404296875
47369.559814453125
46919.198486328125
46414.5341796875
45975.453369140625
45533.37829589844
44985.31359863281
44497.67333984375
44000.97009277344
43551.29736328125
43023.2119140625
42527.717529296875
42080.908447265625
41531.975830078125
41084.603515625
40606.72082519531
40099.333740234375
39584.005615234375
39127.83825683594
38680.377197265625
38164.343505859375
37623.943359375
37195.86706542969
36676.89892578125
36181.87158203125
35696.26354980469
35183.01721191406
34716.2294921875
34251.602294921875
33749.68591308594
33279.541748046875
32820.528076171875
32403.364868164062
31897.150390625
31447.178466796875
31000.906005859375
30561.554321289062
30108.935791015625
29671.416625976562
29205.3642578125
28794.94091796875
28301.578979492188
27931.8388671875
27546.581420898438
27115.594970703125
26736.292114257812
26325.889404296875
25918.251953125
25528.826538085938
25170.375610351562
24819.855590820312
24400.411376953125
24038.047302246094
23620.597900390625
23296.925048828125
22909.154907226562
22572.62548828125
22214.804809570312
21879.109802246094
21534.244506835938
21202.640747070312
20879.308044433594
20555.178955078125
20212.203186035156
19894.187438964844
19577.967895507812
19278.61651611328
18971.468811035156
18690.0732421875
18382.266662597656
18086.297973632812
17828.671264648438
17498.514129638672
17226.33270263672
16944.81201171875
16677.130737304688
16417.195556640625
16143.930603027344
15866.290466308594
15619.337524414062
15382.903686523438
15136.328735351562
14899.208862304688
14653.463500976562
14455.063354492188
14194.569213867188
13987.66830444336
13746.988952636719
13507.061096191406
13313.379516601562
13089.285858154297
12869.126037597656
12669.117248535156
12439.9658203125
12244.897888183594
12040.7099609375
11863.189697265625
11670.063537597656
11513.986572265625
11343.66162109375
11150.242218017578
10970.481506347656
10809.609344482422
10638.796936035156
10459.954193115234
10295.867492675781
10135.922912597656
9988.735656738281
9835.410614013672
9658.26596069336
9508.532958984375
9346.127319335938
9201.63037109375
9066.79232788086
8923.696350097656
8800.388122558594
8648.060272216797
8514.758575439453
8386.520294189453
8251.30062866211
8115.413116455078
8014.272277832031
7869.898406982422
7759.2647705078125
7636.600982666016
7529.782012939453
7426.169189453125
7294.101348876953
7178.963348388672
7065.786956787109
6967.1353759765625
6848.362243652344
6752.924255371094
6659.166046142578
6514.245452880859
6409.470733642578
6297.985931396484
6193.845367431641
6100.624725341797
6002.243682861328
5917.034088134766
5827.713134765625
5730.2581787109375
5626.040435791016
5550.321365356445
5461.248596191406
5384.861358642578
5308.347152709961
5225.92236328125
5148.010986328125
5074.492782592773
4985.895553588867
4937.326370239258
4854.433654785156
4773.7491455078125
4703.452224731445
4623.437225341797
4566.487258911133
4495.984237670898
4420.306411743164
4362.995849609375
4283.12663269043
4211.058944702148
4148.761276245117
4097.644622802734
4083.798599243164
4041.116729736328
3977.550338745117
3908.9092559814453
3864.5051879882812
3781.4769592285156
3702.247833251953
3636.1970977783203
3572.705612182617
3520.9915313720703
3469.0367584228516
3416.5069122314453
3367.052261352539
3328.290557861328
3296.9170684814453
3249.8108673095703
3194.400489807129
3151.381362915039
3123.2696380615234
3073.3058013916016
3024.9383239746094
2964.8607025146484
2919.9070892333984
2864.405746459961
2822.7251892089844
2780.479751586914
2744.1353759765625
2687.7698669433594
2653.8732299804688
2624.439666748047
2585.848991394043
2548.2268676757812
2507.587333679199
2461.3487243652344
2428.4817428588867
2401.730194091797
2391.252082824707
2373.4468994140625
2340.5614852905273
2314.1306343078613
2271.2444610595703
2233.3612518310547
2217.0378952026367
2191.5839233398438
2135.8780822753906
2099.925506591797
2079.082130432129
2056.5102615356445
2029.1343994140625
2013.7505111694336
1977.9135437011719
1969.9943466186523
1946.601905822754
1920.017677307129
1909.5930709838867
1896.6102905273438
1857.7707214355469
1819.0356254577637
1790.2043838500977
1762.2075271606445
1748.409797668457
1711.3015670776367
1680.19970703125
1650.444450378418
1628.674690246582
1600.5337219238281
1580.9614562988281
1557.8041381835938
1540.210708618164
1513.7712326049805
1479.1374320983887
1457.85400390625
1435.5895080566406
1441.6716842651367
1427.2172737121582
1419.0369262695312
1402.1119918823242
1380.840675354004
1356.3908653259277
1351.3236541748047
1328.3010025024414
1336.8720741271973
1304.0121307373047
1295.899513244629
1280.2669792175293
1276.9653854370117
1230.0011596679688
1206.2704048156738
1167.3137664794922
1147.2096328735352
1118.8644180297852
1111.033359527588
1102.009220123291
1091.3097839355469
1084.6653518676758
1079.3437614440918
1080.2238693237305
1090.7566184997559
1101.2449226379395
1084.6633758544922
1073.522304534912
1063.375961303711
1035.7039413452148
1007.8546180725098
986.7656402587891
958.7153244018555
951.3450393676758
945.6172370910645
923.9401626586914
924.6699295043945
901.4488677978516
898.4520111083984
884.2678108215332
899.9546279907227
890.3459777832031
867.3997688293457
857.0011215209961
831.095890045166
815.4289321899414
806.9024505615234
803.0505599975586
811.3407821655273
804.3353862762451
797.103084564209
787.4537200927734
762.9695091247559
761.8146381378174
