cost:	
701930.6064453125
153759.2216796875
127407.56103515625
105794.17041015625
99412.36181640625
96630.20751953125
94721.43310546875
93395.58984375
92301.76708984375
91040.3134765625
89899.08251953125
88625.4052734375
87349.9365234375
85946.5107421875
84519.97900390625
83042.1201171875
81592.986328125
80157.08447265625
78813.4072265625
77426.98583984375
75945.2783203125
74625.54248046875
73294.298828125
72104.87353515625
70783.07373046875
69521.67846679688
68218.65307617188
67038.22045898438
65919.5869140625
64844.529541015625
63616.39697265625
62561.51806640625
61441.036865234375
60185.114501953125
59034.46484375
58128.0029296875
56934.89013671875
55927.6767578125
54829.74560546875
53809.268310546875
52692.48095703125
51673.68994140625
50691.1279296875
49634.486328125
48740.638671875
47675.43115234375
46665.6689453125
45687.50439453125
44757.302734375
43831.701171875
42851.12158203125
42000.564697265625
41044.23693847656
40208.60400390625
39379.220947265625
38562.37316894531
37758.20617675781
36966.606201171875
36175.314697265625
35420.523681640625
34769.773193359375
34045.67370605469
33224.85595703125
32562.414794921875
31849.417114257812
31214.285400390625
30602.756469726562
29949.689208984375
29393.959228515625
28813.265991210938
28197.612060546875
27654.164794921875
27139.0185546875
26548.569091796875
26092.197509765625
25641.374633789062
25172.937866210938
24703.8125
24278.40478515625
23835.37890625
23366.1767578125
22952.349609375
22573.003540039062
22221.913696289062
21828.222412109375
21506.381713867188
21132.807983398438
20829.993408203125
20507.43359375
20204.441772460938
19915.674194335938
19627.939208984375
19356.41064453125
19067.054443359375
18820.822265625
18579.560302734375
18342.03076171875
18118.050537109375
17879.445434570312
17637.533569335938
17410.21533203125
17202.804931640625
17007.009887695312
16824.058837890625
16639.079833984375
16470.01904296875
16310.489501953125
16128.093017578125
15988.485961914062
15828.00634765625
15678.592895507812
15525.406372070312
15385.029052734375
15248.552856445312
15124.173828125
15009.154296875
14887.557983398438
14770.737670898438
14644.388793945312
14513.7490234375
14445.84521484375
14313.42822265625
14191.8291015625
14080.298950195312
13981.233764648438
13895.591674804688
13798.389038085938
13727.2822265625
13680.03857421875
13581.918090820312
13531.89208984375
13510.34375
13490.229858398438
13372.992065429688
13246.968627929688
13133.066284179688
13039.461669921875
12952.302734375
12870.266479492188
12795.9072265625
12722.732788085938
12651.703979492188
12571.725830078125
12501.234130859375
12451.275512695312
12381.127563476562
12328.193237304688
12271.55224609375
12217.480712890625
12164.341796875
12109.44091796875
12056.870849609375
12010.767822265625
11974.13916015625
11934.672973632812
11882.649047851562
11851.920288085938
11811.935424804688
11768.607055664062
11721.69921875
11685.057250976562
11645.624633789062
11611.100219726562
11581.810424804688
11545.0
11509.734252929688
11497.253295898438
11483.034545898438
11470.520141601562
11407.572631835938
11379.480163574219
11413.359619140625
11457.513305664062
11426.005493164062
11354.012145996094
11279.553527832031
11228.608703613281
11199.809631347656
11173.1640625
11150.405578613281
11080.309387207031
11062.052917480469
11046.483581542969
11022.0078125
10984.492431640625
10970.812377929688
10988.44384765625
10982.8935546875
10940.047180175781
10908.980895996094
10934.555847167969
10924.273193359375
10876.572082519531
10813.653076171875
10787.305114746094
10765.200866699219
10835.046752929688
10811.76123046875
10724.682495117188
10720.821228027344
10759.515380859375
10808.100036621094
10742.411926269531
10630.971862792969
10547.729125976562
10491.319702148438
10462.243957519531
10450.14501953125
10432.62060546875
10416.5654296875
10390.109436035156
10373.860168457031
10364.874084472656
10354.676147460938
10355.729125976562
10364.848205566406
10412.059753417969
10392.518310546875
10388.906616210938
10398.639892578125
10350.018127441406
10320.286560058594
10299.130920410156
10287.487609863281
10388.125610351562
10371.955810546875
10252.777221679688
10199.774719238281
10180.658508300781
10147.901672363281
10130.023315429688
10113.381958007812
10095.508850097656
10073.203186035156
10058.097351074219
10052.489135742188
10039.156921386719
10024.960754394531
10018.000427246094
10000.713317871094
9992.800354003906
9983.376708984375
9976.632873535156
9978.962768554688
9979.454895019531
10070.772094726562
10133.768981933594
10164.795166015625
10149.180236816406
10152.742065429688
10199.615112304688
10062.068786621094
9973.970092773438
9941.9423828125
9918.314086914062
9877.545166015625
9849.472595214844
9847.668884277344
9822.048278808594
9810.563537597656
9809.42724609375
9800.005798339844
9844.104309082031
9779.929077148438
9760.935852050781
9756.891418457031
9762.661560058594
9768.512573242188
9764.533142089844
9732.917114257812
9722.99169921875
9717.095031738281
9709.710205078125
9724.807983398438
9725.208679199219
9709.814025878906
9709.159790039062
9698.384887695312
9664.42822265625
9696.210632324219
9704.538208007812
9720.382080078125
9734.357482910156
9700.411743164062
9725.207153320312
9696.97607421875
9654.662231445312
9635.827575683594
9616.775512695312
9638.327880859375
9683.571838378906
9687.459716796875
9669.367248535156
9644.011108398438
9644.252258300781
9694.095397949219
9662.78369140625
9673.818176269531
9687.775939941406
9626.610107421875
9578.053527832031
9550.545776367188
9521.835266113281
9514.072937011719
9507.060974121094
9510.079284667969
9505.451477050781
9494.193908691406
9491.364562988281
9494.50537109375
9534.162475585938
9644.510437011719
9679.785339355469
9696.183166503906
9727.055236816406
9716.486755371094
9603.275817871094
9642.751708984375
9605.199829101562
9536.775268554688
9510.027587890625
9511.877624511719
9469.984313964844
9424.587097167969
9387.535888671875
9371.80517578125
9359.633850097656
9340.443176269531
9332.787841796875
9329.539306640625
9326.76220703125
9321.241394042969
9318.979125976562
9311.320190429688
9309.7744140625
9316.914001464844
9305.242736816406
9299.833862304688
9292.883361816406
9299.822021484375
9302.13623046875
9331.37451171875
9355.002502441406
9341.600646972656
9354.914367675781
9367.885437011719
9345.3017578125
9320.201293945312
9328.276306152344
9334.945678710938
9359.060485839844
9395.81298828125
9389.681640625
9350.335144042969
9311.853393554688
9317.636169433594
9295.158264160156
9267.767272949219
9247.354797363281
9284.577453613281
9262.426635742188
9246.076721191406
9229.537109375
9221.868286132812
9201.819091796875
9198.353759765625
9202.233459472656
9195.161376953125
9198.522705078125
9198.804138183594
9187.315002441406
9183.821960449219
9191.73095703125
9174.648254394531
9178.623901367188
9177.884643554688
9194.75732421875
9215.374450683594
9244.664245605469
9354.558776855469
9589.2041015625
9653.074829101562
9586.049011230469
9476.791259765625
9361.405090332031
9345.507995605469
9358.259094238281
9334.743774414062
9243.600219726562
9184.028015136719
9150.17724609375
9129.698791503906
9118.818969726562
9110.442321777344
9112.660888671875
9094.777160644531
9099.604919433594
9101.546081542969
9089.791320800781
9085.05615234375
