cost:	
605622.1328125
162899.15625
109896.66845703125
99481.51416015625
93143.27099609375
90627.7109375
88745.6435546875
87135.58056640625
85682.93115234375
84451.796875
82437.91235351562
80929.115234375
79317.4072265625
77510.96142578125
75696.52514648438
73789.43115234375
71801.537109375
70059.580078125
68290.01440429688
66390.97973632812
64533.82763671875
62773.413330078125
60946.821044921875
59173.768798828125
57562.649658203125
55908.794189453125
54250.4453125
52617.8564453125
51080.13708496094
49470.72802734375
47995.51025390625
46424.275634765625
44931.569091796875
43280.03576660156
41891.456298828125
40323.87255859375
38979.02014160156
37507.06298828125
36117.33508300781
34758.13073730469
33462.63439941406
32234.7822265625
30938.899169921875
29709.837280273438
28537.145141601562
27362.319458007812
26190.739379882812
25150.2373046875
24041.905151367188
23077.183715820312
22114.339477539062
21185.7392578125
20304.037109375
19453.775024414062
18667.36944580078
17934.485900878906
17143.876831054688
16424.596435546875
15703.757385253906
15044.684814453125
14430.874938964844
13803.040222167969
13197.446716308594
12633.580139160156
12087.321319580078
11578.675170898438
11081.930908203125
10601.252502441406
10166.580047607422
9714.022583007812
9284.171691894531
8888.755126953125
8482.822479248047
8122.951324462891
7774.980743408203
7421.750701904297
7116.649444580078
6830.066131591797
6513.941879272461
6251.384002685547
5964.1951904296875
5703.763366699219
5474.422515869141
5229.243194580078
5018.053955078125
4816.217788696289
4589.835968017578
4398.19255065918
4217.298782348633
4035.823013305664
3868.8946228027344
3703.3983306884766
3549.9943084716797
3389.0752868652344
3267.2260131835938
3132.1478118896484
3005.883529663086
2901.0003051757812
2775.6834716796875
2667.7127990722656
2542.8680419921875
2442.9578399658203
2350.3635330200195
2256.2855911254883
2177.4444122314453
2094.239570617676
2013.3787078857422
1942.568946838379
1872.8792114257812
1808.0748977661133
1743.823097229004
1692.9733963012695
1620.7475204467773
1560.3567123413086
1501.3500366210938
1450.3899993896484
1398.0790557861328
1358.6736907958984
1316.0769958496094
1276.398826599121
1234.4858856201172
1188.613395690918
1158.7171325683594
1114.572998046875
1083.478370666504
1055.930404663086
1012.2464714050293
982.3686676025391
970.3902359008789
932.1644325256348
902.541145324707
883.8235549926758
855.5113945007324
827.8733749389648
804.3619003295898
776.0565185546875
770.4691619873047
732.1678695678711
723.652400970459
714.3995475769043
710.8653106689453
684.6415748596191
680.054988861084
651.9588623046875
634.8017959594727
619.7871780395508
600.1300926208496
603.4873085021973
596.0162887573242
574.950008392334
569.1443481445312
544.0636520385742
530.2574996948242
524.7343521118164
504.4611167907715
501.9612846374512
493.7957000732422
484.3584403991699
476.99682235717773
468.0092353820801
463.6634712219238
456.12396240234375
455.5238571166992
458.742862701416
468.4051704406738
465.8213310241699
499.3601837158203
482.1101264953613
457.4869842529297
452.68383026123047
459.16788482666016
450.72606658935547
435.8343200683594
405.9851875305176
415.4215278625488
396.00320053100586
404.77269744873047
396.1098289489746
388.30935287475586
391.7583255767822
386.20500564575195
383.44011306762695
374.24413871765137
364.21959114074707
360.6073455810547
362.79736328125
365.08493995666504
363.2061882019043
366.55887603759766
370.0537910461426
365.67345428466797
371.22103691101074
380.1640796661377
367.83416748046875
361.4029026031494
383.71918869018555
391.3623352050781
382.2019157409668
376.0642547607422
367.1507225036621
360.1039409637451
372.1846618652344
377.7918701171875
379.425838470459
363.8229637145996
358.44247245788574
363.81481170654297
369.15647888183594
380.61596298217773
379.9498882293701
388.2235698699951
402.1913261413574
449.5969886779785
487.5933437347412
490.90143394470215
469.7186470031738
448.01823806762695
429.99097061157227
426.40552520751953
413.77134704589844
441.1287422180176
456.6937313079834
413.9877624511719
374.7430362701416
358.91664123535156
355.7033042907715
352.0367622375488
350.84499168395996
362.0853614807129
371.4896488189697
363.8342514038086
365.25146102905273
370.0293827056885
399.16968536376953
382.4193515777588
376.38168716430664
376.22898292541504
366.04176330566406
375.2345027923584
381.10044860839844
404.4754333496094
425.9513759613037
412.801944732666
380.56570053100586
365.4977684020996
359.8870105743408
352.8327102661133
328.9784507751465
329.26379776000977
319.0021057128906
315.9885787963867
309.27244567871094
305.6803722381592
305.77716064453125
316.7233657836914
311.20799255371094
302.78854179382324
310.23060417175293
311.4763488769531
301.7563304901123
299.97276878356934
288.2029666900635
288.0169048309326
293.5443572998047
282.4874095916748
284.54625511169434
281.900842666626
283.15610122680664
281.7479305267334
283.7979335784912
283.9757385253906
278.9153003692627
279.7634048461914
296.2533531188965
300.4792251586914
304.0803852081299
315.4059410095215
320.731237411499
335.72825622558594
331.4505958557129
335.8555164337158
349.83460235595703
354.01195335388184
353.87829399108887
357.82934951782227
347.52265548706055
363.60047721862793
348.0152339935303
339.5946807861328
330.4496898651123
320.4713497161865
326.4615249633789
324.2344284057617
325.07319831848145
328.18360900878906
344.97786712646484
334.49628257751465
337.52426528930664
340.5212993621826
344.2536163330078
334.1531066894531
336.1140937805176
335.21666717529297
354.3483009338379
427.473424911499
439.4079170227051
384.81983757019043
353.64651679992676
345.94226455688477
342.1742401123047
322.90638732910156
314.71899032592773
315.3130168914795
314.5225486755371
303.3546619415283
302.2466335296631
305.0568675994873
305.03182792663574
314.85266494750977
322.6232719421387
314.45320892333984
337.50259590148926
325.606502532959
324.05226135253906
328.5931930541992
310.24731636047363
311.65221786499023
316.5988941192627
316.29806900024414
316.1331672668457
307.9471778869629
306.563720703125
327.72393226623535
333.0888862609863
309.37816429138184
326.4618511199951
302.7429676055908
303.6137218475342
318.75364685058594
314.40367889404297
326.2420196533203
350.0877876281738
365.79389572143555
365.26988983154297
395.03229331970215
395.4725456237793
414.5020637512207
457.4850730895996
481.61670684814453
542.1775016784668
575.8150062561035
544.4654693603516
478.93994140625
423.68465995788574
392.9768657684326
361.9843940734863
358.66388511657715
357.55066108703613
332.8136749267578
318.50403213500977
303.1716957092285
310.26019859313965
288.6556873321533
286.31896209716797
277.64921951293945
273.42078399658203
267.0085735321045
272.88244438171387
288.91905784606934
296.60115814208984
282.1787338256836
270.4979839324951
261.8531837463379
261.13138580322266
261.2263984680176
259.7444839477539
278.4980716705322
268.2923526763916
260.40829277038574
257.779260635376
266.5849723815918
264.2004699707031
265.48486709594727
262.68858909606934
265.8240032196045
269.45818519592285
284.51196479797363
292.9343719482422
311.8713912963867
332.21776962280273
342.7921562194824
336.2752342224121
344.84248542785645
362.16500663757324
353.68829917907715
356.3511543273926
371.0878620147705
395.2657012939453
431.1400604248047
461.9118251800537
