cost:	
1218213.1640625
1152867.44140625
1084025.203125
1019281.9609375
958372.34765625
900239.4765625
846533.19140625
795163.71484375
747280.6640625
702123.09375
660312.130859375
619742.013671875
582686.96875
547547.23046875
513975.974609375
483301.6796875
453926.45703125
426705.974609375
400993.384765625
377427.5849609375
354760.96484375
333928.5166015625
314869.8623046875
296339.2177734375
279538.9365234375
263994.470703125
249547.46484375
235912.525390625
223441.1689453125
211975.6826171875
201347.5537109375
191514.7421875
182379.755859375
174162.3828125
166490.9345703125
159248.3466796875
153002.51025390625
146994.75
141640.4853515625
136765.328125
132226.77294921875
128037.0205078125
124309.8857421875
120942.4443359375
117870.36181640625
115030.6396484375
112487.130859375
110195.94287109375
108076.74072265625
106266.79638671875
104587.09130859375
103093.10498046875
101761.57275390625
100592.35400390625
99479.64453125
98507.31176757812
97646.90087890625
96845.4345703125
96131.79736328125
95463.904296875
94914.20068359375
94381.09130859375
93940.39599609375
93514.765625
93134.78198242188
92817.52294921875
92508.39135742188
92244.318359375
92009.70849609375
91791.609375
91611.71899414062
91433.42016601562
91286.21533203125
91151.59887695312
91031.2509765625
90924.25415039062
90827.02709960938
90737.68310546875
90668.2646484375
90592.22216796875
90537.08447265625
90479.0908203125
90434.966796875
90382.03271484375
90340.89135742188
90308.7236328125
90275.5791015625
90246.25610351562
90215.91015625
90193.130859375
90169.46435546875
90147.39233398438
90126.77905273438
90112.4892578125
90090.83813476562
90080.38427734375
90062.30590820312
90045.9619140625
90033.53125
90019.947265625
90006.984375
89990.220703125
89979.66552734375
89965.72607421875
89954.74609375
89941.77612304688
89931.5771484375
89914.52270507812
89902.98608398438
89891.5302734375
89874.44750976562
89863.072265625
89849.97924804688
89836.93237304688
89822.9052734375
89811.6318359375
89792.03442382812
89774.26171875
89753.23657226562
89728.65600585938
89707.58154296875
89685.34936523438
89673.50415039062
89649.92114257812
89636.9423828125
89606.78076171875
89584.44921875
89559.7841796875
89525.9853515625
89505.3662109375
89481.88134765625
89456.236328125
89430.42651367188
89394.498046875
89312.77099609375
89236.9580078125
89167.22412109375
89046.51879882812
88909.92944335938
88648.8203125
88206.41015625
87724.7275390625
87149.82763671875
86909.67114257812
86627.0634765625
86437.10620117188
86234.0703125
86054.26806640625
85837.10815429688
85609.244140625
85446.91259765625
85172.255859375
85066.251953125
84976.296875
84896.87573242188
84821.46118164062
84747.88061523438
84654.3857421875
84550.80126953125
84480.36767578125
84395.55126953125
84338.20971679688
84273.55322265625
84224.67846679688
84166.74829101562
84106.96533203125
83993.14404296875
83916.12963867188
83818.55615234375
83753.99609375
83690.443359375
83642.11328125
83584.55200195312
83537.68237304688
83479.99780273438
83409.79077148438
83337.7666015625
83289.728515625
83230.923828125
83192.30834960938
83148.8408203125
83101.5205078125
83063.75244140625
83020.69165039062
82982.23388671875
82952.33544921875
82897.36962890625
82658.05908203125
82622.51147460938
82587.69287109375
82551.66040039062
82523.5849609375
82493.51220703125
82463.744140625
82431.49731445312
82391.23413085938
82349.18701171875
82315.2998046875
82278.9296875
82241.13500976562
82181.9208984375
82133.01635742188
82096.83032226562
82063.0751953125
82028.76782226562
81986.72875976562
81938.09326171875
81859.11401367188
81813.2587890625
81762.61254882812
81722.72045898438
81675.1787109375
81631.88525390625
81568.52124023438
81533.78588867188
81500.6640625
81468.33569335938
81421.27685546875
81376.40234375
81209.74682617188
81122.58032226562
81074.5908203125
81048.21850585938
81016.7998046875
80975.95263671875
80933.40869140625
80855.67138671875
80816.74340820312
80781.06982421875
80746.73681640625
80714.97875976562
80698.830078125
80670.57543945312
80633.47802734375
80606.6123046875
80581.8720703125
80566.09204101562
80530.12426757812
80490.08618164062
80450.0419921875
80420.0849609375
80372.82495117188
80349.13623046875
80320.17016601562
80304.95776367188
80282.99560546875
80260.79345703125
80235.64379882812
80215.48559570312
80188.88354492188
80175.64379882812
80144.013671875
80127.904296875
80101.92407226562
80084.50439453125
80060.83203125
80043.53198242188
80022.46240234375
80008.224609375
79983.0751953125
79962.01977539062
79940.041015625
79918.20727539062
79895.76220703125
79845.02270507812
79791.30078125
79764.453125
79725.47338867188
79691.24560546875
79669.69848632812
79638.07788085938
79607.69604492188
79546.04907226562
79500.28076171875
79470.1220703125
79431.32983398438
79406.8046875
79382.56909179688
79354.078125
79328.41064453125
79318.56787109375
79314.84130859375
79288.41357421875
79266.15649414062
79244.65234375
79219.03564453125
79202.73559570312
79173.08520507812
79160.33276367188
79141.17529296875
79120.29907226562
79096.90649414062
79080.64501953125
79072.17065429688
79048.6953125
79032.60473632812
79010.49169921875
78986.23706054688
78961.04516601562
78917.13061523438
78896.2744140625
78876.72192382812
78844.36645507812
78829.55737304688
78808.537109375
78794.04443359375
78783.34716796875
78751.58935546875
78733.73022460938
78720.5
78694.53247070312
78675.9306640625
78657.466796875
78637.13037109375
78621.28564453125
78597.3837890625
78579.16284179688
78561.32958984375
78536.85473632812
78515.15063476562
78496.72192382812
78466.85668945312
78437.68530273438
78408.30590820312
78382.90771484375
78368.29248046875
78347.8232421875
78331.02368164062
78312.8408203125
78299.24951171875
78285.84423828125
78260.20092773438
78230.67407226562
78214.57592773438
78199.052734375
78166.20849609375
78144.67919921875
78138.41381835938
78115.68383789062
78086.00659179688
78054.42333984375
78022.57080078125
77990.7861328125
77969.06201171875
77948.39038085938
77932.107421875
77920.81201171875
77904.318359375
77885.07373046875
77870.32177734375
77837.90600585938
77803.18603515625
77822.07153320312
77773.1591796875
77734.08447265625
77697.97216796875
77654.76831054688
77613.88598632812
77597.4677734375
77577.1591796875
77540.9599609375
77514.20166015625
77452.56494140625
77428.7177734375
77409.25
77409.841796875
77391.43505859375
77371.03540039062
77339.92602539062
77320.29296875
77303.5048828125
77298.7294921875
77274.24389648438
77237.66650390625
77203.73291015625
77171.89208984375
77142.74584960938
77122.208984375
77118.884765625
77080.369140625
77049.51416015625
77029.99194335938
77002.091796875
76970.46069335938
76951.359375
76936.2763671875
76917.46850585938
76888.0048828125
76866.65844726562
76822.88818359375
76781.90600585938
76745.12353515625
76411.6923828125
76386.7041015625
76357.32763671875
76347.60205078125
76313.11157226562
76272.81298828125
76270.23803710938
76239.95166015625
