cost:	
1230313.28125
1218131.6328125
1205757.6875
1193127.0625
1179563.95703125
1165844.00390625
1152403.484375
1138939.12890625
1126086.328125
1113169.22265625
1100702.84765625
1088335.8359375
1076210.26171875
1064320.03125
1052284.58203125
1039531.953125
1023996.31640625
1006070.6171875
988787.171875
972748.8515625
957641.6328125
943441.3359375
929897.75
917019.3203125
904626.80859375
892486.375
880885.83984375
869444.373046875
858439.34765625
847508.298828125
836896.67578125
826666.69921875
816340.78125
806507.388671875
796508.82421875
787004.125
777573.001953125
768080.4765625
758910.181640625
749859.16015625
740953.142578125
732230.41796875
723501.7265625
714785.625
706532.46484375
698256.986328125
690024.26953125
681843.943359375
673836.568359375
665992.66015625
