cost:	
609653.96875
186352.6171875
116487.38427734375
89750.68725585938
74935.10595703125
64748.41845703125
56943.559326171875
50062.509765625
44455.81298828125
39441.83630371094
34974.101806640625
31018.47314453125
27543.076416015625
24494.443603515625
21782.162109375
19290.69354248047
17291.322998046875
15417.679626464844
13739.765625
12255.829895019531
10998.373840332031
9987.443664550781
8968.456573486328
8117.822937011719
7281.26123046875
6617.6148681640625
6014.5128173828125
5630.987258911133
5174.992935180664
4714.5738525390625
4409.031661987305
4054.597869873047
3600.6690063476562
3366.3029022216797
3079.769142150879
2983.5141220092773
2849.0256423950195
2596.1780548095703
2476.958221435547
2281.9798431396484
2230.188163757324
2217.5233306884766
2330.710189819336
2549.433090209961
2483.752700805664
2290.0436401367188
2499.25244140625
2576.9166564941406
2278.416717529297
2028.4518432617188
1933.7102508544922
1576.3119277954102
1499.8688583374023
1412.4825134277344
1275.0356521606445
1147.5594940185547
1096.4697074890137
1391.1679191589355
1189.7401428222656
1024.3885879516602
1034.8791427612305
927.2652130126953
878.504997253418
1021.5257263183594
1061.1152000427246
1137.8342514038086
963.0310745239258
967.0017433166504
861.547534942627
905.5940761566162
875.8272438049316
862.0147933959961
901.4445762634277
845.0910339355469
821.7366485595703
891.0011901855469
940.2415256500244
962.3728942871094
944.6649017333984
1061.6119918823242
1143.464183807373
1280.4769020080566
1499.4618759155273
1565.345687866211
1723.9586639404297
1746.3369979858398
1771.383285522461
1735.8765449523926
1970.1643753051758
2198.910110473633
2093.55859375
2415.8455657958984
2347.4104766845703
2142.2182807922363
2017.2607116699219
2115.4900436401367
2061.6381072998047
1691.7722778320312
1671.0456161499023
1565.7232666015625
1438.5590324401855
1258.3542098999023
1147.1592407226562
1031.2750396728516
990.4357414245605
924.7733917236328
905.1515808105469
755.702507019043
672.7751121520996
695.668436050415
649.3851528167725
628.2822227478027
584.7596054077148
555.1193695068359
537.4165725708008
626.196325302124
633.9825553894043
751.1670570373535
880.9486923217773
974.952657699585
1033.2519874572754
1188.156650543213
1527.1802597045898
1727.9503707885742
1768.5601196289062
1694.0319862365723
1663.8663711547852
1788.1683883666992
1693.2259063720703
1762.199104309082
1640.219612121582
1621.0713081359863
1826.8280410766602
1632.2715797424316
1708.5647048950195
1538.5049209594727
1386.0212211608887
1430.4432983398438
1569.7665176391602
1782.2998580932617
1893.5451736450195
1730.8003463745117
2116.659210205078
1896.6497268676758
1733.4805068969727
1578.4736976623535
1638.6716613769531
1601.5035705566406
1611.5455932617188
1437.0169677734375
1510.3947296142578
1482.8714599609375
1405.6339225769043
1399.8868713378906
1167.4209785461426
1053.9046249389648
1110.005355834961
1075.5047874450684
1119.6625061035156
1163.8323440551758
1122.7431297302246
1317.1740341186523
1268.8112335205078
1427.0208435058594
1378.4621353149414
1537.3061981201172
1516.6577625274658
1552.9358749389648
1566.043628692627
1593.2532272338867
1882.7630081176758
2195.587203979492
2262.979751586914
2246.97225189209
2560.482421875
2270.875457763672
2084.260871887207
2118.3262634277344
1953.694480895996
2006.0067291259766
2023.3673248291016
2111.360191345215
2284.628734588623
2584.9418563842773
2479.4808502197266
2647.384822845459
2337.1822204589844
2352.429473876953
2202.7537384033203
1849.4307708740234
1780.5369338989258
1583.2807922363281
1754.3107376098633
1623.9008407592773
1732.6393432617188
1669.5229187011719
1577.6130981445312
1567.384666442871
1884.3427658081055
1508.8583984375
1423.6967391967773
1320.9073028564453
1120.7883758544922
1072.9624862670898
997.6584243774414
1014.3035049438477
922.7766609191895
1087.206298828125
1169.5816802978516
1058.848461151123
1023.1499404907227
927.5752601623535
951.674934387207
966.539722442627
988.4696159362793
892.8635501861572
919.2372360229492
946.7697219848633
945.4819946289062
868.4461364746094
928.1328125
911.7856369018555
934.7378368377686
945.4466934204102
912.5011253356934
855.2923393249512
903.1843719482422
948.1426696777344
946.0914001464844
828.1779479980469
975.2314796447754
900.749340057373
1000.6869659423828
911.124324798584
1093.3995952606201
1064.3985176086426
1172.8015670776367
1159.8926582336426
1313.9856643676758
1587.231689453125
1769.7911911010742
1788.1421737670898
1943.2453842163086
1994.309310913086
2065.433883666992
2053.8017959594727
2040.1283645629883
1859.599708557129
1860.7921981811523
1841.3128852844238
1850.8733825683594
1785.5008239746094
1655.9774780273438
1460.7434768676758
1464.9228820800781
1314.5219421386719
1300.249900817871
1346.5364875793457
1392.404628753662
1357.9015274047852
1358.354263305664
1351.145652770996
1284.4776878356934
1323.3274307250977
1306.2646751403809
1447.1623878479004
1470.4791107177734
1728.9338912963867
1635.1314506530762
2076.446762084961
1842.2098579406738
2068.512939453125
2066.9721755981445
2211.4381103515625
2270.8978881835938
2144.836868286133
2274.3445892333984
2235.14892578125
2104.564193725586
2171.839141845703
2109.629234313965
2126.5047454833984
2160.1138610839844
2298.5396575927734
2325.5741958618164
2440.3517150878906
2414.703170776367
2234.0865020751953
2318.781318664551
2179.740203857422
2107.78377532959
2026.1090545654297
1893.7483215332031
1636.7421569824219
1558.5823516845703
1386.6495933532715
1456.3601989746094
1387.3091278076172
1368.3458442687988
1289.7005157470703
1234.0025253295898
1188.753086090088
1189.4865798950195
1076.7165603637695
1015.3653526306152
1016.6255073547363
1053.3904113769531
1134.9719734191895
1082.8498191833496
1322.1850357055664
1367.4255676269531
1389.5086517333984
1264.542495727539
1257.227394104004
1328.0883598327637
1490.6209602355957
1658.6682510375977
1984.1363906860352
2136.735061645508
2275.5988006591797
2391.278480529785
2136.58048248291
2243.1993408203125
2075.9332733154297
1953.0790176391602
1925.1352348327637
1900.4237670898438
1725.6058654785156
1710.8701934814453
1738.0542831420898
1711.4356994628906
1749.7391395568848
1624.0369262695312
1539.674259185791
1524.119457244873
1501.1903343200684
1479.1983489990234
1490.3361892700195
1436.9102630615234
1438.9000549316406
1391.3705291748047
1472.9400100708008
1517.7259063720703
1493.6394577026367
1452.7619247436523
1294.1520080566406
1201.2985038757324
1162.290828704834
1186.096923828125
1155.8979454040527
1180.0456314086914
1125.3239059448242
1100.0766792297363
1006.2938194274902
934.4325981140137
875.9639053344727
855.285737991333
941.7383079528809
854.3242340087891
998.050609588623
940.0217552185059
844.3221416473389
891.8673820495605
962.2546615600586
1033.0155220031738
1092.1616020202637
1095.9459419250488
1052.6453094482422
1146.8363304138184
1201.7291946411133
1237.8747901916504
1406.0790672302246
1430.4140243530273
1408.2764625549316
1255.7138710021973
1262.599868774414
1208.2223281860352
1263.9218673706055
1151.4302368164062
1276.8286514282227
1309.5012550354004
1337.2861862182617
1328.7247581481934
1441.1696319580078
1627.7460708618164
1458.3244247436523
1433.7286987304688
1379.6727828979492
1433.7338104248047
1435.4331665039062
1515.7417526245117
1670.1550979614258
1555.4089431762695
1433.239013671875
1377.391803741455
1288.4737663269043
1268.0967254638672
1311.0535125732422
1292.4609909057617
1255.042953491211
