cost:	
1094423.10546875
494551.625
392017.4296875
310394.560546875
260968.806640625
228151.287109375
205129.3359375
188568.376953125
176406.3681640625
166482.6591796875
159062.625
152741.2958984375
147823.955078125
143488.1328125
140134.1572265625
137334.484375
134548.3017578125
132652.5751953125
130674.59765625
129181.38232421875
127849.2763671875
126616.30859375
125608.85693359375
124869.46435546875
124087.0439453125
123250.41064453125
122467.27685546875
121993.53369140625
121396.53564453125
120981.1728515625
120620.65185546875
120107.9580078125
119984.56640625
119567.1298828125
119569.28564453125
119438.5888671875
119038.986328125
118897.228515625
118808.5244140625
118476.23095703125
118446.5390625
118147.81884765625
117710.7314453125
117889.81494140625
117469.01806640625
117696.2451171875
117018.8798828125
117436.1826171875
116923.8193359375
116960.02734375
117403.447265625
116767.75
116673.94580078125
116567.6806640625
116375.6875
116539.533203125
116369.55078125
116387.6845703125
115876.9599609375
115931.845703125
115918.41650390625
116249.25244140625
116063.17529296875
115751.83740234375
115625.705078125
115692.9814453125
115537.978515625
115289.58203125
115539.8876953125
115535.6240234375
115276.943359375
115003.1240234375
114884.60888671875
115348.8046875
115059.7353515625
114720.57080078125
114459.98828125
114933.154296875
114793.92578125
115056.0947265625
115390.3544921875
115061.748046875
114493.47119140625
114441.4189453125
114372.17529296875
114316.154296875
114064.625
113990.751953125
114202.7646484375
114088.40283203125
114264.9482421875
113952.2666015625
113832.4853515625
113685.5849609375
113726.4560546875
113915.1220703125
113310.55859375
113860.7265625
113422.6015625
113743.318359375
113477.37255859375
113110.0498046875
113062.7470703125
113159.28125
113178.7021484375
113143.9130859375
112735.16357421875
112777.220703125
113041.6611328125
112717.7568359375
112637.3447265625
112951.0400390625
112477.0595703125
113157.0361328125
113128.3720703125
112547.5791015625
112392.43359375
112267.734375
112911.2275390625
112488.1611328125
112341.25048828125
113052.04296875
113108.3173828125
112774.7314453125
112038.400390625
111751.41455078125
111831.0849609375
111635.7548828125
111576.04443359375
111372.9990234375
111546.20556640625
111524.3505859375
112145.158203125
111575.5478515625
111486.4453125
111059.86328125
111074.599609375
111264.134765625
111138.2021484375
111461.3369140625
111257.2373046875
110913.29296875
111093.087890625
111048.20703125
110920.068359375
111065.0048828125
111141.2724609375
111003.6435546875
110686.0712890625
110590.791015625
110471.306640625
110653.9228515625
110336.22607421875
110228.19921875
110823.4921875
110572.1435546875
110421.15234375
110294.71484375
110346.046875
110262.10302734375
110360.1064453125
110338.107421875
110031.3935546875
110406.5458984375
110330.8427734375
109872.97998046875
109914.853515625
109924.30517578125
109984.7841796875
109691.8115234375
109767.8369140625
109467.9052734375
109808.138671875
109504.544921875
109444.4677734375
109460.9072265625
109978.2109375
109208.59375
109186.47705078125
109423.830078125
109242.0634765625
109092.21240234375
109326.9931640625
109319.4150390625
109256.896484375
109378.69970703125
109451.08740234375
108955.193359375
109337.56982421875
108739.1728515625
108690.8486328125
108838.6708984375
108604.0634765625
109053.40576171875
108670.3251953125
108691.375
108702.390625
108545.90576171875
108697.25732421875
109487.724609375
109139.4296875
108684.00830078125
108528.4609375
108373.314453125
109019.69091796875
108561.1640625
108532.60595703125
108263.20458984375
108134.00830078125
108098.42041015625
108381.93701171875
108223.27978515625
108266.080078125
108225.11328125
107648.8427734375
107809.3935546875
108044.9091796875
108259.806640625
108032.90625
108096.9970703125
107946.146484375
107684.9111328125
108210.7490234375
107926.865234375
107501.0849609375
107727.482421875
107763.85302734375
108362.845703125
107683.9248046875
108105.7890625
107616.9306640625
107484.642578125
107730.9765625
107679.39794921875
108014.7841796875
107544.08984375
107244.0771484375
107542.564453125
107210.5283203125
107403.91552734375
107113.0078125
107730.96923828125
107959.2138671875
107831.4345703125
107310.4921875
107525.2333984375
106957.201171875
107626.134765625
106941.93310546875
106985.8857421875
106796.3154296875
106737.24365234375
106981.97119140625
106919.90234375
106620.5341796875
106585.19140625
106543.5126953125
106555.1591796875
106535.07861328125
106888.75
106561.60986328125
106380.666015625
106430.1201171875
106311.24609375
107014.70947265625
106785.9345703125
107352.423828125
107252.98828125
106528.4052734375
106746.7607421875
106432.9306640625
106545.275390625
106104.9658203125
106468.728515625
106016.720703125
106113.86279296875
106477.61865234375
106068.38427734375
105935.3857421875
105694.662109375
106225.138671875
105798.0419921875
105947.64697265625
106031.9267578125
106348.60888671875
106343.7353515625
105902.24267578125
105853.029296875
105776.5859375
105574.447265625
105961.73779296875
105481.91796875
105420.4736328125
105600.451171875
105735.81298828125
105670.2587890625
105611.4443359375
105625.48291015625
105599.7451171875
105599.4775390625
105468.50439453125
105988.3115234375
105735.7265625
105446.611328125
105400.3662109375
106140.42578125
105180.3125
105175.2119140625
105212.4140625
104917.86962890625
105307.92626953125
105143.1728515625
105546.5966796875
105233.54248046875
105126.345703125
105121.16650390625
105332.1142578125
104970.03125
105130.5322265625
105191.85009765625
104791.3427734375
104841.62109375
104746.43310546875
105073.2724609375
105361.6787109375
104789.6337890625
104765.11181640625
104842.5087890625
104763.21875
105170.685546875
104757.943359375
104536.47314453125
104630.15185546875
104588.3583984375
104848.9755859375
104777.1337890625
104726.18896484375
104563.646484375
104784.07763671875
105160.40283203125
104776.74755859375
104908.2099609375
104862.55712890625
104761.310546875
104761.9775390625
104518.73291015625
104545.29736328125
104183.1064453125
104764.9052734375
104669.91845703125
104424.19384765625
104568.580078125
104468.95361328125
104193.4599609375
104622.96142578125
105090.0322265625
104427.98681640625
104194.7919921875
104000.220703125
104001.515625
103989.171875
104097.91796875
103858.54638671875
104220.4423828125
103968.9130859375
104146.2138671875
104252.052734375
104093.3486328125
103963.8720703125
104194.31982421875
104171.80908203125
104114.0107421875
103828.9677734375
103944.23779296875
104147.4345703125
104199.7333984375
104073.2646484375
104105.95263671875
103913.1328125
103716.306640625
103723.0244140625
103769.15087890625
103988.71630859375
103756.32568359375
103650.798828125
103808.65234375
104120.9814453125
104088.4345703125
103752.06005859375
103826.115234375
104390.40087890625
103460.40380859375
103362.8828125
103737.13818359375
103386.8017578125
103670.17724609375
103666.3896484375
103691.662109375
103732.1259765625
103775.3623046875
