cost:	
935458.490234375
271173.81201171875
113593.39697265625
113752.9072265625
98316.0380859375
94267.01123046875
93096.54296875
92376.6025390625
92104.29907226562
91842.65014648438
91587.55517578125
91475.52685546875
91359.9365234375
91158.845703125
90830.96020507812
90679.26220703125
90601.92504882812
90363.0234375
89922.48095703125
89657.39892578125
89253.3203125
89031.50830078125
88511.8095703125
88125.96044921875
87659.12329101562
87341.1279296875
86894.625
86275.82788085938
85877.91235351562
85278.59326171875
84956.77075195312
84418.8271484375
84144.99072265625
83468.1259765625
83069.62622070312
82538.09716796875
82144.68725585938
81649.384765625
80934.13818359375
80669.10888671875
80120.03540039062
79798.705078125
79218.68920898438
78732.50073242188
78347.0966796875
77855.556640625
77401.931640625
76895.2587890625
76463.47998046875
76140.16943359375
75613.52368164062
75098.62817382812
74703.39331054688
74174.20776367188
73925.34692382812
73412.16650390625
72939.69189453125
72502.20483398438
72152.994140625
71791.64794921875
71276.8486328125
70922.75927734375
70495.78466796875
70072.7841796875
69681.67797851562
69185.63012695312
68888.9453125
68474.59375
68081.46704101562
67607.53564453125
67310.38623046875
66847.64819335938
66473.99609375
65964.20849609375
65689.31396484375
65208.350830078125
64793.626953125
64369.95166015625
63959.572509765625
63528.080322265625
63183.648193359375
62710.7099609375
62280.46337890625
61937.753662109375
61462.295166015625
61002.714599609375
60551.47021484375
60165.805419921875
59714.939697265625
59302.098388671875
58860.615478515625
58413.9462890625
57895.437744140625
57569.9384765625
57035.37158203125
56616.7568359375
56135.053466796875
55723.5859375
55221.72509765625
54785.778564453125
54250.033447265625
53819.67333984375
53331.421875
52906.8583984375
52435.41650390625
51964.512451171875
51539.859375
51030.5849609375
50604.213134765625
50099.9052734375
49637.61767578125
49061.36962890625
48600.299560546875
48139.03955078125
47627.7578125
47092.768798828125
46617.67919921875
46104.635986328125
45598.354248046875
45138.013427734375
44585.470947265625
44104.80615234375
43606.32373046875
43094.703857421875
42636.56494140625
42161.036865234375
41601.20642089844
41136.019287109375
40576.29736328125
40099.699951171875
39607.6953125
39051.02575683594
38578.845458984375
38070.42663574219
37618.150146484375
37137.97570800781
36590.522705078125
36172.14794921875
35628.84460449219
35179.18615722656
34720.66455078125
34191.61511230469
33730.10974121094
33274.197509765625
32797.875732421875
32338.677734375
31879.593994140625
31421.521728515625
30989.528076171875
30517.074584960938
30072.034912109375
29658.623779296875
29251.802612304688
28831.839721679688
28410.472412109375
28005.4931640625
27590.662353515625
27196.0302734375
26773.658569335938
26413.697265625
26037.1572265625
25650.106201171875
25261.216186523438
24918.305419921875
24555.838012695312
24162.796020507812
23821.84130859375
23492.160522460938
23129.46484375
22794.1435546875
22450.96563720703
22118.217407226562
21792.621459960938
21464.976135253906
21147.770385742188
20833.695922851562
20530.465698242188
20238.28955078125
19918.809692382812
19633.227905273438
19365.166625976562
19050.615600585938
18804.266723632812
18490.317138671875
18238.939331054688
17957.436279296875
17702.7099609375
17445.26971435547
17188.380737304688
16921.171997070312
16671.105712890625
16421.783325195312
16181.471984863281
15939.026428222656
15715.4833984375
15496.441040039062
15263.896606445312
15066.250183105469
14856.104431152344
14647.005859375
14427.8310546875
14225.256652832031
14036.163208007812
13829.152221679688
13661.602783203125
13463.074951171875
13292.176635742188
13098.56201171875
12893.523559570312
12715.819213867188
12541.663146972656
12378.186767578125
12194.867553710938
12025.160888671875
11862.913208007812
11712.696105957031
11540.981384277344
11389.223876953125
11241.480773925781
11093.039367675781
10949.750183105469
10803.632568359375
10668.749572753906
10515.918823242188
10393.585327148438
10260.708801269531
10145.787536621094
10010.32275390625
9876.557922363281
9739.776245117188
9624.843688964844
9484.869079589844
9339.673156738281
9228.854064941406
9100.922729492188
8996.859069824219
8871.427368164062
8772.985900878906
8666.435363769531
8536.285827636719
8432.841674804688
8316.004119873047
8212.490112304688
8105.2869873046875
7995.137145996094
7900.119171142578
7811.9061279296875
7732.672424316406
7643.3836669921875
7565.013092041016
7479.0892333984375
7384.561462402344
7292.7843017578125
7179.002593994141
7098.830261230469
7031.6859130859375
6946.1514892578125
6876.526153564453
6816.35546875
6739.294769287109
6669.9805908203125
6609.6102294921875
6533.382080078125
6463.8118896484375
6384.064208984375
6291.516052246094
6211.153991699219
6133.2113037109375
6071.8258056640625
6008.947784423828
5941.569396972656
5888.025451660156
5828.819152832031
5792.065673828125
5762.0811767578125
5714.624176025391
5687.282958984375
5619.042175292969
5546.732177734375
5474.072021484375
5390.420379638672
5329.040222167969
5269.720520019531
5204.908020019531
5145.768402099609
5127.328765869141
5084.027984619141
5034.911926269531
4990.285949707031
4928.613708496094
4897.757263183594
4834.375457763672
4776.802215576172
4729.010803222656
4705.9119873046875
4678.511535644531
4648.057220458984
4607.427398681641
4573.626647949219
4521.869232177734
4477.321929931641
4438.941223144531
4425.318115234375
4414.208526611328
4413.549102783203
4356.693145751953
4319.830352783203
4283.109619140625
4248.896636962891
4193.0262451171875
4146.150329589844
4105.854461669922
4065.574981689453
4027.9085998535156
3998.9359741210938
3966.8077087402344
3932.029510498047
3901.4013061523438
3867.666290283203
3856.599609375
3823.5318603515625
3800.6334838867188
3783.4917602539062
3764.1788024902344
3754.829132080078
3736.2579345703125
3701.2452392578125
3686.706985473633
3651.371337890625
3619.5256958007812
3595.0938415527344
3569.1207580566406
3526.199249267578
3508.3538513183594
3507.555419921875
3512.1277770996094
3505.574417114258
3480.8888244628906
3466.774627685547
3421.3284912109375
3393.8802795410156
3381.8964233398438
3347.4759826660156
3307.4089965820312
3289.8717651367188
3278.7923583984375
3256.7570190429688
3219.5601196289062
3200.1005859375
3183.2055053710938
3159.0933227539062
3132.0931854248047
3103.4596252441406
3077.4624938964844
3058.820755004883
3050.363494873047
3027.7940368652344
3021.508087158203
3014.0816040039062
3013.4015197753906
3000.876190185547
2978.0240631103516
2982.946731567383
2975.445831298828
3028.1104278564453
3021.608871459961
3032.0594787597656
3033.9601135253906
2990.8944702148438
2961.2546997070312
2921.172607421875
2879.9320678710938
2864.6727294921875
2845.3114471435547
2851.3924255371094
2862.656234741211
2863.3900299072266
2836.4837493896484
2796.7842712402344
2773.2720336914062
2747.351043701172
2754.912811279297
2775.4456176757812
2774.3776092529297
2789.9290161132812
2770.2329711914062
2732.994400024414
2683.207809448242
2655.416061401367
2643.89892578125
2632.534393310547
2616.803955078125
2602.5467681884766
2589.9767303466797
2584.2084197998047
2600.3204040527344
2643.1595764160156
2664.998016357422
2655.7759857177734
2621.9829864501953
