cost:	
1063820.15625
582731.517578125
266945.0634765625
134136.2470703125
99685.0341796875
94705.24853515625
93238.41528320312
91970.55908203125
91329.15502929688
91075.62353515625
90966.9208984375
90847.392578125
90791.44677734375
90768.57348632812
90687.10620117188
90684.19897460938
90611.970703125
90662.3974609375
90619.65478515625
90587.9765625
90511.95825195312
90514.51733398438
90529.11474609375
90493.76049804688
90488.31713867188
90477.4580078125
90452.81469726562
90492.251953125
90474.99169921875
90394.19970703125
90379.84838867188
90442.89086914062
90410.68359375
90421.4130859375
90429.2607421875
90443.38159179688
90364.47192382812
90358.55517578125
90375.89526367188
90449.251953125
90337.70751953125
90318.4453125
90300.20556640625
90295.59716796875
90327.8388671875
90279.8173828125
90254.79296875
90204.16015625
90255.7197265625
90271.70947265625
90207.78833007812
90217.03955078125
90196.1884765625
90131.65209960938
90122.6923828125
90047.5126953125
90133.30786132812
90103.92553710938
90111.09619140625
90089.39404296875
90034.96484375
89969.2705078125
89996.51977539062
89946.537109375
89901.7861328125
89877.76904296875
89924.42846679688
89820.88647460938
89858.2529296875
89814.51318359375
89775.771484375
89787.89477539062
89734.84326171875
89703.70556640625
89677.7333984375
89740.59594726562
89559.43603515625
89433.58056640625
89398.31103515625
89382.830078125
89183.0546875
88950.25512695312
88842.78759765625
88694.56494140625
88511.26953125
88414.865234375
88126.93920898438
87903.41748046875
87724.92919921875
87465.8349609375
87229.1826171875
86977.52099609375
86660.13891601562
86525.24169921875
86300.87890625
86052.06665039062
85823.59814453125
85558.0595703125
85360.41064453125
85070.28759765625
84844.2744140625
84511.267578125
84236.81689453125
84008.22998046875
83694.044921875
83362.578125
83010.22290039062
82691.1748046875
82319.44018554688
82072.47314453125
81744.61645507812
81508.67724609375
81217.6337890625
80872.8583984375
80556.11279296875
80352.734375
80052.24536132812
79871.953125
79542.81176757812
79266.65087890625
78987.6640625
78738.48608398438
78466.4228515625
78173.9208984375
77829.392578125
77542.76123046875
77166.7958984375
76891.2802734375
76646.19262695312
76257.2548828125
75952.81469726562
75697.30712890625
75404.62280273438
75059.2646484375
74756.36157226562
74402.35229492188
74100.73193359375
73843.56201171875
73532.09692382812
73207.2353515625
72844.26123046875
72559.3271484375
72233.89990234375
71982.21997070312
71643.12744140625
71363.59985351562
71075.896484375
70772.091796875
70461.88916015625
70178.53833007812
69863.9326171875
69641.07250976562
69299.3095703125
69108.86401367188
68841.40087890625
68618.78442382812
68291.0947265625
68073.56274414062
67798.63891601562
67560.6220703125
67278.33374023438
67080.85180664062
66777.05419921875
66546.0380859375
66222.93481445312
65975.81469726562
65685.26953125
65421.4326171875
65157.064697265625
64879.79931640625
64633.298828125
64315.447021484375
64099.13330078125
63828.169189453125
63540.44384765625
63305.954345703125
63005.84033203125
62786.5361328125
62522.74462890625
62195.2431640625
61944.781005859375
61692.52392578125
61458.812255859375
61212.698974609375
60910.49169921875
60645.953125
60427.197998046875
60123.4208984375
59847.577392578125
59604.635009765625
59350.169189453125
59044.027099609375
58762.985107421875
58504.426513671875
58198.018310546875
57914.67724609375
57721.813232421875
57386.736083984375
57126.600341796875
56845.1201171875
56580.861328125
56279.55810546875
56037.359130859375
55814.700439453125
55521.478759765625
55246.856689453125
54968.798828125
54723.091796875
54429.276123046875
54163.409912109375
53922.7412109375
53657.193603515625
53377.76123046875
53094.38818359375
52833.867431640625
52570.85266113281
52271.6376953125
52046.333984375
51743.912353515625
51487.8369140625
51257.912353515625
50980.30908203125
50712.425048828125
50430.455322265625
50139.084228515625
49852.774169921875
49591.929931640625
49317.12255859375
49060.643798828125
48777.83837890625
48481.8671875
48208.765869140625
47953.47265625
47672.46374511719
47401.834228515625
47099.0888671875
46839.16613769531
46583.482421875
46306.5341796875
46024.61047363281
45759.709716796875
45523.451416015625
45231.11279296875
44956.079833984375
44686.536865234375
44416.8037109375
44164.01916503906
43882.872314453125
43605.77746582031
43320.84387207031
43080.126953125
42826.8408203125
42583.11853027344
42320.18359375
42065.761962890625
41796.687744140625
41578.5068359375
41310.690185546875
41057.05114746094
40815.81823730469
40547.949462890625
40307.93273925781
40071.845703125
39838.064697265625
39571.79052734375
39357.9326171875
39113.84143066406
38878.76770019531
38615.603515625
38407.01025390625
38147.68640136719
37901.283935546875
37663.22106933594
37417.42333984375
37180.8505859375
36942.18420410156
36705.55480957031
36476.45373535156
36240.97863769531
36034.51171875
35807.192138671875
35575.48620605469
35338.9697265625
35077.79040527344
34886.2890625
34654.188720703125
34443.24865722656
34231.42126464844
34019.5068359375
33804.235595703125
33575.283203125
33342.63024902344
33164.103271484375
32921.91162109375
32701.858276367188
32465.92822265625
32289.558715820312
32062.066162109375
31823.6748046875
31634.842041015625
31425.055297851562
31216.024047851562
31019.675048828125
30808.593139648438
30639.333374023438
30452.808349609375
30260.156494140625
30087.2548828125
29884.785888671875
29681.770874023438
29500.937255859375
29327.35302734375
29096.644409179688
28928.450439453125
28732.904418945312
28569.87890625
28383.757690429688
28211.097045898438
28026.666137695312
27870.014282226562
27666.97802734375
27506.554931640625
27337.31689453125
27178.473022460938
27019.1181640625
26833.168701171875
26662.663696289062
26487.956665039062
26348.843688964844
26163.424072265625
25998.17742919922
25796.600463867188
25630.63623046875
25481.385009765625
25317.628540039062
25156.60205078125
25028.765197753906
24909.167724609375
24773.890869140625
24602.885803222656
24437.088012695312
24271.338623046875
24117.698120117188
23969.262939453125
23779.06591796875
23638.77850341797
23506.410095214844
23374.149169921875
23235.447509765625
23066.320434570312
22937.935974121094
22769.21563720703
22621.151611328125
22479.954956054688
22349.385375976562
22210.304931640625
22093.595825195312
21953.0654296875
21821.413696289062
21712.399291992188
21577.375366210938
21455.01141357422
21298.42510986328
21167.32733154297
21018.98406982422
20894.133911132812
20771.621215820312
20669.37127685547
20534.41259765625
20413.990600585938
20289.989868164062
20164.813720703125
20052.516479492188
19971.01483154297
19840.880432128906
19724.357055664062
19639.865356445312
19569.278869628906
19418.61669921875
19317.33642578125
19152.206970214844
19032.142211914062
18917.912109375
18790.499877929688
18695.102966308594
18595.813598632812
18487.542358398438
18388.611206054688
18286.687255859375
18161.83953857422
18049.63397216797
17962.122802734375
17831.414489746094
17727.82684326172
17642.635681152344
17553.007751464844
17422.56329345703
17344.83270263672
17243.55389404297
17119.067993164062
