cost:	
700270.9169921875
151922.85546875
127366.630859375
102279.46044921875
95823.56494140625
92775.47314453125
90935.39184570312
89632.388671875
88683.076171875
87621.83056640625
86327.91723632812
85499.82421875
84019.80712890625
82657.56640625
81340.3486328125
79834.11669921875
78375.13916015625
76916.72802734375
75402.25854492188
74132.080078125
72723.525390625
71106.25048828125
69617.82739257812
68255.66259765625
66833.8056640625
65349.56640625
64018.03723144531
62687.726806640625
61361.382080078125
60027.39208984375
58808.870361328125
57443.408447265625
56149.071533203125
55102.839599609375
53880.89794921875
52745.884521484375
51399.90563964844
50310.14306640625
49112.82702636719
47926.15869140625
46770.673583984375
45607.42175292969
44513.665771484375
43370.08557128906
42372.20544433594
41142.54345703125
40188.501953125
39101.927978515625
38019.393310546875
36929.446044921875
35987.927490234375
34967.150390625
33936.28894042969
32959.925537109375
32046.74853515625
31127.860595703125
30288.333984375
29409.112426757812
28497.284790039062
27677.855834960938
26838.678955078125
26024.967163085938
25244.924926757812
24488.092041015625
23708.679443359375
22978.134643554688
22200.496948242188
21538.796447753906
20843.35089111328
20203.668701171875
19549.640625
18957.746215820312
18339.984313964844
17710.77313232422
17124.51727294922
16564.346435546875
16046.713317871094
15511.424255371094
14978.459594726562
14470.313232421875
13990.765686035156
13537.867431640625
13067.627563476562
12617.616516113281
12174.199523925781
11760.670959472656
11343.151428222656
10955.96875
10563.175659179688
10204.038604736328
9857.959350585938
9531.928680419922
9194.330505371094
8889.895782470703
8548.588684082031
8233.356903076172
7939.4234619140625
7676.844146728516
7395.208251953125
7154.1121826171875
6881.082366943359
6631.474792480469
6417.162048339844
6192.4019775390625
5967.301208496094
5776.2498779296875
5578.474197387695
5387.063781738281
5210.850189208984
5024.015960693359
4846.837417602539
4675.230651855469
4512.2225341796875
4346.7874755859375
4201.7506103515625
4061.1517333984375
3953.1179809570312
3795.0114135742188
3647.0220489501953
3525.824478149414
3393.197555541992
3272.615737915039
3166.9758224487305
3053.5997161865234
2938.682586669922
2835.2166061401367
2741.3364868164062
2645.9132537841797
2587.4878845214844
2476.8181228637695
2377.209541320801
2289.7842330932617
2212.3429565429688
2151.048355102539
2063.4655227661133
1994.9352569580078
1919.222183227539
1853.3963012695312
1794.3765335083008
1738.381591796875
1678.2366485595703
1618.512939453125
1560.9567642211914
1508.9797897338867
1471.5804748535156
1416.8507843017578
1351.987232208252
1352.2517318725586
1259.922492980957
1213.0553398132324
1178.4168090820312
1135.113883972168
1094.305191040039
1061.8715591430664
1023.5648002624512
986.3898429870605
959.1056938171387
919.8866539001465
889.2408981323242
864.1713600158691
837.584041595459
804.1957168579102
778.3246650695801
756.3385429382324
736.5452861785889
714.5440254211426
699.5146198272705
685.7841262817383
654.2633533477783
626.9671592712402
605.0044040679932
585.3371849060059
572.0919876098633
554.3583145141602
541.367359161377
537.1662864685059
524.3940143585205
510.5318832397461
494.55509757995605
476.8660202026367
468.27143478393555
452.07935333251953
439.8089828491211
422.04598808288574
401.3788299560547
386.0552864074707
377.64960289001465
375.748477935791
360.94451332092285
344.97938346862793
337.3363924026489
331.89375400543213
319.2526683807373
308.0460567474365
328.75415229797363
319.8572235107422
316.85594749450684
304.4299030303955
292.65710830688477
289.0058240890503
275.30915355682373
289.3661298751831
286.0308017730713
273.2858057022095
257.07984924316406
256.91852951049805
255.07615280151367
246.91828441619873
235.52985382080078
217.47357845306396
209.67893314361572
201.90532207489014
188.83518981933594
181.4393548965454
178.44118118286133
178.22278690338135
177.7785177230835
176.7540111541748
173.9519748687744
175.344708442688
174.40642642974854
167.29785251617432
164.000093460083
166.16348266601562
164.3110637664795
164.82816886901855
156.74328327178955
154.6444911956787
153.59818696975708
152.39090204238892
147.89920377731323
142.64070177078247
143.04895305633545
137.56669282913208
137.78221321105957
141.49818515777588
144.89760875701904
150.97783041000366
142.14484786987305
150.2666721343994
154.51359176635742
153.44908809661865
147.5884485244751
138.01052951812744
136.9776792526245
134.60167026519775
127.73081302642822
139.9822006225586
144.34648323059082
141.80188179016113
143.78205013275146
137.534086227417
134.26843118667603
133.4062671661377
123.26130628585815
119.39666175842285
117.88942813873291
115.09750843048096
121.68630361557007
126.82652378082275
118.76086711883545
111.70717906951904
107.56064653396606
122.14386081695557
113.19516658782959
119.37167167663574
126.98366928100586
137.38564205169678
115.13923835754395
120.8198938369751
130.11638402938843
119.63303184509277
123.71511459350586
145.67291450500488
134.01153898239136
113.53225326538086
114.39569187164307
109.49856281280518
103.84787845611572
103.64543628692627
101.01872253417969
95.5889630317688
98.12921571731567
112.1006441116333
128.34060955047607
134.27613925933838
128.28431510925293
140.34895277023315
142.6017289161682
124.24107646942139
130.0565104484558
108.13088893890381
101.72283506393433
102.23808479309082
111.97531604766846
107.65929222106934
108.41764068603516
109.85961437225342
120.61967372894287
138.05756378173828
137.9162802696228
160.14039039611816
179.95346450805664
165.43633651733398
137.54713249206543
127.80300188064575
114.39994287490845
111.19881534576416
100.66831874847412
85.44560432434082
82.8883285522461
87.78252458572388
88.48426628112793
76.47766637802124
71.78831577301025
76.51703643798828
76.03709125518799
76.28420066833496
82.06744718551636
83.78152894973755
85.79237842559814
87.77432155609131
86.29212474822998
88.39374876022339
87.7341890335083
92.67010688781738
91.12755870819092
94.45921182632446
95.7541880607605
104.70129919052124
110.37069320678711
112.00300788879395
112.20786762237549
115.13460731506348
133.5177698135376
150.58847904205322
174.6852264404297
192.80817985534668
199.18936824798584
217.20842361450195
242.00305080413818
249.26811027526855
236.50799083709717
221.33820915222168
192.63555335998535
219.256498336792
227.83423519134521
207.60237979888916
187.48150825500488
174.86141204833984
156.62404346466064
144.54612064361572
131.24028968811035
118.52325820922852
101.12860059738159
129.77523565292358
96.35877895355225
91.71229267120361
99.68914222717285
99.15451765060425
84.95020198822021
99.16648578643799
97.15289878845215
89.93792915344238
90.26119756698608
82.12848377227783
80.70514392852783
81.81739950180054
69.97035074234009
72.03242206573486
72.22505855560303
73.15863418579102
72.57681608200073
71.19016313552856
74.43840074539185
82.52451515197754
85.49563264846802
83.08456516265869
85.46054172515869
90.95223569869995
95.25337314605713
94.75834083557129
99.48702955245972
106.96643257141113
103.11775398254395
104.03045558929443
101.85003137588501
100.95112991333008
101.94326448440552
121.41547966003418
127.66876792907715
130.34832954406738
147.65392923355103
147.80629062652588
140.3183093070984
158.1393632888794
182.1644058227539
203.5202693939209
276.26040267944336
351.73657608032227
