cost:	
909048.318359375
382203.294921875
240308.724609375
165766.4990234375
130768.453125
111635.65234375
100689.59326171875
93443.05737304688
88043.3857421875
83799.17016601562
80303.490234375
77400.27661132812
75028.87548828125
72775.8388671875
70852.16577148438
69091.21508789062
67532.10034179688
65996.9892578125
64579.69384765625
63213.289306640625
61910.6826171875
60674.648681640625
59474.985107421875
58277.868896484375
57106.64599609375
55998.205078125
54835.545166015625
53768.377197265625
52743.4453125
51680.234130859375
50720.568115234375
49678.9072265625
48739.369873046875
47800.141845703125
46850.059814453125
45969.092529296875
45133.151123046875
44257.55517578125
43410.69738769531
42592.514404296875
41834.58581542969
41026.0
40278.16943359375
39546.003173828125
38834.16833496094
38154.3662109375
37480.29284667969
36794.38720703125
36164.17724609375
35519.08215332031
34890.984375
34331.81042480469
33754.614501953125
33210.04541015625
32654.97607421875
32148.9931640625
31617.559692382812
31124.6513671875
30630.979248046875
30154.986694335938
29679.532592773438
29232.510986328125
28771.855346679688
28354.829711914062
27932.2060546875
27494.265991210938
27131.357543945312
26708.13232421875
26292.166381835938
25899.590454101562
25522.330810546875
25175.372802734375
24830.97802734375
24474.777954101562
24111.43768310547
23775.827514648438
23472.99267578125
23156.623046875
22834.349731445312
22568.013671875
22280.44305419922
22020.626098632812
21766.369079589844
21538.016845703125
21199.220825195312
20920.954345703125
20583.225708007812
20331.886840820312
20092.576293945312
19818.931762695312
19560.52667236328
19316.026123046875
19119.92254638672
18893.297973632812
18665.955627441406
18555.16680908203
18312.966186523438
18122.588439941406
17866.016662597656
17788.95489501953
17528.231689453125
17294.600646972656
17242.843139648438
17031.67706298828
16733.916076660156
16521.860290527344
16325.583557128906
16186.135559082031
15993.162719726562
15791.638916015625
15616.027770996094
15455.593994140625
15310.463745117188
15180.09423828125
14991.654296875
14855.787719726562
14704.789855957031
14543.008666992188
14409.6982421875
14251.668212890625
14111.004150390625
14012.219909667969
13892.510314941406
13737.461242675781
13631.691284179688
13602.803833007812
13545.6337890625
13378.960632324219
13226.820007324219
13082.404174804688
13008.856811523438
12911.364440917969
12805.070983886719
12659.676513671875
12526.431091308594
12404.32568359375
12318.882385253906
12211.185943603516
12090.94580078125
11954.809448242188
11852.279357910156
11713.599609375
11595.132934570312
11521.478576660156
11443.328125
11326.615234375
11359.016906738281
11210.802551269531
11056.050964355469
11037.473327636719
11020.765716552734
10890.082580566406
10850.19140625
10732.124084472656
10631.548828125
10605.343322753906
10542.303283691406
10459.768920898438
10417.077514648438
10271.053955078125
10174.783325195312
10137.856262207031
10112.848236083984
10051.962799072266
10034.836059570312
10075.69873046875
9924.882934570312
9912.410400390625
9820.952514648438
9751.857482910156
9738.26547241211
9585.576354980469
9527.220336914062
9439.876281738281
9301.496398925781
9334.080535888672
9398.831909179688
9208.711242675781
9220.315795898438
9136.057434082031
9003.336883544922
9065.272979736328
8983.4189453125
9034.39810180664
8872.500091552734
8741.189483642578
8646.19140625
8580.614440917969
8590.37841796875
8557.437225341797
8681.160552978516
8643.61376953125
8525.318725585938
8409.401916503906
8263.423522949219
8147.578643798828
8128.974914550781
8094.819000244141
8052.984405517578
7951.8677978515625
7894.982666015625
7852.518829345703
7765.026031494141
7712.297943115234
7720.102355957031
7644.771728515625
7553.677398681641
7570.327789306641
7637.636749267578
7645.391998291016
7610.761566162109
7516.819915771484
7453.436126708984
7397.527679443359
7347.803649902344
7346.634948730469
7316.502716064453
7243.736663818359
7212.714111328125
7133.395904541016
7186.219757080078
7201.946838378906
7163.400238037109
7067.122741699219
7123.802429199219
7053.547637939453
6933.273284912109
6865.396148681641
6770.5828857421875
6774.784698486328
6696.646575927734
6686.5552978515625
6570.689636230469
6594.404876708984
6603.702239990234
6682.995346069336
6769.103424072266
6741.796844482422
6657.611236572266
6629.251678466797
6634.447448730469
6605.17497253418
6538.797866821289
6472.236907958984
6361.322952270508
6329.8287353515625
6367.531585693359
6383.167007446289
6397.868499755859
6360.528778076172
6328.099517822266
6346.3546142578125
6339.907897949219
6442.374267578125
6266.089447021484
6110.833404541016
6078.760589599609
5997.107604980469
5887.949279785156
5854.061462402344
5755.961822509766
5717.151641845703
5698.849533081055
5721.297744750977
5701.892303466797
5671.258712768555
5685.618621826172
5714.334014892578
5759.132171630859
5811.132797241211
5738.443298339844
5803.672622680664
5740.549285888672
5701.748092651367
5661.300445556641
5552.031494140625
5528.898223876953
5451.669387817383
5437.788146972656
5382.38818359375
5332.107666015625
5363.717758178711
5298.882507324219
5300.761993408203
5256.696212768555
5281.027374267578
5290.726760864258
5316.3201904296875
5264.714172363281
5263.44743347168
5163.763244628906
5178.07373046875
5122.778259277344
5115.4908447265625
5073.556945800781
5090.838073730469
5014.940567016602
5005.042404174805
5044.961578369141
5039.149627685547
5137.212310791016
5151.389587402344
5171.349319458008
5104.231643676758
5087.208084106445
5188.009719848633
5233.321014404297
5186.872909545898
5317.114807128906
5386.940734863281
5485.036407470703
5474.347076416016
5723.909027099609
5548.020294189453
5483.921127319336
5427.867828369141
5323.407821655273
5223.774429321289
5146.761428833008
5173.536087036133
5064.48713684082
5006.110626220703
4999.659149169922
4965.109039306641
4867.002532958984
4777.366394042969
4819.621398925781
4799.295104980469
4756.692962646484
4671.586822509766
4559.996368408203
4516.696838378906
4433.1693115234375
4422.468994140625
4386.835296630859
4322.351959228516
4269.298065185547
4283.078201293945
4267.493698120117
4215.478927612305
4214.690902709961
4166.785339355469
4126.953918457031
4120.329086303711
4114.738006591797
4095.537628173828
4116.303939819336
4091.8658294677734
4092.590576171875
4110.924911499023
4078.9097290039062
4071.8532104492188
4032.868118286133
3999.9703521728516
3997.53125
3985.550018310547
3968.9039764404297
4022.1846313476562
3994.3980255126953
3990.1143188476562
3968.9764251708984
3969.3849182128906
3962.5546264648438
3937.233200073242
3912.8379974365234
3931.8634033203125
3935.8558044433594
3916.308792114258
3980.6586151123047
4009.019088745117
4077.0906829833984
4081.3064575195312
4069.863327026367
4095.098831176758
4128.646209716797
4180.764068603516
4256.701156616211
4414.502960205078
4611.896881103516
4704.511688232422
4662.974960327148
4480.889068603516
4352.376892089844
4277.063278198242
4381.963775634766
4379.805572509766
4644.573181152344
4625.212188720703
4598.696548461914
4449.550933837891
4510.0628662109375
4438.765869140625
4391.810852050781
4268.702682495117
4413.129623413086
4196.281448364258
4178.957489013672
3954.0794830322266
3995.6908416748047
4002.3458709716797
