cost:	
948193.333984375
404649.4365234375
250263.58984375
185821.4912109375
145428.4765625
122706.9931640625
110414.39892578125
101500.66357421875
94834.0009765625
89773.0439453125
85717.95849609375
82184.5849609375
79249.07348632812
76721.44189453125
74385.69189453125
72364.84130859375
70437.06762695312
68755.69775390625
67359.8359375
65839.66528320312
64344.255859375
63108.0537109375
61640.520751953125
60497.426513671875
59312.661865234375
58140.271728515625
57069.49755859375
56030.109130859375
55024.508544921875
54051.653564453125
53063.91064453125
52186.927001953125
51247.394287109375
50377.3603515625
49518.701416015625
48706.445556640625
47896.258056640625
47092.79052734375
46304.2822265625
45560.062255859375
44800.48779296875
44085.01904296875
43363.823486328125
42678.642822265625
42022.817138671875
41338.64245605469
40768.09655761719
40128.22644042969
39498.696044921875
38924.33898925781
38339.70910644531
37763.844482421875
37246.84423828125
36724.47668457031
36200.959228515625
35695.04748535156
35176.763427734375
34734.43408203125
34242.09826660156
33803.73791503906
33346.132080078125
32896.892333984375
32461.274291992188
32030.481689453125
31653.600830078125
31232.965942382812
30861.955810546875
30458.653930664062
30093.369995117188
29725.03955078125
29378.227783203125
29036.404663085938
28666.090087890625
28322.716796875
27971.226806640625
27653.548461914062
27365.210815429688
27039.807495117188
26773.926879882812
26499.239501953125
26196.618041992188
25893.42236328125
25703.898315429688
25425.365478515625
25172.082641601562
24882.269897460938
24652.79736328125
24403.55810546875
24105.027587890625
23931.31231689453
23707.588256835938
23489.094482421875
23230.906982421875
22997.010986328125
22890.259521484375
22621.99853515625
22281.851928710938
22038.433349609375
21821.0703125
21592.938842773438
21356.315856933594
21165.271606445312
20976.47998046875
20772.638671875
20610.225463867188
20413.876831054688
20262.939331054688
20073.65380859375
19879.73699951172
19705.094970703125
19564.096069335938
19400.35498046875
19264.109985351562
19115.78271484375
18996.170288085938
18876.881103515625
18744.48309326172
18733.76727294922
18618.947692871094
18506.850952148438
18358.623046875
18129.243408203125
18062.630859375
18181.477783203125
17953.111450195312
17641.137939453125
17510.134033203125
17515.20361328125
17482.604125976562
17447.187927246094
17138.630310058594
16961.374755859375
16763.1513671875
16682.63458251953
16549.626892089844
16395.904846191406
16366.925598144531
16337.704223632812
16204.099975585938
16043.665222167969
15952.719055175781
15807.782836914062
15649.134826660156
15534.644897460938
15483.685180664062
15368.006469726562
15392.443908691406
15323.42333984375
15267.968566894531
15119.228393554688
14982.918701171875
14796.258117675781
14684.461059570312
14521.072937011719
14433.778198242188
14366.427795410156
14244.48828125
14163.314636230469
14078.144104003906
13984.345520019531
13923.125732421875
13869.902038574219
13805.004821777344
13731.609741210938
13636.699279785156
13564.763397216797
13482.853210449219
13378.64535522461
13313.230285644531
13258.924621582031
13251.527709960938
13209.577819824219
13153.980712890625
13047.095947265625
12966.33383178711
12869.523315429688
12886.086242675781
12942.70101928711
12806.07470703125
12705.751037597656
12629.505981445312
12572.8837890625
12590.042785644531
12733.132446289062
12821.393859863281
12775.242858886719
12642.229614257812
12618.4111328125
12472.656982421875
12525.197082519531
12358.04736328125
12285.254577636719
12211.718627929688
12043.792419433594
12193.507629394531
12045.999877929688
11851.6806640625
11789.358459472656
11713.282958984375
11931.977783203125
11789.961730957031
11743.31103515625
11814.001647949219
11913.496154785156
11767.52001953125
11745.994934082031
11560.452941894531
11345.780944824219
11173.118469238281
11084.835235595703
11023.365783691406
10993.295654296875
10877.22802734375
10849.239074707031
10787.80825805664
10712.129211425781
10632.532318115234
10603.671630859375
10593.293273925781
10534.459930419922
10516.262878417969
10468.14096069336
10434.866638183594
10443.12173461914
10476.697021484375
10619.611145019531
10780.810546875
11142.419982910156
10939.191375732422
10695.860412597656
10637.233093261719
10450.38070678711
10268.98681640625
10183.044128417969
10106.66845703125
10085.909881591797
10052.680725097656
9953.572814941406
9891.52163696289
9836.690673828125
9779.105010986328
9739.936096191406
9700.368286132812
9645.36279296875
9649.072631835938
9591.100402832031
9547.588928222656
9510.475219726562
9492.60205078125
9474.774963378906
9420.142272949219
9387.513793945312
9336.008605957031
9290.840087890625
9270.549072265625
9246.021179199219
9225.70767211914
9176.24917602539
9188.7421875
9242.846618652344
9230.195251464844
9198.305603027344
9211.8720703125
9268.824005126953
9300.392150878906
9247.00033569336
9468.017181396484
9561.306365966797
9995.06640625
11874.989990234375
11841.079345703125
10684.420349121094
10549.986450195312
10534.687194824219
9960.774353027344
9717.266540527344
9357.153106689453
9350.711303710938
9109.358642578125
9053.574157714844
8848.79476928711
8803.135864257812
8677.745574951172
8646.98403930664
8555.196533203125
8484.65673828125
8423.075439453125
8415.25863647461
8373.30191040039
8333.452026367188
8364.963989257812
8352.630676269531
8345.700927734375
8293.884704589844
8282.750274658203
8245.08755493164
8207.853332519531
8190.911468505859
8123.351287841797
8130.641510009766
8082.712554931641
8025.785400390625
7975.493103027344
7947.994659423828
7927.3863525390625
7941.357269287109
7933.606689453125
7896.766693115234
7891.3359375
7880.167327880859
7846.576446533203
7830.099914550781
7804.983444213867
7773.183197021484
7782.401641845703
7772.263824462891
7778.7830810546875
7759.4678955078125
7714.808441162109
7736.779144287109
7822.931579589844
7765.550842285156
7693.238250732422
7710.815460205078
7677.35107421875
7662.861267089844
7724.3179931640625
7718.928894042969
7751.015380859375
7756.468200683594
7673.501190185547
7629.889251708984
7629.475341796875
7583.29833984375
7565.771667480469
7578.873809814453
7612.143859863281
7746.305999755859
7833.908721923828
7812.2421875
7956.72021484375
7918.323455810547
8242.197082519531
8138.253448486328
8083.100280761719
7873.312896728516
7724.944488525391
7647.9652099609375
7563.990631103516
7603.5540771484375
7529.514343261719
7453.8609619140625
7324.040557861328
7226.452453613281
7254.300506591797
7170.314300537109
7255.24951171875
7188.427947998047
7225.472717285156
7173.281921386719
7146.277252197266
7149.126708984375
7174.948516845703
7118.423431396484
7057.790100097656
7059.981018066406
7074.118316650391
7023.329040527344
6966.832214355469
6952.276947021484
7089.253662109375
7157.859039306641
7180.4798583984375
7229.130615234375
7403.261383056641
7592.4447021484375
7764.4527587890625
8627.66195678711
8408.666534423828
8413.793670654297
8420.719757080078
7913.540710449219
7740.987152099609
7552.061676025391
7396.630554199219
7315.779357910156
7660.827911376953
7306.041198730469
7098.476150512695
6974.7867431640625
6838.818298339844
6713.882354736328
6693.875930786133
6680.436767578125
6659.825103759766
6610.523529052734
6563.610748291016
6505.8204345703125
6479.735656738281
6435.254013061523
