cost:	
593717.0029296875
179715.9052734375
113543.46435546875
88089.07666015625
73728.56225585938
63817.978515625
56301.682373046875
49804.57275390625
44251.84619140625
39169.76745605469
34840.42565917969
30903.891235351562
27495.210815429688
24405.301879882812
21656.903442382812
19368.335693359375
17076.093139648438
15525.50927734375
13606.143005371094
12139.576904296875
10773.772735595703
9784.135711669922
8620.894622802734
7864.184906005859
7033.0714111328125
6308.838638305664
5782.357208251953
5127.643615722656
4663.673599243164
4263.108184814453
4008.7483520507812
3629.2894287109375
3658.2508544921875
3339.7427978515625
3141.3016204833984
2776.671585083008
2660.5345611572266
2445.9254302978516
2260.2750854492188
2048.927589416504
2014.4240112304688
1872.7047500610352
1796.3861618041992
1650.6855850219727
1606.1534118652344
1719.8879165649414
1733.3655624389648
1680.7565231323242
1675.3778533935547
1788.651512145996
1821.3860664367676
1699.8098754882812
1547.5900573730469
1324.6425895690918
1190.1901836395264
1283.6754531860352
1126.3864669799805
945.7525329589844
841.834150314331
809.370439529419
915.7376098632812
838.2983703613281
814.6682624816895
826.5816802978516
833.2724876403809
923.304630279541
1138.5366439819336
1470.4823265075684
1966.7344512939453
1706.893871307373
1715.6739044189453
1435.8352127075195
1527.4750289916992
1288.9099674224854
1181.7745246887207
1141.2785606384277
1024.3792419433594
1020.8270721435547
996.0153198242188
1032.813913345337
1004.6900119781494
977.0174102783203
1044.2480659484863
978.1241073608398
1238.565221786499
1106.4937648773193
1027.0749778747559
1071.6522064208984
970.0185661315918
904.062427520752
852.4408378601074
963.3756446838379
974.8534088134766
1074.103126525879
1139.9208488464355
1180.6494178771973
1120.9031295776367
948.1637363433838
880.0122489929199
858.4881858825684
955.4810428619385
921.7167320251465
1005.0793724060059
916.1657333374023
1271.1891689300537
1167.3494491577148
997.8231468200684
1140.9520568847656
1257.119441986084
1455.9658966064453
1475.980598449707
1897.6649932861328
1998.2619552612305
2229.806182861328
2326.7868423461914
2296.6228942871094
2052.8263053894043
2019.0188751220703
1754.3618240356445
1617.0602493286133
1419.9444580078125
1310.6676864624023
1403.2825450897217
1240.515625
1313.3682441711426
1215.8817195892334
1607.8241519927979
1670.4061431884766
1383.9861297607422
1407.1348819732666
1461.380657196045
1418.6494750976562
1216.138500213623
1164.1659622192383
1134.7613372802734
1003.9206771850586
1079.7055854797363
1095.4134788513184
964.3893547058105
1066.8464736938477
1102.8932762145996
1140.4692649841309
1018.8887481689453
993.0745296478271
964.2193794250488
936.7630767822266
1003.1384429931641
1061.2725257873535
1028.2387390136719
1072.4974822998047
1202.5237350463867
1217.6794395446777
1386.011474609375
1406.636547088623
1495.3222312927246
1454.4595165252686
1583.3712463378906
1534.3255920410156
1434.6868209838867
1273.2684516906738
1372.8709526062012
1304.4059944152832
1206.5098724365234
1322.8939056396484
1284.4237365722656
1318.900016784668
1556.433967590332
1386.6983032226562
1518.1534729003906
1604.8648147583008
1496.1283340454102
1590.9182662963867
1507.6228866577148
1510.7152404785156
1501.1959533691406
1601.1708068847656
1478.5421829223633
1397.9107189178467
1282.2592163085938
1329.9148712158203
1170.4009094238281
1292.838966369629
1195.4945259094238
1399.7746658325195
1374.5229721069336
1353.3611145019531
1401.3535766601562
1380.5321350097656
1310.3367538452148
1338.1445922851562
1372.5252647399902
1362.2783966064453
1309.167667388916
1398.5428733825684
1406.441307067871
1302.9602813720703
1375.5888175964355
1378.6324100494385
1442.1563262939453
1653.838264465332
1411.022159576416
1424.9062728881836
1276.8221702575684
1235.0868759155273
1193.5422668457031
1092.0687637329102
1034.7782402038574
979.3520812988281
932.8752460479736
919.0149612426758
893.2644214630127
955.1295776367188
1007.6190509796143
1072.050521850586
1151.767837524414
1259.6061401367188
1307.371841430664
1268.5700569152832
1313.432273864746
1451.9606971740723
1531.499423980713
1612.8887901306152
1634.9156036376953
1634.6102447509766
1569.9716091156006
1576.5941009521484
1678.0792999267578
1612.7126770019531
1508.8360061645508
1686.2671127319336
1640.2742233276367
1735.0749244689941
1764.7433700561523
1931.9136199951172
1973.9457931518555
2182.6574478149414
2163.557945251465
2215.4370727539062
2019.4300956726074
2056.1552658081055
2128.27099609375
2180.1236419677734
2171.9678840637207
2237.2381896972656
2058.056610107422
1909.4967651367188
1842.3234481811523
1703.1851348876953
1711.6892013549805
1595.0635986328125
1410.1825351715088
1342.6257858276367
1235.6837615966797
1723.9466934204102
1471.9677047729492
1345.0710220336914
1122.3032112121582
1122.9881706237793
1109.3406982421875
1067.115894317627
980.4659767150879
931.0385665893555
878.8198852539062
873.2570381164551
855.8041763305664
855.1207084655762
855.1020812988281
829.2942352294922
796.7657432556152
821.726936340332
883.1968154907227
948.6874504089355
928.8809089660645
1023.626298904419
1036.298713684082
1058.4473495483398
1044.747444152832
1044.0690994262695
996.2351570129395
988.316162109375
1010.18359375
1022.5990562438965
1034.8645648956299
1076.8142700195312
1132.1985626220703
1280.0723152160645
1339.9070281982422
1410.4448318481445
1580.1750259399414
1734.8494262695312
1715.6817016601562
1761.2353820800781
1752.5793724060059
1924.6715621948242
1925.7752151489258
2016.142765045166
1975.0886535644531
2185.244789123535
2087.279926300049
2075.089828491211
2194.6634674072266
2160.500503540039
2132.0679092407227
1872.3743743896484
1746.8836059570312
1483.4171562194824
1451.7322311401367
1356.3731002807617
1334.1144561767578
1351.3771438598633
1067.0476970672607
1099.5770263671875
978.9453048706055
1067.5738906860352
991.1186466217041
959.2899284362793
908.703556060791
875.8547515869141
904.430591583252
1049.7832336425781
1136.4396133422852
989.8661155700684
886.2834434509277
877.8106651306152
980.6083431243896
966.5811462402344
1083.1383056640625
1003.4377288818359
1146.6199264526367
1164.3548259735107
1103.0599327087402
1078.955364227295
1068.1973876953125
1030.7762260437012
1017.5395317077637
1017.5042495727539
977.5858306884766
1111.195234298706
1117.340534210205
1169.1267585754395
1179.4655265808105
1366.7394371032715
1419.1776580810547
1381.5973892211914
1691.423454284668
1513.4521865844727
1365.2965126037598
1397.0679168701172
1284.033332824707
1246.0629043579102
1184.3049240112305
1074.0131454467773
1052.3129043579102
1065.3370666503906
1027.034912109375
1043.1600131988525
961.0862941741943
1140.5101432800293
973.8906211853027
1069.4088611602783
1071.1081085205078
1073.6098098754883
1097.4530448913574
1168.0337867736816
1272.664176940918
1374.0489883422852
1558.9191284179688
1755.3886184692383
1712.5952796936035
1654.1830749511719
1612.1196823120117
1633.1843490600586
1602.9741516113281
2028.6547164916992
1847.1482391357422
1901.9409713745117
1939.7344131469727
1935.2086181640625
1804.7489852905273
1920.568260192871
1985.3976287841797
1784.9797058105469
1828.3332138061523
1670.664077758789
1593.3314361572266
1462.0925750732422
1466.3327407836914
1372.515968322754
1252.5963745117188
1283.210536956787
1337.6208457946777
1281.4245319366455
1384.686191558838
1285.8366203308105
1226.438735961914
1195.5540008544922
1144.086082458496
1057.9441986083984
1127.7528896331787
1197.9551086425781
