cost:	
2189977.77734375
916763.634765625
822471.216796875
733696.9208984375
658432.1188964844
599408.9638671875
539994.490234375
480969.3283691406
434198.6965332031
393505.05322265625
361778.7287597656
334544.20275878906
304821.9453125
282553.8674316406
266448.6579589844
250057.01904296875
236533.7677001953
217810.11938476562
206139.7431640625
198939.45141601562
192484.46160888672
186945.8282470703
185206.22918701172
180646.11010742188
171615.32348632812
168632.07751464844
162093.3787841797
160185.384765625
157142.65075683594
156910.86279296875
158336.01293945312
161748.32891845703
160017.0977783203
154129.85009765625
148614.765625
144188.50030517578
141393.39239501953
143632.61059570312
147944.9971923828
145213.68786621094
141115.6837158203
140813.22314453125
138138.52569580078
141878.34411621094
143058.41247558594
144773.69567871094
142150.84729003906
136056.33740234375
131265.45190429688
127272.94305419922
124647.63439941406
121971.26733398438
115992.5181274414
113505.04318237305
109715.1655883789
109905.02551269531
108667.0064086914
109395.99523925781
110018.96417236328
111516.29638671875
111762.52526855469
116025.44403076172
116649.9642944336
117317.33801269531
113465.51354980469
110030.2328491211
111975.40991210938
113031.68542480469
113026.19421386719
115957.79528808594
114533.47491455078
113251.42059326172
112664.2861328125
115726.05157470703
118497.10009765625
123859.1142578125
122921.49810791016
113231.49401855469
108725.24743652344
107792.84265136719
105766.96145629883
106471.7984008789
106926.16455078125
109377.11883544922
107178.5464477539
110100.02270507812
109828.83233642578
110134.67468261719
111109.55340576172
111460.810546875
111219.21826171875
106711.978515625
108053.55767822266
108266.93914794922
106891.18670654297
105375.48474121094
104983.4765625
104136.87963867188
104433.95175170898
105894.07427978516
103884.232421875
95441.25994873047
90007.2544555664
84901.13018798828
86902.38708496094
86770.03015136719
85308.06628417969
89268.03576660156
90494.44067382812
91521.21151733398
94775.8616027832
99763.6533203125
101961.68228149414
105624.39910888672
101925.9995727539
98890.7202758789
96876.83477783203
93644.29260253906
96534.68872070312
97119.59539794922
97160.33026123047
96012.54544067383
98407.994140625
102100.04861450195
102842.19158935547
101255.23596191406
97909.8500366211
95537.0883178711
97405.8046875
96490.28723144531
95756.39904785156
93797.58569335938
95053.78546142578
92759.38143920898
90125.17864990234
91419.95129394531
92679.36877441406
94369.99560546875
94927.1547088623
93873.08386230469
94182.25036621094
94213.28063964844
92390.68469238281
91680.9370727539
93152.93865966797
94448.47290039062
95270.7900390625
96051.89041137695
96832.666015625
96778.06756591797
95235.16046142578
89419.01080322266
80996.93041992188
78656.56640625
74320.11547851562
70453.09783935547
68856.57275390625
69893.2075805664
71675.06466674805
76382.80633544922
81995.30285644531
83994.15130615234
90219.546875
91022.01361083984
95657.20223999023
92450.0903930664
90758.31286621094
92286.9838256836
92172.69659423828
89709.75610351562
84910.31298828125
85118.01055908203
85996.62030029297
86173.37890625
83580.11254882812
82466.14068603516
83150.95275878906
84760.52160644531
84344.04553222656
87896.07232666016
88908.95538330078
87327.44570922852
87423.73901367188
87265.59811401367
84488.83099365234
82382.70806884766
82763.64910888672
82545.66635131836
81325.41693115234
80357.47570800781
81116.66845703125
80814.66287231445
80846.85260009766
82004.00305175781
84473.96875
89258.46911621094
92192.13470458984
93451.06005859375
88568.31378173828
86952.74438476562
81505.55551147461
71430.52221679688
66333.24285888672
65275.981994628906
67244.56497192383
69173.77014160156
68483.3842163086
68559.86074829102
69720.87805175781
69938.96308898926
72382.60388183594
73063.86367797852
74846.81655883789
76786.09414672852
77458.1028137207
79600.30856323242
81578.01361083984
83765.12664794922
83037.75283813477
82377.94055175781
80798.5251159668
80701.73217773438
80591.1430053711
78654.81713867188
75876.3349609375
76435.28076171875
73702.61315917969
70354.96365356445
70265.36422729492
71788.92608642578
73048.51049804688
75535.77981567383
75312.43353271484
78584.7299194336
82912.87091064453
83978.39817810059
85778.46276855469
84247.93740844727
81225.90942382812
81206.77871704102
80041.84396362305
78019.75317382812
78586.8724975586
78140.40216064453
76466.98291015625
75291.8037109375
72303.33810424805
72629.97918701172
74238.9937133789
75173.84564208984
73059.87969970703
68404.05291748047
64553.82638549805
62485.35745239258
59053.99139404297
58666.259185791016
61130.03106689453
61065.26722717285
64203.435791015625
66880.11009216309
68193.11602783203
67884.91296386719
69652.98123168945
69097.86407470703
70322.38125610352
70830.0855102539
73229.14837646484
71511.34210205078
69989.97094726562
72051.62805175781
74035.76263427734
74824.88259887695
75188.15252685547
73230.3451538086
71780.31237792969
70166.41165161133
70641.20581054688
70708.11798095703
68655.79928588867
67999.82232666016
69657.74053955078
69790.19689941406
70792.57699584961
70963.1792602539
70143.45123291016
71007.73083496094
70937.74136352539
70060.07983398438
68369.66394042969
70250.08499145508
68799.32568359375
69618.42108154297
71330.19400024414
69869.98294067383
68288.39590454102
69466.17602539062
69915.03735351562
71536.81732177734
73961.97982788086
71541.7565612793
68205.72375488281
62443.169860839844
56065.22735595703
52924.493255615234
50721.80758666992
51009.03823852539
51132.26254272461
54285.0788269043
56696.87432861328
59160.89242553711
62627.584899902344
65789.87298583984
66782.271484375
67749.59762573242
70844.28137207031
71053.46612548828
69861.01727294922
67932.27731323242
66346.39184570312
64475.06719970703
63423.45704650879
65436.97265625
64766.781982421875
63154.723724365234
62031.692443847656
61792.35217285156
62215.766021728516
61030.701416015625
59985.1123046875
59718.741638183594
61379.21658325195
66569.12768554688
68269.09155273438
67929.62426757812
68945.78442382812
68519.68069458008
69812.69091796875
68751.44882202148
66638.23315429688
67450.49789428711
63965.53204345703
64141.223205566406
63248.862884521484
64077.17224121094
62185.32989501953
60485.21942138672
60268.65563964844
61273.63040161133
61746.61723327637
62490.78308105469
61543.69610595703
55797.82421875
53945.66732788086
53332.50341796875
53656.945861816406
52818.4362487793
53288.776611328125
52729.02606201172
52162.53125
55131.39562988281
55510.931091308594
58208.177490234375
58242.60333251953
57580.36975097656
59017.96368408203
59016.217712402344
57355.416076660156
59146.02819824219
58061.33654785156
60185.522872924805
60542.962890625
61913.56332397461
60841.080657958984
59812.65643310547
61675.21463012695
60952.980407714844
61257.34191894531
60175.514587402344
58975.45294189453
58892.208892822266
58042.460510253906
59265.1116027832
59611.68487548828
61233.8733215332
59951.56962585449
63148.942932128906
59333.42419433594
60067.527923583984
58356.674743652344
56646.3737487793
57394.589416503906
57860.43865966797
58859.294921875
59251.50259399414
58237.60192871094
59464.148529052734
58111.269470214844
59324.40428161621
60825.5029296875
59464.331634521484
