cost:	
1101149.33203125
684147.66796875
378100.36328125
204398.97802734375
126729.52001953125
100326.77197265625
93688.0400390625
92039.509765625
91431.19873046875
91029.3349609375
90812.51391601562
90671.2998046875
90608.58837890625
90586.34545898438
90468.52124023438
90467.15478515625
90444.80615234375
90382.337890625
90417.51953125
90352.37866210938
90362.22705078125
90321.98315429688
90346.92626953125
90291.126953125
90283.103515625
90271.7080078125
90274.1943359375
90278.490234375
90263.05078125
90292.42407226562
90215.17846679688
90244.2158203125
90212.97387695312
90220.23974609375
90263.32177734375
90180.99755859375
90223.22705078125
90173.2119140625
90190.91357421875
90182.86865234375
90139.91943359375
90159.40673828125
90161.2060546875
90123.546875
90093.5712890625
90107.81640625
90121.474609375
90093.56665039062
90061.58569335938
90079.3681640625
90033.64501953125
90065.6943359375
90066.87744140625
89989.38134765625
90004.65234375
89955.44458007812
90000.3447265625
89942.70751953125
89921.197265625
89935.90380859375
89922.58642578125
89945.02661132812
89922.66674804688
89902.95166015625
89843.5791015625
89834.87182617188
89848.45654296875
89796.04125976562
89771.64575195312
89787.2958984375
89803.5908203125
89717.36669921875
89768.23779296875
89704.51171875
89683.17724609375
89672.76513671875
89632.26171875
89602.03564453125
89572.84350585938
89558.20458984375
89582.94287109375
89570.71142578125
89542.57836914062
89496.6845703125
89431.03076171875
89514.181640625
89387.03930664062
89387.17919921875
89382.89233398438
89292.39794921875
89152.470703125
89037.95361328125
88881.34326171875
88744.921875
88607.80493164062
88544.95556640625
88443.3876953125
88304.72705078125
88223.42724609375
88140.6591796875
87912.841796875
87752.7646484375
87571.48364257812
87375.13623046875
87156.1572265625
86857.84814453125
86617.896484375
86281.283203125
85976.31176757812
85685.267578125
85371.96484375
84999.4921875
84714.79931640625
84418.42895507812
84237.77294921875
84003.796875
83809.796875
83493.025390625
83195.90844726562
82958.658203125
82698.97509765625
82490.58935546875
82296.05541992188
82052.81909179688
81831.75170898438
81543.49755859375
81379.42407226562
81158.65209960938
80973.318359375
80776.380859375
80557.69750976562
80417.9765625
80211.4248046875
79924.05615234375
79720.427734375
79550.06127929688
79318.54541015625
79127.291015625
78853.56958007812
78632.53662109375
78388.53125
78161.57080078125
77975.08447265625
77773.83642578125
77469.43383789062
77284.57666015625
77087.94189453125
76842.73046875
76652.73046875
76367.81127929688
76063.51538085938
75868.02978515625
75635.107421875
75422.9716796875
75211.43701171875
74932.57153320312
74695.89868164062
74432.45581054688
74223.07153320312
74008.0029296875
73701.94165039062
73501.42431640625
73276.076171875
73037.72607421875
72825.86572265625
72567.1865234375
72375.74682617188
72157.8232421875
71833.53247070312
71634.173828125
71351.61450195312
71086.53295898438
70874.36401367188
70625.46606445312
70389.41455078125
70175.40283203125
69996.76538085938
69711.986328125
69488.05053710938
69285.14672851562
69028.37573242188
68831.14501953125
68578.09155273438
68369.9990234375
68131.5498046875
67897.65625
67611.8583984375
67355.56909179688
67123.90283203125
66883.45727539062
66644.22509765625
66430.23974609375
66186.14672851562
65916.96118164062
65684.10278320312
65458.685302734375
65172.115478515625
64966.04638671875
64734.24267578125
64485.428466796875
64237.1904296875
64008.462890625
63782.9814453125
63548.576416015625
63320.9130859375
63085.443603515625
62838.44189453125
62623.958740234375
62413.657470703125
62183.47119140625
61946.232177734375
61720.386474609375
61474.033447265625
61250.921142578125
60997.786376953125
60784.569091796875
60534.907470703125
60322.135498046875
60097.374267578125
59850.302734375
59640.53759765625
59415.26953125
59188.26513671875
58936.384033203125
58714.48974609375
58512.080322265625
58277.818359375
58025.677001953125
57785.245361328125
57567.570068359375
57326.002685546875
57086.374755859375
56878.7548828125
56596.466552734375
56391.754150390625
56137.470947265625
55933.32666015625
55685.02294921875
55456.957275390625
55203.021240234375
54989.6943359375
54750.69775390625
54517.019287109375
54251.722412109375
54041.002685546875
53792.6337890625
53569.62390136719
53338.21044921875
53088.370361328125
52861.809326171875
52602.290771484375
52362.344970703125
52135.83312988281
51925.11962890625
51661.19482421875
51455.785400390625
51182.60437011719
50964.94873046875
50709.544677734375
50463.60656738281
50203.576171875
49972.510986328125
49764.26123046875
49519.730712890625
49276.360595703125
49053.91259765625
48815.18017578125
48592.08251953125
48341.05517578125
48112.1025390625
47910.14099121094
47666.416015625
47463.07958984375
47213.581298828125
47002.54150390625
46749.54638671875
46511.261962890625
46289.9970703125
46061.25439453125
45831.625732421875
45565.91796875
45360.490234375
45137.596435546875
44900.753662109375
44653.811279296875
44428.936279296875
44206.159423828125
43992.147705078125
43775.88269042969
43563.618896484375
43349.100830078125
43114.76416015625
42906.854248046875
42670.010498046875
42457.955810546875
42250.84375
42049.14978027344
41834.3095703125
41596.31237792969
41397.03747558594
41183.8427734375
40988.31640625
40774.169189453125
40581.9521484375
40375.143310546875
40178.62316894531
39974.62268066406
39793.62048339844
39610.71618652344
39415.782958984375
39192.960205078125
38988.180419921875
38782.74572753906
38579.968505859375
38394.055908203125
38194.45178222656
38016.12219238281
37827.477783203125
37625.0537109375
37439.89367675781
37255.979248046875
37068.127685546875
36884.0966796875
36704.61376953125
36502.59729003906
36313.991943359375
36130.72106933594
35950.80419921875
35761.91906738281
35594.857177734375
35427.334228515625
35247.614013671875
35074.71301269531
34899.21350097656
34715.49169921875
34551.29040527344
34377.40380859375
34202.51818847656
34007.850341796875
33836.20129394531
33674.55627441406
33512.05236816406
33337.356201171875
33178.90563964844
32981.15869140625
32828.1201171875
32663.948608398438
32517.514282226562
32343.01318359375
32219.121459960938
32039.199951171875
31877.373779296875
31709.804931640625
31537.621826171875
31388.115234375
31226.6513671875
31072.686157226562
30952.116943359375
30792.205200195312
30651.956420898438
30504.013793945312
30342.807250976562
30220.026123046875
30056.30126953125
29914.660766601562
29775.728759765625
29625.198852539062
29490.777221679688
29341.873657226562
29224.846435546875
29080.678466796875
28932.845947265625
28798.060668945312
28672.642700195312
28545.1708984375
28411.47900390625
28275.900146484375
28133.290771484375
27991.779052734375
27863.12451171875
27698.620361328125
27566.567016601562
27430.929565429688
27311.251586914062
27177.58251953125
27031.068481445312
26921.481567382812
26777.537353515625
26661.330078125
26578.174072265625
26450.648559570312
26302.768920898438
26168.637939453125
26040.634033203125
25907.861938476562
25795.485961914062
25686.771240234375
25569.458129882812
25484.035278320312
25386.65771484375
