cost:	
951721.087890625
283667.146484375
114050.162109375
113339.84912109375
98187.32080078125
94166.01025390625
92970.58154296875
92243.37915039062
91755.75048828125
91478.7470703125
91300.34521484375
91099.35498046875
90924.9716796875
90727.01708984375
90384.37109375
90174.7109375
89804.55346679688
89467.76904296875
89084.75122070312
88590.36962890625
88111.03271484375
87567.51586914062
87163.865234375
86613.15185546875
86077.794921875
85626.86743164062
84867.41333007812
84428.591796875
83973.5673828125
83383.98120117188
82811.43701171875
82375.4443359375
81797.1982421875
81252.76513671875
80842.82690429688
80197.99853515625
79688.40502929688
79228.84619140625
78638.693359375
78181.35327148438
77676.10522460938
77247.05932617188
76632.95068359375
76273.42797851562
75813.373046875
75218.9697265625
74826.74438476562
74354.38232421875
73760.67529296875
73292.36669921875
72911.25024414062
72319.65698242188
71947.474609375
71384.72607421875
71022.1572265625
70615.40087890625
70099.18041992188
69634.064453125
69203.26440429688
68714.67553710938
68320.80053710938
67853.2333984375
67620.24096679688
67154.64306640625
66686.7265625
66314.06103515625
65795.52807617188
65395.838134765625
64989.309326171875
64582.18017578125
64169.59912109375
63855.797119140625
63411.568603515625
63018.150146484375
62440.5947265625
62099.5166015625
61685.378173828125
61222.59912109375
60874.908935546875
60473.138916015625
60107.19580078125
59709.03515625
59337.761474609375
58796.421630859375
58432.834228515625
57993.4755859375
57571.655029296875
57146.363525390625
56713.627685546875
56319.6396484375
55869.517333984375
55483.712646484375
54994.40966796875
54599.0009765625
54156.26867675781
53704.052978515625
53187.720458984375
52759.44970703125
52351.9697265625
51894.75671386719
51406.86511230469
51039.902099609375
50563.964111328125
50053.8115234375
49604.374755859375
49135.097900390625
48723.152587890625
48257.281005859375
47789.00537109375
47352.68273925781
46975.286865234375
46431.4794921875
45928.895751953125
45507.280517578125
44997.30627441406
44552.3662109375
44074.43994140625
43630.710693359375
43124.377197265625
42661.04736328125
42144.8837890625
41722.45458984375
41225.364501953125
40767.012451171875
40246.65563964844
39757.64892578125
39349.81896972656
38843.29724121094
38321.06481933594
37870.921142578125
37416.70947265625
36985.327880859375
36509.208251953125
35987.19677734375
35580.24853515625
35144.63720703125
34632.67932128906
34165.4443359375
33737.0205078125
33345.47216796875
32881.85949707031
32437.54052734375
31984.171508789062
31496.695556640625
31100.229370117188
30636.087036132812
30231.4892578125
29762.72479248047
29375.54248046875
28968.445190429688
28503.918090820312
28101.219604492188
27729.792602539062
27303.066528320312
26904.82696533203
26540.532348632812
26128.831176757812
25780.908264160156
25417.956298828125
25029.410278320312
24677.461181640625
24326.004150390625
24008.266845703125
23634.026428222656
23272.364379882812
22954.562255859375
22630.450073242188
22258.006103515625
21926.28680419922
21582.680297851562
21278.801025390625
20883.987060546875
20577.80487060547
20257.643310546875
19945.7626953125
19625.85076904297
19332.31036376953
19038.674560546875
18762.208618164062
18456.86407470703
18190.283630371094
17866.764587402344
17606.6357421875
17286.408325195312
17001.277404785156
16740.016723632812
16474.319702148438
16216.146728515625
15948.725830078125
15699.747131347656
15439.146789550781
15182.32177734375
14929.735534667969
14673.928680419922
14458.337097167969
14214.269897460938
14009.026733398438
13775.426879882812
13519.298400878906
13312.843078613281
13088.102111816406
12853.235748291016
12645.734985351562
12457.338134765625
12251.769073486328
12063.455993652344
11854.050842285156
11676.567321777344
11487.748779296875
11312.596374511719
11121.546997070312
10940.345336914062
10766.451141357422
10598.587951660156
10417.580749511719
10249.663696289062
10076.0732421875
9904.741882324219
9736.121643066406
9567.492462158203
9405.412200927734
9250.059631347656
9110.385192871094
8988.684875488281
8845.117248535156
8684.584197998047
8538.09130859375
8399.34765625
8259.07064819336
8116.176605224609
7993.047790527344
7870.562286376953
7733.005233764648
7640.8541259765625
7525.6514892578125
7404.292633056641
7280.806793212891
7170.106201171875
7053.0172119140625
6943.238098144531
6828.413314819336
6702.842590332031
6588.633758544922
6473.386688232422
6397.2392578125
6326.895263671875
6237.746978759766
6126.638641357422
6025.873687744141
5910.340286254883
5785.124420166016
5697.5289306640625
5603.687591552734
5511.693603515625
5426.017013549805
5329.837814331055
5251.3604736328125
5165.180755615234
5078.081726074219
4999.100601196289
4909.361907958984
4830.488006591797
4751.619400024414
4673.363128662109
4600.255386352539
4543.250839233398
4480.405776977539
4405.336471557617
4341.930603027344
4290.113464355469
4226.602813720703
4181.785339355469
4114.429733276367
4067.5658569335938
3997.6890411376953
3930.3786010742188
3845.138900756836
3772.4654235839844
3710.224151611328
3655.2579345703125
3604.8185424804688
3549.366928100586
3484.4768981933594
3430.6536865234375
3377.113067626953
3328.397476196289
3281.7078247070312
3241.9143829345703
3181.979965209961
3131.9898529052734
3082.063247680664
3037.106475830078
2993.934295654297
2944.4033203125
2912.894241333008
2871.0643920898438
2829.0496139526367
2782.430679321289
2739.6790466308594
2688.162322998047
2662.375762939453
2634.728775024414
2599.1986694335938
2565.9092864990234
2523.349723815918
2473.409912109375
2422.0870819091797
2381.7105102539062
2351.160110473633
2322.8521881103516
2279.5254974365234
2245.569480895996
2219.570960998535
2181.23966217041
2149.638656616211
2126.3342666625977
2104.7217407226562
2075.406608581543
2089.3003997802734
2116.608612060547
2100.0548934936523
2051.2857666015625
2006.88232421875
1952.7723693847656
1911.597900390625
1865.937240600586
1823.0691528320312
1792.8640594482422
1759.1121215820312
1756.6398391723633
1733.4715270996094
1723.1760330200195
1703.1972198486328
1680.9902725219727
1663.5955352783203
1635.231803894043
1625.4785079956055
1597.9879455566406
1576.1462516784668
1555.0775146484375
1549.5167541503906
1542.382495880127
1533.3266906738281
1515.5606307983398
1480.2058715820312
1437.4190483093262
1418.1345748901367
1409.4494705200195
1382.4730682373047
1380.5018043518066
1374.291790008545
1333.505958557129
1311.1770477294922
1300.9380722045898
1280.0105209350586
1259.0890007019043
1221.6245727539062
1210.836841583252
1197.2903327941895
1188.869041442871
1150.0290184020996
1142.992332458496
1125.372890472412
1123.4511108398438
1116.0969429016113
1111.1995697021484
1112.5037155151367
1082.165428161621
1062.641746520996
1059.488639831543
1027.332223892212
1006.8359718322754
978.76513671875
972.4053077697754
968.5965766906738
958.7103309631348
958.3489532470703
951.9452667236328
932.0046691894531
910.1848754882812
932.3887138366699
937.5291118621826
926.6377029418945
903.2861366271973
874.5747299194336
863.5553855895996
838.8508415222168
818.1752471923828
801.3546600341797
811.7216949462891
795.4612464904785
799.1914558410645
794.9694671630859
779.9876594543457
762.6977005004883
747.1453609466553
733.8252563476562
716.1217269897461
699.4731502532959
687.7020225524902
