cost:	
1226759.58984375
1169550.44921875
1090607.68359375
1020200.1796875
954607.3984375
892248.046875
835077.009765625
781331.4765625
731013.7265625
683957.251953125
640570.90234375
599634.20703125
561476.17578125
525441.25
492266.4765625
461073.68359375
431906.90234375
404448.826171875
379939.43359375
356009.880859375
334183.166015625
314309.4130859375
295519.6943359375
278092.4462890625
262136.357421875
247709.408203125
233581.439453125
221352.23046875
209743.3095703125
199166.2060546875
189428.4404296875
180521.3916015625
172442.7607421875
165052.4404296875
158248.291015625
152075.59716796875
146488.294921875
141326.20361328125
136757.849609375
132585.81494140625
128692.96923828125
125326.70751953125
122238.513671875
119457.94189453125
116916.0302734375
114671.86328125
112617.69970703125
110771.55126953125
109168.3720703125
107741.31103515625
106440.8203125
105310.63720703125
104303.2470703125
103406.115234375
102592.06787109375
101884.31005859375
101253.8564453125
100661.21630859375
100154.0048828125
99703.4921875
99290.72729492188
98932.71826171875
98612.61083984375
98330.34033203125
98084.1474609375
97845.64990234375
97654.4033203125
97478.0029296875
97331.14208984375
97185.7412109375
97059.9384765625
96953.982421875
96851.01904296875
96769.36279296875
96693.0712890625
96626.59521484375
96561.1171875
96512.91552734375
96465.04296875
96425.09790039062
96378.50048828125
96349.1884765625
96310.560546875
96287.36474609375
96260.08154296875
96231.8857421875
96212.01806640625
96189.63525390625
96168.2998046875
96153.53466796875
96129.7705078125
96106.8515625
96081.10107421875
96040.7958984375
96016.4736328125
95988.88549804688
95964.95947265625
95931.32421875
95888.4384765625
95816.66674804688
95650.10888671875
95090.9384765625
94494.63916015625
94021.63427734375
93706.68212890625
93367.0703125
93124.04248046875
92993.51806640625
92748.46801757812
92520.85009765625
92334.58154296875
92150.0087890625
92012.8212890625
91905.451171875
91809.6806640625
91715.05419921875
91641.625
91553.740234375
91430.82421875
91212.7119140625
91054.384765625
90949.26782226562
90525.77099609375
90261.90625
90109.29052734375
89911.2451171875
89792.705078125
89688.9658203125
89601.82568359375
89511.65380859375
89426.12524414062
89316.1201171875
89167.95556640625
89092.43188476562
88989.0439453125
88901.5107421875
88785.96044921875
88714.8662109375
88655.87109375
88600.77465820312
88551.72216796875
88511.0673828125
88458.88134765625
88405.69140625
88347.623046875
88294.64819335938
88256.45458984375
88207.58447265625
88149.3212890625
88102.53149414062
88052.5390625
88000.7958984375
87957.2001953125
87915.15478515625
87875.94482421875
87834.14892578125
87773.0546875
87708.59716796875
87664.63916015625
87619.66357421875
87576.36962890625
87535.97021484375
87495.86157226562
87459.24560546875
87425.091796875
87392.263671875
87355.66015625
87318.07861328125
87288.48779296875
87256.17602539062
87220.802734375
87179.91552734375
87133.45849609375
87096.06005859375
87062.65185546875
87035.15087890625
87006.6181640625
86978.42626953125
86953.38818359375
86930.1416015625
86905.80249023438
86880.39208984375
86860.03100585938
86832.99365234375
86806.45458984375
86717.15014648438
86686.4560546875
86653.6533203125
86386.984375
86345.78295898438
86321.75903320312
86291.02099609375
86263.3955078125
86237.54931640625
86216.8994140625
86193.0791015625
86170.50244140625
86143.80908203125
86102.53833007812
86071.1083984375
86076.662109375
86040.5087890625
86034.07275390625
85989.8359375
85959.79443359375
85929.0654296875
85907.2197265625
85885.587890625
85861.14916992188
85836.955078125
85807.4765625
85776.84423828125
85754.19091796875
85736.4169921875
85713.91259765625
85695.29638671875
85676.6796875
85659.33935546875
85637.31665039062
85616.427734375
85595.66455078125
85573.94140625
85553.73950195312
85535.9150390625
85517.65185546875
85499.75244140625
85481.62158203125
85466.48168945312
85440.556640625
85425.0390625
85406.28662109375
85392.05249023438
85368.56323242188
85363.5224609375
85340.38037109375
85306.24658203125
85286.12353515625
85284.12182617188
85275.7392578125
85255.9736328125
85238.64599609375
85231.19921875
85196.916015625
85178.11474609375
85152.9560546875
85134.7470703125
85128.5576171875
85104.2041015625
85084.87841796875
85068.37646484375
85029.04931640625
85014.95654296875
84992.076171875
84973.26293945312
84953.81591796875
84934.35205078125
84917.85205078125
84898.83740234375
84882.45385742188
84870.14013671875
84854.85302734375
84840.2666015625
84824.02221679688
84811.04833984375
84793.666015625
84772.31103515625
84757.12353515625
84738.2060546875
84724.90478515625
84705.08642578125
84693.490234375
84678.73583984375
84665.73681640625
84652.72802734375
84637.25732421875
84615.60498046875
84595.41015625
84567.3408203125
84551.0302734375
84528.19750976562
84508.92578125
84497.83642578125
84495.25634765625
84478.8916015625
84493.72485351562
84468.443359375
84439.677734375
84418.107421875
84406.02490234375
84392.810546875
84409.23681640625
84382.982421875
84362.283203125
84338.1708984375
84345.0888671875
84298.84033203125
84276.49365234375
84238.83081054688
84215.76708984375
84197.78271484375
84168.09375
84173.91259765625
84171.75732421875
84134.01977539062
84118.5673828125
84097.67431640625
84106.66186523438
84116.60424804688
84087.8994140625
84067.11083984375
84027.15673828125
83977.7431640625
83929.103515625
83893.06298828125
83872.517578125
83859.091796875
83832.02368164062
83813.75
83803.373046875
83791.09545898438
83774.88037109375
83754.2021484375
83736.240234375
83717.70458984375
83693.72705078125
83681.068359375
83672.83715820312
83643.31494140625
83632.93310546875
83613.0615234375
83599.56689453125
83584.0087890625
83577.0009765625
83552.8974609375
83532.91162109375
83507.83959960938
83496.79150390625
83482.54028320312
83455.1171875
83435.693359375
83419.90087890625
83415.19140625
83409.35546875
83378.99829101562
83343.9306640625
83316.09912109375
83306.07177734375
83287.90625
83269.646484375
83260.16064453125
83244.54223632812
83229.05322265625
83215.54028320312
83182.6591796875
83171.26586914062
83152.58251953125
83137.6318359375
83126.3779296875
83106.4580078125
83091.27685546875
83069.52685546875
83053.30639648438
83005.93359375
82988.5693359375
82973.65600585938
82961.7138671875
82951.61669921875
82929.0654296875
82922.12182617188
82892.359375
82882.87255859375
82861.5693359375
82845.23779296875
82827.51708984375
82809.8271484375
82809.568359375
82812.85595703125
82790.0205078125
82787.01611328125
82770.26220703125
82740.99365234375
82728.046875
82712.6650390625
82689.5966796875
82661.82666015625
82647.98095703125
82635.68359375
82636.7158203125
82618.79296875
82593.24658203125
82566.38891601562
82476.71044921875
82450.16748046875
82392.263671875
82361.70654296875
82373.65576171875
82353.3193359375
82324.94677734375
82338.1142578125
82320.26123046875
