cost:	
1230435.671875
1217996.5390625
1205857.6953125
1193143.91796875
1179941.12109375
1166700.87109375
1151965.7734375
1136327.9375
1119863.6484375
1104114.32421875
1089506.83203125
1075467.91796875
1061984.0
1049054.24609375
1036724.8671875
1024476.19140625
1012653.18359375
1001118.20703125
989747.078125
978494.02734375
967575.83984375
956852.703125
946207.24609375
935634.765625
925406.01953125
915279.125
905062.59375
895174.328125
885449.26953125
875754.88671875
866196.33984375
856688.75390625
847403.72265625
838156.2109375
828943.908203125
819909.04296875
811054.6953125
802189.88671875
793422.96875
784863.55859375
776128.98046875
768003.12890625
759393.3125
751080.509765625
742907.6328125
734802.49609375
726832.3203125
718893.29296875
710988.06640625
703144.673828125
695624.03515625
688346.6171875
681016.615234375
673904.73046875
666814.013671875
659731.59765625
652809.306640625
645950.23828125
639101.890625
632253.12890625
625654.75390625
619014.568359375
612441.078125
605861.5859375
599513.84375
593178.078125
586794.470703125
580607.123046875
574390.740234375
568251.65625
562246.6875
556185.001953125
550265.87890625
544445.779296875
538579.849609375
532782.005859375
527165.615234375
521471.763671875
515889.703125
510382.828125
504881.91015625
499465.455078125
494105.7578125
488775.505859375
483523.533203125
478319.876953125
473244.38671875
468074.787109375
463116.46484375
458092.044921875
453152.19921875
448288.689453125
443433.923828125
438688.244140625
433943.169921875
429211.74609375
424658.966796875
420070.8125
415535.595703125
411034.654296875
406686.431640625
402449.615234375
398319.23828125
394181.751953125
390121.748046875
386067.021484375
382092.966796875
378131.2265625
374128.7734375
370328.126953125
366517.671875
362693.33984375
358988.53515625
355243.703125
351583.4951171875
347950.19140625
344362.4619140625
340790.236328125
337282.1015625
333803.5390625
330375.080078125
327014.240234375
323608.13671875
320267.099609375
316994.505859375
313760.3740234375
310527.056640625
307381.5732421875
304195.9892578125
301109.412109375
298024.05078125
295004.998046875
291997.9951171875
289031.345703125
286092.83984375
283196.7802734375
280305.6064453125
277510.865234375
274707.3076171875
271894.2841796875
269178.2021484375
266533.654296875
263802.2294921875
261173.4296875
258589.7744140625
256005.0166015625
253465.552734375
250946.201171875
248470.7724609375
245999.58984375
243636.5888671875
241330.9443359375
239055.4189453125
236836.337890625
234576.03125
232409.984375
230240.6982421875
228117.033203125
225977.7646484375
223913.9716796875
221848.4990234375
219801.4951171875
217766.65234375
215810.8251953125
213830.671875
211902.30078125
209967.107421875
208098.0966796875
206221.1376953125
204362.9951171875
202555.6669921875
200750.9892578125
198968.9091796875
197225.744140625
195495.83203125
193793.234375
192091.8173828125
190423.455078125
188792.77587890625
187158.97412109375
185552.603515625
183978.4052734375
182436.1591796875
180886.79052734375
179376.23779296875
177866.4833984375
176391.4375
174947.69775390625
173493.0654296875
172092.0390625
170678.23388671875
169294.60693359375
167953.6162109375
166604.8447265625
165287.6220703125
163967.18994140625
162676.1923828125
161428.46435546875
160158.828125
158936.82763671875
157743.45947265625
156609.29150390625
155465.482421875
154328.26025390625
153235.87353515625
152155.00341796875
151090.13818359375
150006.9892578125
148969.85791015625
147942.06787109375
146934.9169921875
145935.0712890625
144943.81982421875
143969.6689453125
143017.1337890625
142077.2626953125
141148.61572265625
140220.951171875
139327.33642578125
138432.00244140625
137560.65234375
136693.39453125
135835.8017578125
134997.87939453125
134183.18408203125
133363.87744140625
132566.4853515625
131775.0791015625
130997.07421875
130232.57177734375
129478.208984375
128739.64208984375
128004.00927734375
127285.6748046875
126591.9560546875
125871.74658203125
125199.34814453125
124520.283203125
123856.32080078125
123210.81591796875
122554.837890625
121919.25927734375
121302.65087890625
120684.6416015625
120087.6748046875
119497.0595703125
118908.23046875
118329.97265625
117781.689453125
117217.931640625
116675.87939453125
116164.88671875
115658.28564453125
115149.22802734375
114668.4326171875
114181.2666015625
113702.75048828125
113235.14111328125
112779.9130859375
112317.74560546875
111872.45068359375
111447.7822265625
111008.38671875
110590.42236328125
110164.14794921875
109759.037109375
109365.193359375
108956.9794921875
108577.8896484375
108195.927734375
107819.50390625
107455.2626953125
107079.63134765625
106734.291015625
106380.74877929688
106027.49755859375
105686.724609375
105349.92333984375
105027.4453125
104693.27587890625
104385.671875
104070.04248046875
103763.1357421875
103463.79833984375
103172.6025390625
102882.2998046875
102599.76953125
102312.193359375
102046.86083984375
101776.037109375
101509.8720703125
101252.63208007812
100995.58740234375
100747.92919921875
100505.28051757812
100259.25927734375
100025.62475585938
99798.84228515625
99573.82763671875
99352.9775390625
99136.12109375
98932.89379882812
98725.83154296875
98530.86743164062
98343.2265625
98146.7783203125
97962.0615234375
97780.4912109375
97606.19165039062
97419.6904296875
97253.767578125
97082.57470703125
96916.3896484375
96759.583984375
96594.94262695312
96433.9384765625
96282.73046875
96134.68408203125
95983.43334960938
95832.314453125
95664.52416992188
95539.55908203125
95390.11474609375
95265.45922851562
95116.71533203125
94992.59838867188
94858.42553710938
94733.48583984375
94605.87670898438
94481.54321289062
94370.69384765625
94255.67919921875
94141.90234375
94036.36962890625
93926.52392578125
93824.86474609375
93713.6748046875
93612.958984375
93514.5341796875
93412.6357421875
93319.908203125
93230.46435546875
93137.91552734375
93047.072265625
92961.42626953125
92875.283203125
92796.103515625
92712.15576171875
92634.41333007812
92554.59497070312
92448.52587890625
92348.2216796875
92288.7685546875
92210.55493164062
92143.78833007812
92072.77880859375
91948.15234375
91891.2109375
91822.52270507812
91747.99633789062
91658.54541015625
91668.96655273438
91541.36767578125
91504.59838867188
91448.69677734375
91391.37060546875
91338.890625
91286.58837890625
91235.65869140625
91179.5390625
91121.095703125
91067.8994140625
91019.15942382812
90976.30297851562
90935.3173828125
90885.2666015625
90851.890625
90802.87060546875
90779.25732421875
90734.08544921875
90689.5576171875
90639.50170898438
90614.86083984375
90577.90405273438
90539.24365234375
90493.68896484375
90454.7919921875
90421.76342773438
90382.85791015625
90349.6904296875
90311.66772460938
90279.291015625
90250.39794921875
90219.4296875
90197.36181640625
90156.97509765625
90118.24462890625
90066.8818359375
90013.50927734375
89982.24609375
