cost:	
1168082.078125
937931.453125
717906.271484375
541461.28515625
406741.228515625
305081.0224609375
232596.1181640625
182634.75341796875
149102.18994140625
127411.86376953125
112916.67919921875
103899.39404296875
98457.99853515625
95157.716796875
93156.68408203125
91950.3955078125
91251.78002929688
90885.51806640625
90591.75244140625
90426.4345703125
90321.39501953125
90237.0146484375
90192.16748046875
90133.05249023438
90114.60083007812
90089.95166015625
90077.69482421875
90044.56103515625
90021.212890625
90004.09130859375
90005.2392578125
89992.44677734375
89985.90771484375
89985.4970703125
89967.71240234375
89957.4248046875
89945.51538085938
89941.97729492188
89943.21826171875
89936.1064453125
89931.18676757812
89927.05639648438
89929.41845703125
89918.38525390625
89915.91064453125
89890.05639648438
89897.51928710938
89890.189453125
89904.76806640625
89868.4130859375
89868.60498046875
89848.82958984375
89862.64892578125
89875.36572265625
89847.68115234375
89857.5478515625
89831.26123046875
89873.80932617188
89825.63793945312
89812.06762695312
89801.09912109375
89800.67236328125
89811.0849609375
89787.31762695312
89783.603515625
89768.28466796875
89747.26928710938
89734.56103515625
89726.66357421875
89707.4345703125
89695.15502929688
89697.49951171875
89679.15234375
89667.07739257812
89659.10131835938
89646.60986328125
89636.595703125
89617.52221679688
89598.17553710938
89570.6044921875
89577.63403320312
89569.7431640625
89532.1005859375
89529.78857421875
89498.90966796875
89482.625
89465.55249023438
89461.30029296875
89447.0029296875
89416.51904296875
89396.65576171875
89402.39965820312
89349.8740234375
89263.87060546875
89232.17431640625
89201.17309570312
89161.67822265625
89116.943359375
89018.57446289062
88855.29833984375
88538.34008789062
88299.7265625
88134.57397460938
87955.83764648438
87810.494140625
87751.69091796875
87621.65966796875
87526.109375
87458.60986328125
87377.79296875
87302.29833984375
87208.6884765625
87122.58935546875
87017.40234375
86912.51342773438
86808.04565429688
86652.68896484375
86323.62670898438
86094.54711914062
85780.41870117188
85571.03955078125
85322.54541015625
85012.81860351562
84833.20532226562
84617.85961914062
84430.73413085938
84226.58227539062
84048.21704101562
83862.396484375
83662.52368164062
83421.91625976562
83220.14624023438
82945.42041015625
82725.42993164062
82532.93212890625
82364.15893554688
82250.56958007812
82110.5927734375
81981.55541992188
81836.85107421875
81685.39428710938
81568.89770507812
81446.27905273438
81285.11108398438
81146.63623046875
80929.63134765625
80811.46484375
80658.49780273438
80556.7109375
80418.3994140625
80247.47924804688
80123.02172851562
79992.619140625
79784.88916015625
79689.67822265625
79549.93090820312
79421.833984375
79276.12548828125
79140.6943359375
78998.126953125
78881.0244140625
78743.958984375
78626.0546875
78512.9013671875
78418.14208984375
78229.90087890625
78098.89477539062
77944.39599609375
77808.01220703125
77680.49658203125
77538.87573242188
77440.73559570312
77232.87939453125
77129.27124023438
76951.57934570312
76845.66748046875
76689.4716796875
76547.68115234375
76407.1552734375
76279.0712890625
76146.42431640625
76021.197265625
75839.88354492188
75714.73779296875
75603.1162109375
75495.37573242188
75376.53125
75255.76928710938
75154.3701171875
75022.44897460938
74857.68823242188
74728.52001953125
74627.45141601562
74470.921875
74347.05932617188
74189.27172851562
74070.30493164062
73952.76538085938
73830.23486328125
73697.39892578125
73562.26416015625
73418.876953125
73308.880859375
73181.95678710938
73055.619140625
72939.51489257812
72836.7265625
72722.71166992188
72599.556640625
72474.96826171875
72363.822265625
72247.73120117188
72128.60522460938
72013.14453125
71885.20751953125
71778.4208984375
71667.97241210938
71545.13549804688
71427.14135742188
71292.61083984375
71170.28198242188
71065.26416015625
70936.54663085938
70806.541015625
70679.8291015625
70549.91064453125
70433.33740234375
70297.94360351562
70148.97436523438
70007.60888671875
69840.107421875
69712.02758789062
69582.67309570312
69475.05590820312
69365.08032226562
69224.35034179688
69111.14672851562
68967.11083984375
68839.06982421875
68716.61157226562
68610.60864257812
68487.82568359375
68357.5380859375
68244.7763671875
68123.01538085938
68007.76879882812
67858.458984375
67753.97900390625
67624.83154296875
67508.34790039062
67373.09008789062
67241.68188476562
67118.82690429688
66993.0654296875
66894.58349609375
66767.83154296875
66651.98046875
66524.4091796875
66414.92114257812
66275.79614257812
66174.7021484375
66061.99194335938
65962.96240234375
65833.2314453125
65728.73852539062
65596.04272460938
65498.820068359375
65392.2783203125
65274.764404296875
65172.355224609375
65038.137939453125
64929.726318359375
64841.7578125
64705.1611328125
64603.286376953125
64478.656982421875
64341.27734375
64227.254638671875
64138.016357421875
64004.495361328125
63899.504638671875
63800.55810546875
63694.056640625
63581.862548828125
63460.343994140625
63351.51025390625
63251.4765625
63145.688232421875
63038.691650390625
62915.385009765625
62795.576171875
62677.68505859375
62573.5302734375
62461.498046875
62312.234375
62155.646240234375
62035.38134765625
61913.686279296875
61804.485107421875
61664.822998046875
61558.60546875
61433.9345703125
61314.81494140625
61202.026611328125
61077.953857421875
60966.37255859375
60857.673583984375
60750.14013671875
60636.236328125
60545.82861328125
60422.056640625
60302.535400390625
60177.826416015625
60058.40576171875
59940.433837890625
59824.7998046875
59703.312255859375
59602.365966796875
59455.65185546875
59347.15771484375
59242.005615234375
59125.177734375
59010.68212890625
58933.221923828125
58805.9384765625
58694.16845703125
58576.57861328125
58470.91357421875
58361.74072265625
58261.34729003906
58122.932861328125
57997.10595703125
57880.71875
57766.109619140625
57666.316162109375
57550.0751953125
57441.312255859375
57329.3671875
57218.36572265625
57111.059814453125
56996.80859375
56897.162109375
56775.48828125
56668.410888671875
56573.07080078125
56448.729736328125
56337.170166015625
56235.45703125
56126.78796386719
56034.396240234375
55900.964599609375
55787.493408203125
55673.38916015625
55569.770263671875
55465.995361328125
55362.4794921875
55270.09814453125
55198.407958984375
55105.07421875
54997.726806640625
54877.0341796875
54790.797119140625
54680.57275390625
54594.25146484375
54471.45556640625
54382.427734375
54265.6962890625
54145.263427734375
54051.81396484375
53940.35986328125
53867.50012207031
53756.451171875
53660.02722167969
53559.251708984375
53466.91357421875
53374.74560546875
53289.568603515625
53181.036376953125
53094.2421875
52967.85729980469
52890.94775390625
52786.114990234375
52685.892578125
52606.12634277344
52503.939208984375
52450.97717285156
52351.208251953125
52319.495849609375
52210.23156738281
52094.140380859375
51989.60998535156
51881.7021484375
51758.756591796875
51665.41015625
51579.8095703125
51477.261474609375
51400.659912109375
51308.75537109375
51209.439697265625
51110.744873046875
