cost:	
1160116.8828125
931792.07421875
727542.693359375
558225.0859375
425610.580078125
324681.1337890625
251830.927734375
199159.9814453125
162335.77392578125
136894.30615234375
120137.40087890625
108867.76708984375
101881.7412109375
97414.00634765625
94523.591796875
92874.49560546875
91819.576171875
91168.91796875
90757.564453125
90521.29956054688
90392.49877929688
90260.81079101562
90210.44555664062
90136.67724609375
90100.134765625
90068.58837890625
90048.52734375
90029.60107421875
90008.548828125
90006.70263671875
89968.87353515625
89971.845703125
89950.97631835938
89946.5341796875
89956.48095703125
89923.38061523438
89928.55908203125
89910.966796875
89913.67846679688
89905.92919921875
89895.1123046875
89897.90307617188
89892.76025390625
89879.154296875
89867.94311523438
89871.34130859375
89875.65283203125
89863.76196289062
89848.07836914062
89853.44287109375
89831.67114257812
89837.3935546875
89836.77294921875
89809.16357421875
89808.37744140625
89788.8525390625
89802.04931640625
89774.53125
89762.95166015625
89762.212890625
89753.82763671875
89748.47607421875
89733.830078125
89722.0048828125
89689.04516601562
89669.02416992188
89667.1669921875
89637.08813476562
89631.4931640625
89627.51098632812
89622.30322265625
89590.77490234375
89594.826171875
89565.205078125
89552.13012695312
89537.40234375
89503.37573242188
89472.7236328125
89442.11279296875
89416.49877929688
89403.392578125
89375.1845703125
89314.7626953125
89220.99609375
88946.79077148438
88856.2314453125
88641.84741210938
88437.64111328125
88264.66674804688
87998.84765625
87830.11083984375
87683.53930664062
87566.5791015625
87398.92529296875
87241.46362304688
86938.83154296875
86678.2236328125
86360.61572265625
86057.08471679688
85714.72216796875
85425.96215820312
85182.326171875
84991.81079101562
84813.40625
84587.08959960938
84374.869140625
84131.6572265625
83770.86181640625
83599.22802734375
83374.4951171875
83209.43798828125
83052.72778320312
82897.4248046875
82747.9609375
82617.42138671875
82463.162109375
82308.23095703125
82089.85229492188
81947.14379882812
81826.22314453125
81708.5625
81582.59692382812
81485.57763671875
81367.36059570312
81267.12109375
81161.205078125
81081.6494140625
80977.47509765625
80879.8515625
80765.84765625
80642.83642578125
80552.0234375
80452.02978515625
80339.9462890625
80228.75537109375
80133.734375
79990.88110351562
79844.62475585938
79664.35180664062
79539.31616210938
79341.7490234375
79227.79443359375
79106.7451171875
78864.84716796875
78647.77026367188
78435.93041992188
78253.02124023438
78068.076171875
77921.00537109375
77764.3193359375
77630.4775390625
77477.84985351562
77337.77807617188
77218.97387695312
77090.22705078125
76955.00366210938
76773.92114257812
76653.08422851562
76537.09228515625
76433.361328125
76303.8447265625
76177.98754882812
76053.39379882812
75935.5810546875
75822.99829101562
75706.7548828125
75567.85131835938
75463.4873046875
75340.5126953125
75245.20483398438
75134.16772460938
75015.0859375
74923.8134765625
74803.04443359375
74694.03881835938
74595.15087890625
74504.3232421875
74358.10302734375
74223.02197265625
74110.419921875
73983.56469726562
73882.4912109375
73766.732421875
73664.43994140625
73546.25
73442.66137695312
73324.27514648438
73210.07568359375
73108.48754882812
73003.0341796875
72893.39697265625
72779.67236328125
72611.33642578125
72478.89770507812
72366.17919921875
72261.84985351562
72134.85180664062
72024.73095703125
71888.76171875
71747.8359375
71627.42260742188
71517.58154296875
71392.4765625
71267.3955078125
71127.5400390625
71004.95288085938
70893.2861328125
70799.46020507812
70666.232421875
70558.6533203125
70452.74096679688
70337.34130859375
70222.26416015625
70113.09765625
69991.25439453125
69894.17846679688
69779.89453125
69685.28930664062
69582.32348632812
69468.91723632812
69372.296875
69264.57080078125
69161.91357421875
69050.77783203125
68946.7177734375
68847.50048828125
68737.35400390625
68608.59204101562
68496.07421875
68351.67529296875
68243.91870117188
68146.13256835938
68050.5078125
67921.50439453125
67817.2919921875
67702.2900390625
67615.8876953125
67508.78076171875
67400.02758789062
67288.26635742188
67195.01684570312
67085.48046875
66949.7724609375
66828.08056640625
66711.81909179688
66592.47631835938
66498.1162109375
66389.81713867188
66284.15283203125
66180.08520507812
66057.55078125
65950.73681640625
65848.19116210938
65754.74462890625
65621.51342773438
65515.394775390625
65366.92346191406
65263.8037109375
65153.706787109375
65048.86279296875
64916.417236328125
64811.662109375
64709.416015625
64598.456298828125
64486.95263671875
64382.21142578125
64275.384521484375
64176.115966796875
64070.821533203125
63966.8671875
63869.446044921875
63746.79736328125
63651.091552734375
63517.836669921875
63415.79833984375
63299.663818359375
63203.16943359375
63109.732421875
62988.22998046875
62882.235595703125
62760.428955078125
62659.541748046875
62555.509765625
62445.68701171875
62332.27197265625
62230.756591796875
62123.914306640625
62030.477294921875
61930.325439453125
61834.66455078125
61742.1552734375
61635.929443359375
61543.83984375
61444.095703125
61341.722900390625
61222.788330078125
61110.527099609375
61003.667724609375
60890.93542480469
60792.5
60703.523193359375
60597.85205078125
60502.18115234375
60425.92529296875
60331.48583984375
60226.619384765625
60116.22314453125
60017.119140625
59938.30126953125
59825.74609375
59727.73681640625
59634.17431640625
59529.644287109375
59427.7314453125
59331.611083984375
59236.488525390625
59148.982421875
59047.007080078125
58934.1044921875
58852.638427734375
58754.9384765625
58664.41015625
58570.609130859375
58504.12158203125
58396.27209472656
58322.677734375
58208.577880859375
58131.350830078125
58019.185302734375
57947.99853515625
57849.271728515625
57749.525146484375
57678.83740234375
57576.81005859375
57479.715576171875
57381.6435546875
57286.762939453125
57197.619140625
57107.298828125
57008.01171875
56903.375732421875
56813.213623046875
56722.19091796875
56638.367919921875
56505.28674316406
56439.42529296875
56326.8525390625
56215.396240234375
56125.532958984375
56033.40673828125
55943.835693359375
55870.108642578125
55794.5771484375
55687.88720703125
55578.052734375
55513.857666015625
55379.7099609375
55283.36376953125
55197.11962890625
55100.497802734375
55010.8193359375
54894.7587890625
54824.370849609375
54759.39892578125
54649.60949707031
54564.59375
54477.472412109375
54357.892822265625
54257.76477050781
54161.87451171875
54064.46630859375
53956.86218261719
53884.014404296875
53806.03759765625
53729.353271484375
53638.363037109375
53529.704345703125
53436.532470703125
53351.33203125
53269.70458984375
53182.274658203125
53103.028564453125
53006.315673828125
52887.985595703125
52797.376220703125
52691.649658203125
52604.06884765625
52494.84118652344
52397.81945800781
52315.838134765625
52225.8857421875
52157.816162109375
52069.989990234375
51989.5380859375
51866.208984375
51789.79638671875
51693.731689453125
51613.749755859375
51521.24365234375
51439.368408203125
