cost:	
1230405.35546875
1217988.296875
1205757.4453125
1193345.51171875
1180596.44921875
1167495.8046875
1154253.13671875
1141215.15234375
1128319.79296875
1114936.8359375
1100166.6328125
1084309.95703125
1068529.8984375
1053388.21484375
1039103.78125
1025278.80859375
1012268.48046875
999560.23046875
987284.19921875
975424.234375
963824.25390625
952368.734375
941235.16796875
930260.2734375
919448.43359375
908977.3984375
898782.197265625
888321.21875
878278.5859375
868357.720703125
858545.1953125
848859.83203125
839412.95703125
829980.16015625
820592.109375
811511.580078125
802422.71484375
793506.455078125
784633.111328125
775934.04296875
767171.57421875
758722.14453125
750272.82421875
741895.73046875
733659.34765625
725520.2734375
717436.474609375
709438.998046875
701533.51171875
693751.009765625
686163.25
678863.05859375
671545.396484375
664363.1796875
657245.0078125
650248.765625
643315.4453125
636366.447265625
629546.025390625
622812.638671875
616056.078125
609567.337890625
603002.283203125
596496.318359375
590066.384765625
583677.140625
577422.73828125
571314.6640625
565107.580078125
558986.341796875
552926.85546875
546979.900390625
541211.400390625
535262.23046875
529448.970703125
523731.373046875
518028.751953125
512525.943359375
506947.291015625
501442.8515625
496025.703125
490630.3203125
485336.208984375
480125.65234375
474855.33984375
469752.833984375
464615.7109375
459599.830078125
454627.947265625
449637.26171875
444769.39453125
439919.1484375
435211.23828125
430474.515625
425769.32421875
421140.2578125
416619.521484375
412069.560546875
407614.119140625
403193.607421875
398849.546875
394673.833984375
390593.509765625
386576.453125
382485.078125
378541.4794921875
374547.443359375
370688.37109375
366858.1435546875
363002.0966796875
359244.4140625
355465.26171875
351814.75
348205.681640625
344587.4140625
340949.341796875
337433.07421875
333943.966796875
330482.337890625
327025.615234375
323732.421875
320354.40625
317055.4716796875
313781.115234375
310557.43359375
307343.8154296875
304189.4970703125
301074.6640625
298013.84765625
294920.9990234375
291945.568359375
288952.943359375
286007.3134765625
283067.654296875
280212.9404296875
277372.9921875
274582.6337890625
271787.630859375
269023.8173828125
266347.779296875
263675.6083984375
260964.6298828125
258397.611328125
255818.869140625
253271.5322265625
250767.4375
248239.19140625
245800.3828125
243390.1962890625
240969.53515625
238642.5908203125
236422.109375
234185.67236328125
231968.53515625
229830.14892578125
227679.9814453125
225534.990234375
223496.39990234375
221414.2861328125
219406.21875
217358.07421875
215361.1826171875
213422.0439453125
211480.81640625
209576.73681640625
207667.4931640625
205794.880859375
203967.6748046875
202131.6552734375
200370.7265625
198542.6142578125
196798.8779296875
195115.6376953125
193356.78515625
191724.84033203125
190032.4921875
188387.1591796875
186754.7509765625
185189.763671875
183594.57861328125
182038.3955078125
180513.78564453125
178998.4052734375
177493.7255859375
176028.6162109375
174558.1162109375
173145.09814453125
171718.388671875
170322.81787109375
168960.38037109375
167576.16796875
166250.046875
164941.6728515625
163645.87841796875
162329.99267578125
161079.6357421875
159855.177734375
158611.14453125
157403.52587890625
156204.23583984375
155032.9072265625
153946.65771484375
152837.88330078125
151751.54541015625
150686.36181640625
149626.08056640625
148593.63818359375
147558.19921875
146571.95556640625
145554.35986328125
144586.89208984375
143620.87060546875
142683.2607421875
141727.9189453125
140789.5263671875
139894.69189453125
138989.2158203125
138112.7724609375
137241.560546875
136372.5322265625
135529.78369140625
134692.50830078125
133873.58154296875
133076.55078125
132272.43701171875
131481.248046875
130710.16259765625
129950.080078125
129213.4228515625
128471.75634765625
127736.69287109375
127027.607421875
126337.73095703125
125627.58447265625
124957.61669921875
124282.35546875
123627.2138671875
122972.72265625
122340.58349609375
121703.71875
121091.50390625
120485.95458984375
119888.40234375
119297.30517578125
118713.1865234375
118157.9189453125
117591.353515625
117034.8828125
116514.41845703125
115971.29248046875
115451.82666015625
114962.83642578125
114472.15673828125
114004.8779296875
113534.42578125
113067.375
112616.0029296875
112168.61279296875
111733.04052734375
111298.3427734375
110879.2236328125
110451.8173828125
110044.169921875
109640.85986328125
109249.22021484375
108862.28564453125
108470.11083984375
108085.79736328125
107711.47900390625
107351.7841796875
106995.5751953125
106646.44482421875
106306.44921875
105958.2275390625
105624.708984375
105302.666015625
104985.08056640625
104674.28125
104356.9453125
104059.74560546875
103759.158203125
103461.43359375
103179.42626953125
102896.21875
102617.87548828125
102349.50244140625
102070.8798828125
101817.45654296875
101552.06103515625
101295.40380859375
101051.57373046875
100816.6611328125
100567.96923828125
100335.72412109375
100108.302734375
99871.99560546875
99652.701171875
99429.88232421875
99219.30517578125
99007.14184570312
98800.63818359375
98610.34912109375
98414.7353515625
98225.5615234375
98032.51611328125
97850.0966796875
97674.11840820312
97503.07763671875
97333.12548828125
97162.45166015625
96999.02514648438
96839.98876953125
96673.322265625
96497.83911132812
96342.04296875
96190.21484375
96044.41748046875
95884.87890625
95743.01416015625
95605.27099609375
95473.43286132812
95329.0966796875
95200.77392578125
95070.3125
94944.3134765625
94814.01025390625
94688.80688476562
94569.556640625
94451.490234375
94338.94580078125
94227.60791015625
94114.70556640625
94007.02124023438
93897.20532226562
93788.17529296875
93689.9521484375
93591.42236328125
93495.88232421875
93394.47802734375
93307.89428710938
93218.41015625
93128.05053710938
93040.2314453125
92957.4736328125
92875.27783203125
92789.259765625
92704.26733398438
92657.703125
92550.44555664062
92474.50610351562
92405.69897460938
92330.72119140625
92265.685546875
92195.15087890625
92127.14306640625
92070.15209960938
92002.0224609375
91935.7900390625
91831.61645507812
91785.37451171875
91725.88891601562
91685.32446289062
91625.6328125
91571.76342773438
91518.80419921875
91463.04272460938
91411.0947265625
91357.37524414062
91307.52978515625
91256.09545898438
91203.48779296875
91147.90405273438
91105.81811523438
91054.88037109375
90945.01782226562
90908.09692382812
90865.71875
90851.85693359375
90778.08740234375
90731.88232421875
90679.27099609375
90648.14233398438
90603.43627929688
90563.6796875
90526.29296875
90488.7197265625
90447.07446289062
90413.19970703125
90373.75756835938
90328.5693359375
90280.99609375
90242.14892578125
90204.87866210938
90168.99072265625
90131.73461914062
90102.80639648438
90070.34814453125
90036.05322265625
90067.267578125
89992.04711914062
