cost:	
1230348.03515625
1217414.6796875
1204848.8359375
1191552.73046875
1177841.59765625
1163344.25390625
1147835.984375
1131527.46484375
1115481.73046875
1099687.5703125
1085048.453125
1070616.875
1057077.38671875
1043620.9765625
1030785.4140625
1017710.75
1004850.3828125
992303.52734375
980042.82421875
968091.3359375
956468.45703125
945024.08203125
933782.73828125
922567.5234375
911732.8046875
901083.828125
890497.27734375
880127.90234375
869866.34765625
859748.93359375
849696.66796875
839833.0625
830190.875
820553.09375
811001.28515625
801798.166015625
792381.56640625
783378.109375
774220.0390625
765210.9609375
756586.609375
747700.00390625
739091.8046875
730573.25
722138.390625
713815.46875
705534.724609375
697364.25390625
689339.830078125
681329.244140625
