cost:	
1229998.23828125
1217624.00390625
1205722.828125
1193286.2421875
1180934.85546875
1168259.62890625
1155698.46484375
1143322.515625
1130942.0078125
1119010.72265625
1107086.1953125
1095616.94921875
1084106.359375
1072858.171875
1061711.546875
1050706.1484375
1039831.796875
1029064.375
1018500.0859375
1008008.45703125
997609.18359375
987263.25390625
977138.03515625
966991.5234375
957169.4921875
947209.44140625
937503.078125
927730.82421875
918158.96484375
908731.7109375
899197.93359375
889894.73046875
880681.5859375
871567.08203125
862588.86328125
853414.1875
844698.76953125
835732.0546875
827175.97265625
818454.1171875
809972.41796875
801378.67578125
793097.45703125
784734.62890625
776521.587890625
768182.81640625
760137.41796875
752263.37109375
744178.3359375
736420.9921875
728747.65625
721284.80078125
713954.08984375
706645.033203125
699502.97265625
692321.408203125
685238.65625
678268.0546875
671351.65234375
664380.35546875
657478.166015625
650821.392578125
644097.70703125
637524.146484375
630862.56640625
624366.671875
617902.8359375
611467.208984375
605272.90625
598896.201171875
592629.927734375
586539.76953125
580449.904296875
574350.890625
568381.10546875
562455.66015625
556598.919921875
550818.607421875
545007.4296875
539313.857421875
533708.650390625
528066.25
522530.265625
517005.892578125
511592.8203125
506293.05078125
500854.787109375
495650.4453125
490483.638671875
485247.876953125
480142.873046875
475010.306640625
470098.81640625
465107.966796875
460239.845703125
455281.037109375
450529.7578125
445716.990234375
441048.1484375
436354.02734375
431813.322265625
427404.296875
423068.162109375
418765.9375
414533.86328125
410298.455078125
406124.048828125
401939.521484375
397884.109375
393862.447265625
389827.265625
385845.55859375
381921.3310546875
377997.208984375
374177.068359375
370395.373046875
366550.744140625
362855.224609375
359198.88671875
355516.55859375
351855.4541015625
348337.69921875
344761.69921875
341262.1328125
337856.908203125
334391.6005859375
330975.50390625
327608.751953125
324299.3857421875
321032.072265625
317803.0517578125
314532.001953125
311393.912109375
308255.4765625
305145.54296875
302033.904296875
299024.8837890625
296010.0029296875
293068.7451171875
290098.9833984375
287194.2880859375
284321.84375
281514.1279296875
278657.6728515625
275922.0205078125
273159.8857421875
270437.0
267752.5166015625
265139.1875
262520.3466796875
259950.2568359375
257506.9384765625
255076.77978515625
252653.2578125
250305.0068359375
247945.466796875
245614.7568359375
243337.6708984375
241097.4765625
238809.5126953125
236631.59375
234409.8046875
232276.1240234375
230127.6298828125
228010.4755859375
225911.9462890625
223852.7822265625
221834.830078125
219796.0556640625
217829.2373046875
215844.185546875
213883.8271484375
211958.0224609375
210071.9267578125
208227.421875
206360.0693359375
204518.38525390625
202752.54638671875
200948.279296875
199178.1884765625
197447.814453125
195733.8701171875
194047.74072265625
192356.4189453125
190719.923828125
189081.3779296875
187476.576171875
185894.49169921875
184323.84765625
182755.1845703125
181244.9609375
179737.498046875
178254.673828125
176765.2607421875
175345.91845703125
173909.5654296875
172492.3017578125
171112.72021484375
169731.16796875
168389.15234375
167074.544921875
165781.1103515625
164572.2392578125
163329.19921875
162108.4130859375
160909.08642578125
159714.6484375
158571.470703125
157417.2841796875
156263.486328125
155139.04248046875
154052.609375
152940.42919921875
151884.9560546875
150811.75341796875
149776.8984375
148743.080078125
147720.298828125
146708.35791015625
145725.89697265625
144760.8896484375
143789.0302734375
142836.9404296875
141917.0078125
140984.2509765625
140072.7080078125
139189.44970703125
138297.169921875
137436.14404296875
136580.25439453125
135726.93994140625
134900.68896484375
134084.060546875
133279.4306640625
132487.4404296875
131702.23193359375
130924.0810546875
130172.06005859375
129429.27783203125
128685.41650390625
127966.6044921875
127247.2041015625
126550.12890625
125848.927734375
125179.4404296875
124514.74658203125
123843.875
123192.84130859375
122566.9794921875
121921.3271484375
121327.115234375
120742.9755859375
120160.12060546875
119598.98681640625
119040.39892578125
118488.7646484375
117956.2587890625
117415.5869140625
116900.58056640625
116382.03857421875
115877.02612304688
115373.08984375
114883.30908203125
114402.32275390625
113923.00244140625
113455.88696289062
112997.91943359375
112552.78369140625
112103.533203125
111661.76708984375
111240.109375
110814.5986328125
110397.18603515625
109995.365234375
109580.8515625
109193.40869140625
108807.38061523438
108424.470703125
108048.1435546875
107683.51708984375
107317.501953125
106963.53125
106612.298828125
106269.2802734375
105927.9140625
105608.45556640625
105272.94189453125
104955.3505859375
104647.22778320312
104335.44970703125
104031.63623046875
103732.74853515625
103446.95166015625
103162.02490234375
102870.74487304688
102604.44873046875
102333.02880859375
102068.81494140625
101803.26806640625
101549.2158203125
101302.8193359375
101064.35107421875
100833.02734375
100601.80224609375
100368.66552734375
100150.23974609375
99929.40576171875
99716.93212890625
99518.7490234375
99309.10546875
99109.5185546875
98913.318359375
98719.20654296875
98533.73779296875
98344.06323242188
98160.99169921875
97986.849609375
97812.28149414062
97629.21142578125
97459.76220703125
97288.07080078125
97128.90673828125
96968.7470703125
96809.89208984375
96652.60888671875
96503.69018554688
96358.6591796875
96207.51708984375
96066.16333007812
95920.80615234375
95783.26123046875
95644.20068359375
95503.7119140625
95358.05029296875
95226.87548828125
95089.74877929688
94962.98291015625
94833.98681640625
94705.22143554688
94584.62915039062
94453.92114257812
94348.0556640625
94230.65673828125
94118.6552734375
94012.2919921875
93904.0771484375
93795.27490234375
93690.357421875
93592.94921875
93498.3369140625
93410.08129882812
93314.25073242188
93224.3408203125
93142.4189453125
93058.9892578125
92976.1162109375
92901.14990234375
92819.76904296875
92743.9931640625
92669.80224609375
92595.87646484375
92523.412109375
92448.02880859375
92415.67138671875
92309.27001953125
92240.080078125
92175.60595703125
92111.013671875
92051.66455078125
91986.00244140625
91927.05688476562
91876.31762695312
91806.45849609375
91748.53735351562
91685.34228515625
91628.3759765625
91577.7138671875
91526.16088867188
91474.7587890625
91428.109375
91376.87451171875
91328.66650390625
91282.4501953125
91240.48876953125
91192.18872070312
91138.06005859375
91060.27612304688
90971.66284179688
90904.443359375
90811.60009765625
90758.0615234375
90724.375
90674.04370117188
90641.27661132812
90592.62939453125
90550.12548828125
90512.052734375
90446.79736328125
90401.28369140625
90398.08813476562
