cost:	
1235096.1484375
1233312.17578125
1231974.5546875
1231261.74609375
1230771.08203125
1230331.8046875
1229990.85546875
1229716.3046875
1229486.65234375
1229295.51171875
1229131.8515625
1229010.75
1228922.0
1228855.41796875
1228795.87890625
1228744.91015625
1228704.94140625
1228661.66015625
1228624.828125
1228594.97265625
1228568.390625
1228542.890625
1228526.19921875
1228509.109375
1228493.98828125
1228481.17578125
1228471.34375
1228458.56640625
1228450.19921875
1228442.1484375
1228436.40234375
1228431.5625
1228426.5703125
1228422.5078125
1228418.59765625
1228414.1640625
1228410.25
1228405.25
1228402.0078125
1228398.58984375
1228394.04296875
1228391.1953125
1228388.53515625
1228385.01953125
1228382.66015625
1228378.18359375
1228377.1484375
1228374.99609375
1228371.58984375
1228367.828125
1228360.84375
1228355.2265625
1228353.7109375
1228352.12109375
1228348.8359375
1228338.10546875
1228318.72265625
1228295.9140625
1228281.57421875
1228265.7265625
1228259.78515625
1228255.5859375
1228249.58984375
1228242.46875
1228236.96875
1228230.30859375
1228223.7734375
1228220.8671875
1228217.125
1228214.859375
1228212.48828125
1228211.78125
1228210.0
1228208.6640625
1228207.87890625
1228206.4140625
1228204.52734375
1228202.0234375
1228200.0078125
1228196.20703125
1228195.48046875
1228194.15625
1228191.1328125
1228192.23828125
1228188.7578125
1228188.90625
1228186.48046875
1228184.87109375
1228184.06640625
1228182.53125
1228181.0859375
1228176.7109375
1228177.015625
1228172.90625
1228174.328125
1228171.92578125
1228171.4765625
1228169.21875
1228168.67578125
1228168.1484375
1228165.87890625
1228166.71875
1228163.0703125
1228162.37109375
1228160.3515625
1228159.6484375
1228159.2578125
1228160.85546875
1228159.7578125
1228159.0625
1228158.6015625
1228157.203125
1228156.76171875
1228156.52734375
1228156.60546875
1228154.6328125
1228155.140625
1228152.84375
1228152.67578125
1228151.390625
1228152.26953125
1228151.5859375
1228152.7265625
1228153.0859375
1228154.37890625
1228152.75
1228150.06640625
1228151.375
1228149.515625
1228150.46484375
1228149.72265625
1228150.109375
1228148.76953125
1228146.13671875
1228145.9296875
1228146.2890625
1228145.02734375
1228145.08203125
1228142.1953125
1228143.2890625
1228141.76953125
1228142.20703125
1228145.1328125
1228143.55078125
1228143.45703125
1228141.8515625
1228142.1875
1228142.484375
1228143.89453125
1228143.796875
1228145.1328125
1228143.6953125
1228142.80859375
1228142.9609375
1228140.8828125
1228139.5234375
1228139.9609375
1228139.328125
1228138.75
1228138.20703125
1228136.2265625
1228135.17578125
1228134.30859375
1228134.07421875
1228134.03515625
1228135.2109375
1228137.27734375
1228139.6328125
1228140.83984375
1228141.4375
1228140.98046875
1228139.37890625
1228139.6328125
1228139.11328125
1228139.75
1228139.40625
1228137.13671875
1228134.84765625
1228134.8515625
1228136.5859375
1228135.49609375
1228134.89453125
1228134.5390625
1228135.1640625
1228135.40625
1228136.65234375
1228135.9296875
1228136.39453125
1228134.46875
1228134.48046875
1228133.12890625
1228132.1171875
1228132.93359375
1228133.8046875
1228134.0625
1228136.6875
1228136.66796875
1228137.15625
1228136.3046875
1228135.9296875
1228133.4921875
1228131.9453125
1228130.45703125
1228130.0703125
1228129.41796875
1228129.59375
1228130.6328125
1228129.7578125
1228130.75
1228129.12890625
1228129.32421875
1228128.77734375
1228127.69140625
1228127.3046875
1228126.796875
1228126.42578125
1228125.88671875
1228126.9453125
1228128.78515625
1228129.9296875
1228131.625
1228139.2890625
1228136.75
1228134.4140625
1228133.0390625
1228131.9921875
1228131.18359375
1228131.328125
1228130.1484375
1228129.984375
1228128.05078125
1228128.328125
1228128.65234375
1228126.6640625
1228125.734375
1228126.89453125
1228126.8125
1228127.25
1228127.97265625
1228127.875
1228128.30078125
1228127.77734375
1228128.54296875
1228132.37890625
1228133.49609375
1228133.6015625
1228134.9296875
1228134.03125
1228132.125
1228129.34765625
1228128.45703125
1228128.9140625
1228131.48828125
1228130.7734375
1228128.19140625
1228125.6640625
1228126.75390625
1228126.1796875
1228126.640625
1228125.7734375
1228125.7890625
1228126.671875
1228126.4609375
1228125.37890625
1228125.953125
1228125.9765625
1228124.72265625
1228126.33203125
1228125.73046875
1228125.359375
1228126.8515625
1228125.703125
1228126.9765625
1228126.79296875
1228126.5546875
1228126.2734375
1228125.85546875
1228126.11328125
1228125.29296875
1228124.7265625
1228125.1171875
1228126.4609375
1228127.40234375
1228127.3125
1228125.7578125
1228126.52734375
1228127.58203125
1228126.68359375
1228126.921875
1228128.51953125
1228127.10546875
1228126.296875
1228124.890625
1228124.7578125
1228124.5390625
1228125.1875
1228126.6953125
1228124.65234375
1228124.203125
1228125.23828125
1228125.8125
1228127.78125
1228127.8671875
1228127.4453125
1228128.48046875
1228127.671875
1228124.93359375
1228123.89453125
1228123.30859375
1228122.05859375
1228121.68359375
1228122.9296875
1228123.01171875
1228123.3359375
1228123.390625
1228124.453125
1228124.90625
1228126.43359375
1228127.32421875
1228129.796875
1228128.765625
1228125.4140625
1228123.87109375
1228122.49609375
1228121.82421875
1228121.80859375
1228121.32421875
1228121.03125
1228120.86328125
1228122.484375
1228121.171875
1228121.70703125
1228121.421875
1228121.32421875
1228121.5546875
1228121.56640625
1228122.37890625
1228123.36328125
1228124.578125
1228126.97265625
1228126.46875
1228124.6875
1228122.87109375
1228122.625
1228124.234375
1228124.97265625
1228126.6875
1228125.07421875
1228123.203125
1228121.6875
1228121.48828125
1228120.81640625
1228120.55078125
1228120.71875
1228121.19921875
1228119.19921875
1228119.26953125
1228119.75
1228118.8671875
1228119.1875
1228120.23828125
1228120.66796875
1228121.203125
1228122.48828125
1228121.375
1228120.609375
1228120.53125
1228121.3671875
1228122.1953125
1228121.65234375
1228120.79296875
1228120.34765625
1228121.28125
1228120.453125
1228119.9453125
1228119.91796875
1228120.4375
1228121.2734375
1228121.5078125
1228122.359375
1228122.97265625
1228123.0859375
1228122.921875
1228120.921875
1228120.703125
1228119.515625
1228119.5546875
1228119.58984375
1228119.5625
1228120.203125
1228120.984375
1228121.67578125
1228121.95703125
1228123.67578125
1228124.96875
1228125.8828125
1228125.546875
1228126.453125
1228124.33984375
1228122.9296875
