cost:	
1113107.58203125
705995.330078125
387017.568359375
208074.439453125
128068.23828125
101007.9482421875
94062.47216796875
92175.97192382812
91439.43359375
91050.59692382812
90836.42358398438
90707.8623046875
90661.720703125
90579.0087890625
90549.1787109375
90528.25244140625
90498.42041015625
90444.1826171875
90432.4052734375
90437.02856445312
90401.08374023438
90379.44116210938
90386.77490234375
90372.57080078125
90381.7294921875
90309.82470703125
90287.06127929688
90308.49047851562
90290.568359375
90289.67724609375
90293.34130859375
90306.19848632812
90269.95654296875
90236.11962890625
90248.251953125
90250.6044921875
90271.99853515625
90211.68188476562
90210.27392578125
90247.96411132812
90247.67236328125
90170.38598632812
90224.12866210938
90202.34130859375
90164.77001953125
90185.12939453125
90136.40576171875
90137.52368164062
90176.69360351562
90120.7802734375
90132.72680664062
90089.48583984375
90124.01123046875
90080.3994140625
90092.26147460938
90057.34643554688
90038.5986328125
90053.54833984375
90083.365234375
90042.22705078125
90024.68115234375
90002.5908203125
90009.1484375
89947.85107421875
89957.49072265625
89941.67529296875
89957.2666015625
89918.29614257812
89922.36083984375
89898.13623046875
89889.87646484375
89833.72924804688
89833.95849609375
89783.61254882812
89803.46923828125
89779.86181640625
89748.06884765625
89716.4443359375
89705.8681640625
89670.02124023438
89684.74658203125
89643.34057617188
89605.74755859375
89526.423828125
89333.986328125
89209.5810546875
89040.36376953125
88810.912109375
88644.57934570312
88419.69384765625
88224.59326171875
88039.82739257812
87879.70239257812
87751.20263671875
87661.259765625
87475.89208984375
87302.58447265625
87080.63793945312
87014.26977539062
86850.5693359375
86580.9384765625
86369.482421875
86150.369140625
85933.783203125
85576.86889648438
85261.50317382812
85052.20092773438
84844.01708984375
84534.75024414062
84376.18481445312
84156.11206054688
83983.90795898438
83794.9892578125
83512.44897460938
83258.02416992188
83065.31396484375
82830.16967773438
82591.83447265625
82385.28540039062
82145.1201171875
81931.98876953125
81755.47192382812
81512.7490234375
81312.06689453125
81120.22607421875
80875.2724609375
80602.5576171875
80420.32006835938
80215.82861328125
80060.95971679688
79832.94604492188
79624.3154296875
79436.41552734375
79228.666015625
79034.13623046875
78897.89794921875
78690.6962890625
78503.42333984375
78352.68725585938
78124.84375
77948.74389648438
77800.1650390625
77604.54028320312
77460.884765625
77249.21166992188
77071.7275390625
76859.6328125
76603.48779296875
76354.26879882812
76148.724609375
75993.5673828125
75771.14477539062
75568.72314453125
75333.18774414062
75125.58471679688
74939.04345703125
74718.37622070312
74465.42456054688
74316.26318359375
74086.03344726562
73903.58984375
73652.51953125
73456.56811523438
73226.03759765625
73042.38647460938
72821.47119140625
72624.96997070312
72371.87060546875
72205.32666015625
71991.189453125
71757.95629882812
71525.32153320312
71322.01342773438
71101.88671875
70893.59033203125
70642.51147460938
70413.65185546875
70226.68359375
69983.14599609375
69785.60009765625
69612.4033203125
69356.38012695312
69172.88500976562
68925.08911132812
68694.390625
68442.64965820312
68254.14282226562
68000.08471679688
67774.99560546875
67548.5947265625
67344.2587890625
67095.72290039062
66869.40161132812
66644.341796875
66408.75341796875
66175.8017578125
65942.47802734375
65738.8369140625
65494.9404296875
65278.196533203125
65048.063720703125
64841.7939453125
64617.510009765625
64370.944091796875
64132.82177734375
63920.224853515625
63690.546630859375
63428.411376953125
63173.8515625
62987.7587890625
62742.89404296875
62523.67333984375
62294.876220703125
62081.51110839844
61848.678466796875
61624.611572265625
61382.5869140625
61148.00048828125
60943.88525390625
60711.94189453125
60523.70068359375
60242.158203125
60054.361083984375
59810.279052734375
59582.33544921875
59362.512451171875
59122.46240234375
58912.455810546875
58714.04443359375
58457.926513671875
58264.7783203125
57997.86279296875
57796.932373046875
57596.826904296875
57378.9111328125
57136.663818359375
56916.84912109375
56681.3271484375
56462.75732421875
56241.52136230469
56018.999755859375
55794.40771484375
55555.84375
55313.95751953125
55097.327880859375
54865.699951171875
54616.609130859375
54416.19482421875
54174.67822265625
53971.516357421875
53721.181884765625
53493.28466796875
53270.884765625
53047.962158203125
52837.55322265625
52612.77783203125
52384.46435546875
52160.76171875
51964.095703125
51790.89306640625
51560.21618652344
51328.022216796875
51107.4521484375
50906.281494140625
50678.7138671875
50479.3857421875
50257.45703125
50032.974853515625
49853.675048828125
49618.050048828125
49412.028076171875
49200.74035644531
48971.158203125
48789.133056640625
48575.642333984375
48355.502197265625
48159.0859375
47944.489990234375
47724.024169921875
47521.384765625
47309.665283203125
47107.961669921875
46915.975341796875
46709.900634765625
46485.001708984375
46286.40283203125
46080.376220703125
45869.599853515625
45687.883544921875
45433.67614746094
45247.4501953125
45048.71484375
44854.61572265625
44655.581298828125
44423.392578125
44208.69006347656
43979.271484375
43792.626708984375
43606.753173828125
43369.3818359375
43198.75439453125
43007.42297363281
42818.16613769531
42612.99353027344
42390.610107421875
42213.88146972656
42000.05078125
41811.87707519531
41623.44482421875
41408.193359375
41241.328857421875
41044.225341796875
40846.53466796875
40677.70471191406
40478.31188964844
40318.589111328125
40119.643798828125
39922.55029296875
39697.93005371094
39506.72766113281
39300.88708496094
39120.09326171875
38932.323486328125
38749.730712890625
38566.73486328125
38412.37658691406
38220.4638671875
38022.355712890625
37836.62731933594
37672.73779296875
37513.699951171875
37298.02978515625
37112.19470214844
36930.41613769531
36773.16687011719
36567.80871582031
36392.89453125
36200.86267089844
35997.77917480469
35832.161376953125
35659.98400878906
35503.97204589844
35313.7001953125
35170.10778808594
34974.88122558594
34803.376220703125
34664.53747558594
34473.755859375
34303.078125
34118.41711425781
33959.95129394531
33801.785400390625
33660.10437011719
33486.59582519531
33310.678955078125
33156.094482421875
32985.8232421875
32821.36376953125
32698.58056640625
32552.804321289062
32384.260375976562
32245.5361328125
32066.057739257812
31909.18994140625
31749.062255859375
31584.95703125
31416.223266601562
31274.087646484375
31136.23486328125
30993.911254882812
30853.717529296875
30712.211181640625
30592.777221679688
30442.711303710938
30328.73095703125
30162.419067382812
29980.198486328125
29832.266723632812
29706.472778320312
29551.560546875
29415.994873046875
29261.552856445312
29128.8115234375
28981.971801757812
28832.483642578125
28715.829467773438
28554.727294921875
28427.900512695312
28314.055297851562
28192.858154296875
28073.705810546875
27932.713928222656
27805.869262695312
27689.5068359375
27565.750854492188
27421.618041992188
27264.745727539062
27122.508666992188
26979.28271484375
26842.268798828125
