cost:	
809246.2275390625
184493.0302734375
174841.50341796875
135563.255859375
128246.1123046875
123101.8984375
120175.6865234375
117960.01318359375
116194.818359375
114521.599609375
112997.49365234375
111567.70556640625
110097.3837890625
108580.92236328125
107375.50634765625
106154.0830078125
104919.24072265625
103452.1357421875
102292.6337890625
101325.548828125
100108.55859375
99240.78076171875
98023.04296875
97046.5126953125
95966.8857421875
95056.84619140625
94126.498046875
93341.44873046875
92453.00341796875
91472.9677734375
90704.53271484375
89846.7373046875
89289.5361328125
88423.103515625
87871.0263671875
87216.0595703125
86416.12744140625
85910.1591796875
85268.86279296875
84501.142578125
83970.9375
83430.498046875
82888.6220703125
82288.6728515625
81744.48046875
81328.8505859375
81015.265625
80488.88916015625
79944.232421875
79465.40283203125
78929.0556640625
78651.76416015625
78119.23095703125
77833.01806640625
77246.76635742188
76970.95654296875
76676.373046875
76252.611328125
75980.00146484375
75738.60400390625
75378.17578125
74957.10302734375
74716.03515625
74247.79345703125
73858.0576171875
73632.12646484375
73393.58471679688
72844.31591796875
72616.3583984375
72379.51513671875
72115.1455078125
71808.61328125
71532.18408203125
71159.83544921875
70886.43359375
70574.240234375
70242.11279296875
70026.29638671875
69823.77197265625
69520.1337890625
69335.7470703125
69017.2158203125
68748.6015625
68431.0107421875
68191.66015625
67992.74072265625
67675.41333007812
67533.87915039062
67309.78955078125
67073.95947265625
66824.53076171875
66656.6552734375
66435.19506835938
66282.50415039062
66091.24438476562
65848.0224609375
65624.94091796875
65489.82763671875
65333.40771484375
65113.371337890625
64904.19482421875
64679.18505859375
64484.99365234375
64461.68359375
64273.888427734375
64133.25244140625
63983.55908203125
63769.248046875
63690.02685546875
63553.66259765625
63469.926025390625
63191.72900390625
63057.18310546875
62842.3125
62742.54638671875
62673.31884765625
62560.068359375
62359.2041015625
62315.28857421875
62144.09228515625
62038.42626953125
61962.28271484375
61890.663818359375
61762.0615234375
61656.5244140625
61548.67626953125
61589.55126953125
61359.1416015625
61228.66259765625
61194.5927734375
61085.27685546875
60894.34912109375
60920.5888671875
60768.13916015625
60675.451171875
60620.791259765625
60659.2021484375
60531.1826171875
60411.0693359375
60328.18701171875
60286.05517578125
60262.39111328125
60208.5869140625
60079.40576171875
60017.0400390625
59907.88330078125
59867.22314453125
59718.9072265625
59766.93505859375
59669.0869140625
59530.65771484375
59421.015625
59331.55810546875
59329.00048828125
59363.35888671875
59266.15380859375
59203.55810546875
59170.8359375
59139.0625
59005.10400390625
59039.5244140625
58954.13037109375
58924.81298828125
58907.7060546875
58921.60693359375
58814.3564453125
58718.426025390625
58702.37548828125
58618.54296875
58635.62158203125
58574.08544921875
58624.8232421875
58519.77880859375
58494.3828125
58456.4541015625
58364.57275390625
58333.96533203125
58321.71435546875
58275.88330078125
58254.419921875
58232.99072265625
58214.95068359375
58189.064453125
58100.84619140625
58075.111328125
58088.48876953125
58088.478759765625
58001.485107421875
58017.53369140625
57936.7919921875
57914.2763671875
57871.44189453125
57820.99755859375
57771.9658203125
57752.01513671875
57801.53076171875
57799.310791015625
57775.45947265625
57678.56640625
57691.2666015625
57640.943359375
57606.05322265625
57474.8427734375
57448.0087890625
57538.5185546875
57500.05126953125
57452.9833984375
57456.2958984375
57420.888671875
57369.76416015625
57324.4736328125
57267.58642578125
57296.05224609375
57324.962890625
57269.811279296875
57240.2529296875
57214.283203125
57221.7353515625
57159.1416015625
57249.89013671875
57187.137939453125
57160.1123046875
57153.35107421875
57049.31201171875
57113.32421875
57068.7578125
57069.50537109375
57075.535888671875
57062.2880859375
57089.24951171875
56960.89697265625
56964.4345703125
56951.359375
56878.03466796875
56979.16748046875
56938.24267578125
56945.94580078125
56898.6591796875
56893.71337890625
56851.182861328125
56861.2626953125
56761.6416015625
56828.199951171875
56845.62158203125
56788.3037109375
56780.04931640625
56702.21533203125
56731.7978515625
56750.908203125
56737.16650390625
56631.4765625
56603.01953125
56645.0205078125
56517.0263671875
56529.73291015625
56480.2529296875
56527.6806640625
56618.702392578125
56525.7822265625
56528.18603515625
56509.311767578125
56455.92431640625
56464.6171875
56456.23046875
56403.7421875
56396.82568359375
56404.2294921875
56404.7578125
56419.6767578125
56436.039794921875
56409.5595703125
56353.851806640625
56378.212890625
56317.10498046875
56275.96923828125
56321.154296875
56269.8671875
56286.52490234375
56259.29150390625
56234.8408203125
56282.6435546875
56251.55126953125
56262.3466796875
56271.7783203125
56285.48828125
56300.39306640625
56256.65576171875
56246.03466796875
56282.6728515625
56203.1240234375
56108.5556640625
56143.1484375
56165.62353515625
56185.7529296875
56158.98095703125
56095.17236328125
56098.45361328125
56097.37158203125
56144.2978515625
56202.499267578125
56104.8701171875
56015.0810546875
56035.1005859375
55973.25537109375
55995.98486328125
55967.48193359375
55972.04931640625
55958.2109375
55954.43994140625
56007.6767578125
55991.27490234375
55991.8076171875
55993.27880859375
55996.437255859375
55925.788330078125
55938.03515625
55954.60888671875
55931.72802734375
55907.71240234375
55949.41943359375
55915.63671875
55903.919921875
55888.830078125
55889.2451171875
55865.5966796875
55889.98876953125
55992.7177734375
55924.0078125
55868.77783203125
55906.55029296875
55908.9140625
55815.990234375
55778.259765625
55823.58544921875
55722.66943359375
55804.50244140625
55783.068359375
55743.869140625
55759.880859375
55806.4521484375
55779.43505859375
55761.712890625
55811.765869140625
55740.574462890625
55771.8642578125
55782.49072265625
55718.50390625
55693.05029296875
55766.54736328125
55730.2958984375
55606.1767578125
55558.996826171875
55564.5107421875
55578.9853515625
55661.609375
55600.4775390625
55553.94482421875
55601.03515625
55533.914794921875
55538.38818359375
55603.0947265625
55580.767333984375
55638.2197265625
55545.54833984375
55606.77197265625
55620.5
55497.05615234375
55525.40478515625
55554.45166015625
55527.512939453125
55550.0380859375
55616.57568359375
55530.646484375
55611.06884765625
55499.91259765625
55496.93505859375
55493.2158203125
55509.97998046875
55550.37646484375
55531.897216796875
55551.95947265625
55514.97998046875
55426.71875
55438.89306640625
55411.017578125
55437.318359375
55384.80615234375
55415.4599609375
55449.712890625
55461.10546875
55447.5078125
55470.7255859375
55387.64697265625
55374.81787109375
55372.146484375
55404.10791015625
55335.6748046875
55329.342529296875
55292.7509765625
55352.03466796875
