cost:	
1228127.52734375
1100692.1796875
975509.89453125
864202.03515625
768481.4921875
687699.41015625
618175.33203125
560953.388671875
511470.12109375
471696.56640625
437638.4921875
409981.189453125
386410.857421875
367703.82421875
352032.77734375
339303.875
329162.39453125
320512.865234375
313642.451171875
308136.568359375
303565.728515625
300036.646484375
296901.654296875
294485.958984375
292512.181640625
290684.314453125
289271.173828125
287994.75
286902.017578125
285911.65234375
285018.388671875
284209.22265625
283414.1328125
282703.375
281983.71484375
281328.541015625
280685.99609375
280044.572265625
279393.427734375
278771.82421875
278172.501953125
277564.06640625
276955.33984375
276343.8125
275731.5
275147.29296875
274533.80078125
273932.51171875
273335.126953125
272733.408203125
272179.19921875
271565.439453125
271003.5859375
270424.6953125
269851.671875
269284.3359375
268703.22265625
268138.578125
267565.375
266991.884765625
266438.55078125
265843.162109375
265262.8984375
264696.703125
264120.6328125
263537.1640625
262967.994140625
262395.248046875
261817.80859375
261248.2890625
260688.734375
260114.447265625
259533.251953125
258945.412109375
258381.443359375
257807.4140625
257227.396484375
256647.794921875
256082.16015625
255502.54296875
254933.306640625
254362.2265625
253810.1015625
253218.017578125
252645.95703125
252072.0546875
251515.845703125
250923.333984375
250366.505859375
249780.33203125
249216.84375
248638.8984375
248095.064453125
247503.736328125
246939.314453125
246357.880859375
245785.607421875
245222.916015625
244664.333984375
244092.6015625
243538.2890625
242975.099609375
242438.701171875
241882.46875
241351.9375
240806.681640625
240271.4140625
239721.400390625
239172.0234375
238638.2421875
238088.908203125
237550.185546875
237029.330078125
236476.5634765625
235943.998046875
235395.9453125
234861.69921875
234328.126953125
233790.9609375
233247.30078125
232717.01171875
232181.060546875
231660.185546875
231108.513671875
230589.818359375
230060.4921875
229511.2080078125
228978.8828125
228463.716796875
227928.8369140625
227404.375
226862.876953125
226340.841796875
225809.96875
225304.384765625
224786.1474609375
224247.00390625
223712.708984375
223197.02734375
222667.58203125
222148.0546875
221618.1796875
221107.509765625
220592.05859375
220075.4736328125
219552.052734375
219039.5439453125
218527.265625
218014.8623046875
217488.447265625
216990.2578125
216512.841796875
215999.2744140625
215519.9033203125
215027.625
214543.595703125
214057.109375
213560.576171875
213093.59765625
212592.36328125
212115.037109375
211637.8369140625
211147.126953125
210664.306640625
210180.0302734375
209702.3984375
209227.01171875
208766.4873046875
208268.291015625
207785.1513671875
207325.05078125
206846.6650390625
206377.935546875
205909.029296875
205444.1337890625
204949.8564453125
204484.123046875
204013.07421875
203549.5234375
203078.263671875
202621.08203125
202147.302734375
201700.234375
201216.26953125
200774.294921875
200296.412109375
199864.7919921875
199377.30859375
198924.544921875
198462.27734375
198009.7578125
197554.1318359375
197109.8525390625
196665.529296875
196203.197265625
195756.3125
195301.015625
194862.5029296875
194403.2041015625
193952.326171875
193530.45703125
193080.943359375
192654.783203125
192229.5859375
191795.9306640625
191393.66015625
190956.046875
190522.638671875
190105.10546875
189695.728515625
189277.921875
188845.21484375
188437.787109375
188017.595703125
187610.337890625
187191.466796875
186802.68359375
186375.2578125
185952.68359375
185544.6923828125
185135.0478515625
184729.103515625
184314.5126953125
183912.9306640625
183518.33203125
183103.763671875
182717.58203125
182315.666015625
181921.5263671875
181499.74609375
181102.7314453125
180702.0986328125
180313.904296875
179901.5986328125
179518.439453125
179125.25
178730.4169921875
178331.970703125
177955.646484375
177555.427734375
177167.552734375
176772.072265625
176393.3134765625
176022.5869140625
175625.6689453125
175241.69921875
174855.673828125
174474.271484375
174095.2021484375
173711.662109375
173343.5029296875
172977.037109375
172641.443359375
172258.7314453125
171895.0498046875
171539.58984375
171170.806640625
170820.521484375
170460.607421875
170109.013671875
169744.1064453125
169396.7265625
169043.0390625
168716.7138671875
168355.0791015625
168006.77734375
167652.185546875
167315.638671875
166980.9228515625
166618.939453125
166267.130859375
165944.2431640625
165595.7138671875
165251.25
164906.3916015625
164569.9560546875
164222.8671875
163891.4677734375
163562.4482421875
163223.2705078125
162874.443359375
162546.4248046875
162217.7509765625
161893.408203125
161542.806640625
161227.171875
160887.515625
160572.009765625
160233.1181640625
159909.5810546875
159600.9404296875
159273.31640625
158943.2841796875
158625.3203125
158304.3701171875
157980.5126953125
157659.66796875
157346.7490234375
157028.57421875
156698.8857421875
156400.349609375
156093.63671875
155800.64453125
155493.5322265625
155192.412109375
154912.859375
154603.171875
154301.958984375
154006.41796875
153710.130859375
153427.7197265625
153128.6416015625
152834.041015625
152555.2890625
152241.16796875
151954.421875
151674.125
151415.154296875
151103.08203125
150821.46875
150531.5107421875
150259.5654296875
149972.83349609375
149709.4228515625
149418.4423828125
149126.2373046875
148844.1953125
148565.6845703125
148284.6748046875
148018.177734375
147749.732421875
147481.625
147186.470703125
146928.5966796875
146653.642578125
146377.099609375
146125.16015625
145829.52197265625
145569.8447265625
145298.158203125
145034.1669921875
144766.3291015625
144516.8251953125
144219.2177734375
143975.552734375
143712.96484375
143449.5029296875
143182.39453125
142929.44921875
142668.58984375
142417.5419921875
142164.224609375
141913.7060546875
141667.12890625
141420.810546875
141203.43359375
140940.2705078125
140703.32421875
140475.3916015625
140209.8154296875
139973.21484375
139749.03466796875
139514.4306640625
139264.4462890625
139021.4208984375
138790.6630859375
138556.35009765625
138312.154296875
138095.931640625
137857.77197265625
137630.7275390625
137401.138671875
137160.8876953125
136951.263671875
136716.5498046875
136500.685546875
136247.45703125
136031.21240234375
135809.9111328125
135577.61474609375
135359.302734375
135127.1767578125
134910.62255859375
134690.39697265625
134481.994140625
134244.501953125
134033.3251953125
133802.40625
133594.84423828125
133372.13720703125
133169.2138671875
132937.341796875
132739.5751953125
132520.771484375
132307.02734375
132088.8427734375
131880.6396484375
131677.7705078125
131473.265625
131258.0595703125
