cost:	
12651297.8359375
12640029.0703125
12636619.0390625
12634768.015625
12633889.8515625
12633234.640625
12631651.7109375
12630370.359375
12629498.9296875
12629069.609375
12628221.296875
12627841.0390625
12627648.4140625
12627544.390625
12627472.1640625
12627442.95703125
12627423.4921875
12627377.3359375
12627174.734375
12626631.2265625
12626350.625
12626197.71875
12625901.96875
12625632.328125
12625526.8828125
12625387.28125
12625297.8984375
12625230.1875
12624813.390625
12624422.4609375
12624308.1328125
12624220.7109375
12624173.578125
12624125.0546875
12624111.8203125
12624086.3203125
12624068.875
12624056.9609375
12624049.0390625
12624056.20703125
12624041.7734375
12624033.90625
12624031.9453125
12624030.9765625
12624030.7734375
12624029.3203125
12624026.640625
12624028.8828125
12624007.9765625
12624006.8125
12624001.5234375
12623974.1640625
12623970.1328125
12623967.15625
12623965.578125
12623965.703125
12623966.8203125
12623973.234375
12623970.03125
12623968.5390625
12623968.7265625
12623972.96875
12623960.453125
12623957.53125
12623951.35546875
12623951.046875
12623941.921875
12623943.1953125
12623943.921875
12623942.0703125
12623939.6171875
12623931.3125
12623924.7578125
12623922.03125
12623926.9609375
12623922.8984375
12623918.0546875
12623918.9296875
12623927.7109375
12623925.796875
12623922.609375
12623914.203125
12623919.875
12623919.9765625
12623912.875
12623915.6953125
12623900.46875
12623907.3984375
12623908.42578125
12623914.609375
12623913.1953125
12623896.0234375
12623895.5078125
12623895.671875
12623902.3203125
12623907.40625
12623902.2265625
12623895.28125
12623899.8515625
12623892.8046875
12623888.7890625
12623878.046875
12623876.09375
12623872.359375
12623859.84375
12623858.984375
12623862.56640625
12623859.53125
12623855.33203125
12623857.1796875
12623856.375
12623856.90625
12623861.3125
12623874.0625
12623867.9921875
12623863.5546875
12623852.59375
12623845.7265625
12623851.1015625
12623852.0390625
12623846.5234375
12623845.7421875
12623851.4609375
12623853.25
12623848.07421875
12623847.9765625
12623846.890625
12623845.90625
12623855.21875
12623845.7265625
12623846.2578125
12623839.515625
12623837.9296875
12623835.984375
12623834.9765625
12623836.8984375
12623837.921875
12623829.36328125
12623824.0234375
12623823.8828125
12623831.875
12623835.94921875
12623839.109375
12623839.7421875
12623829.2890625
12623826.4140625
12623817.890625
12623822.7421875
12623821.8984375
12623820.296875
12623812.296875
12623803.53125
12623803.78125
12623803.9765625
12623803.8515625
12623809.671875
12623803.5
12623802.0390625
12623804.9921875
12623806.0234375
12623805.2109375
12623799.6328125
12623796.5546875
12623801.4609375
12623796.4296875
12623800.84375
12623804.91015625
12623813.1328125
12623757.234375
12623536.890625
12623509.296875
12623482.9296875
12623464.921875
12623453.3359375
12623442.3125
12623433.8984375
12623435.640625
12623434.7265625
12623430.7421875
12623419.4765625
12623274.8671875
12623173.296875
12623126.390625
12623109.59375
12623096.109375
12623086.9609375
12623042.828125
12622952.5625
12622875.40625
12622842.84375
12622811.6953125
12622789.0078125
12622769.9296875
12622745.1171875
12622725.390625
12622718.0234375
12622695.71875
12622502.609375
12622405.2265625
12622353.71875
12622314.703125
12622274.5234375
12622237.3359375
12622202.90625
12622182.65625
12622166.96875
12622156.8828125
12622148.5625
12622097.234375
12622003.4921875
12621962.375
12621926.2421875
12621892.33203125
12621869.0078125
12621848.96875
12621839.46875
12621834.9609375
12621825.8046875
12621824.734375
12621695.2109375
12621628.2578125
12621602.875
12621587.40625
12621575.265625
12621567.1875
12621466.453125
12621391.078125
12621344.5234375
12621326.6953125
12621307.8203125
12621292.0234375
12621282.3515625
12621261.4296875
12621255.09375
12621238.6640625
12621226.609375
12621218.078125
12621202.7421875
12621200.40625
12621184.609375
12621173.78125
12621164.6640625
12621158.328125
12621153.890625
12621158.953125
12621147.4453125
12621126.5546875
12621115.6484375
12621118.0703125
12621110.1484375
12620991.4453125
12620937.0859375
12620895.234375
12620872.34375
12620860.5703125
12620852.9921875
12620829.515625
12620809.78125
12620798.8828125
12620788.890625
12620779.515625
12620777.5703125
12620772.90625
12620764.5703125
12620753.6015625
12620751.9921875
12620748.4765625
12620736.296875
12620726.953125
12620720.9453125
12620732.7109375
12620722.796875
12620722.31640625
12620712.0234375
12620715.625
12620706.3984375
12620698.75
12620666.453125
12620598.1015625
12620575.9609375
12620546.0234375
12620513.2578125
12620490.078125
12620454.71875
12620406.5703125
12620374.3125
12620352.86328125
12620335.296875
12620327.34375
12620322.8671875
12620312.6875
12620299.3046875
12620292.984375
12620289.0078125
12620279.75
12620268.0703125
12620266.2109375
12620249.234375
12620245.4921875
12620243.5703125
12620235.8671875
12620222.79296875
12620217.8203125
12620222.0234375
12620221.40625
12620224.9765625
12620218.1328125
12620216.21875
12620221.6328125
12620231.68359375
12620182.71875
12620138.2265625
12620122.7578125
12620094.578125
12620067.98046875
12620024.1328125
12619964.0390625
12619932.765625
12619905.2734375
12619901.0546875
12619886.546875
12619875.6171875
12619864.03125
12619857.5390625
12619857.640625
12619853.53125
12619848.515625
12619851.53125
12619842.6015625
12619842.1640625
12619836.546875
12619837.359375
12619835.4921875
12619824.75
12619815.1484375
12619810.640625
12619811.75
12619820.125
12619812.671875
12619811.921875
12619809.6875
12619805.90625
12619804.6953125
12619795.3203125
12619786.7109375
12619790.59375
12619793.4140625
12619789.4296875
12619788.8046875
12619783.3671875
12619780.1640625
12619771.1015625
12619770.6640625
12619764.8515625
12619765.484375
12619765.1328125
12619765.6484375
12619771.1328125
12619770.12109375
12619769.296875
12619768.8125
12619774.53125
12619776.4296875
12619747.7578125
12619712.2109375
12619684.015625
12619652.203125
12619640.2265625
12619633.6875
12619623.0625
12619612.53125
12619590.890625
12619572.140625
12619558.19921875
12619546.6953125
12619535.6953125
12619527.75
12619514.9375
12619500.015625
12619491.109375
12619477.375
12619472.15625
12619469.9921875
12619460.4921875
12619456.14453125
12619462.7109375
12619457.9296875
12619456.59375
12619451.1953125
12619451.828125
12619445.984375
12619450.1796875
12619449.0625
12619443.3828125
12619444.7265625
12619440.6015625
12619440.671875
12619436.515625
12619440.2421875
12619439.2421875
