cost:	
636627.77734375
165691.22265625
113269.55322265625
100794.51220703125
93785.1708984375
90581.70556640625
89105.0625
87460.67456054688
86134.916015625
84788.25634765625
83365.07568359375
81877.79614257812
80171.826171875
78654.31884765625
76846.0205078125
75234.77978515625
73308.63110351562
71651.88232421875
69794.29052734375
68163.86499023438
66556.0859375
64834.197998046875
63288.58154296875
61644.544189453125
60175.402587890625
58753.1435546875
57144.936767578125
55575.052490234375
54067.802490234375
52495.53271484375
51100.1435546875
49683.0625
48208.267578125
46791.182373046875
45394.372802734375
44004.43640136719
42554.49865722656
41112.63928222656
39747.52453613281
38418.76806640625
37118.55847167969
35768.89538574219
34531.357421875
33334.13623046875
32065.514404296875
30881.773315429688
29754.257568359375
28530.365356445312
27416.218017578125
26362.630981445312
25301.301513671875
24366.761108398438
23386.4912109375
22505.577514648438
21585.519775390625
20741.574279785156
19876.740783691406
19065.92236328125
18301.39776611328
17572.591552734375
16840.928100585938
16126.54931640625
15412.106140136719
14795.774230957031
14146.10009765625
13548.0439453125
12968.029663085938
12418.901977539062
11891.484680175781
11406.48779296875
10886.210052490234
10422.01382446289
9964.234252929688
9534.783935546875
9135.509063720703
8735.65591430664
8355.072814941406
8005.98974609375
7657.157165527344
7332.7491455078125
7011.5771484375
6719.9942626953125
6416.394561767578
6131.507781982422
5859.680236816406
5610.61100769043
5355.5267333984375
5125.289794921875
4916.82585144043
4707.206954956055
4504.779998779297
4304.324081420898
4130.043182373047
3952.4625091552734
3783.4944763183594
3616.1654052734375
3474.9525451660156
3318.993408203125
3163.817138671875
3030.3189392089844
2919.7894134521484
2776.5474548339844
2653.1952209472656
2537.6715393066406
2438.804702758789
2328.617935180664
2232.2899169921875
2143.764976501465
2049.2246322631836
1964.219741821289
1885.7997970581055
1814.1659469604492
1741.0253677368164
1668.7081604003906
1601.2140350341797
1535.678840637207
1470.9633331298828
1414.4064559936523
1352.8863143920898
1300.730396270752
1242.0258331298828
1191.0862197875977
1168.809169769287
1099.9528884887695
1064.705665588379
1017.6281051635742
978.4681091308594
939.7147598266602
939.4043197631836
875.0166282653809
839.682373046875
804.3974227905273
763.6958065032959
742.4098320007324
710.6741065979004
676.582633972168
657.883394241333
632.629150390625
615.1460762023926
584.0988864898682
561.9843559265137
535.4525928497314
516.0702648162842
495.6975784301758
478.71478843688965
459.4287414550781
443.63523292541504
427.2175540924072
416.1220111846924
409.38561630249023
382.80182456970215
372.12658882141113
362.2026138305664
344.31702995300293
338.53845596313477
326.0132007598877
315.1570701599121
302.1346015930176
297.5172882080078
290.6732997894287
277.4085350036621
276.5592861175537
270.1465530395508
255.3624382019043
250.62161445617676
266.0141067504883
254.44448280334473
246.10813331604004
232.0259075164795
235.20837783813477
220.00373649597168
208.838623046875
213.5398941040039
210.29600143432617
197.17569732666016
187.7687292098999
181.81452465057373
184.10286712646484
186.5497636795044
183.758318901062
179.0401463508606
176.12956142425537
172.54734420776367
172.4162540435791
162.26558446884155
174.97919082641602
160.39845275878906
149.3292999267578
152.33329677581787
153.65643405914307
147.8077573776245
144.78947830200195
133.65266609191895
129.31170463562012
120.28939723968506
123.20625019073486
119.74535369873047
111.67810392379761
112.37839126586914
113.59980010986328
115.04210186004639
104.3402681350708
117.10225820541382
104.0323429107666
109.89049577713013
101.18531036376953
109.57352304458618
114.97041511535645
97.12065124511719
102.0174789428711
96.52353286743164
94.86352968215942
99.35042381286621
112.01085758209229
104.10609531402588
101.16992282867432
106.76546335220337
121.09574317932129
141.04158210754395
155.65424728393555
133.9278621673584
131.4352159500122
133.76042366027832
123.81601810455322
112.50500965118408
120.97809505462646
116.49882125854492
114.56271648406982
142.25616645812988
147.89483070373535
163.00909328460693
152.4575915336609
144.45270824432373
142.67380237579346
130.94427013397217
148.16811609268188
134.45321369171143
153.34872150421143
135.18536710739136
134.1165828704834
141.57452201843262
148.53770637512207
156.97628593444824
159.53640174865723
171.9788408279419
193.42356300354004
187.5456566810608
188.79906940460205
246.51580715179443
252.3600616455078
214.85051345825195
205.82960414886475
194.55915641784668
181.26566219329834
152.1845703125
118.7334656715393
99.13945865631104
102.92341327667236
114.44998168945312
131.29688930511475
135.25228023529053
124.79251194000244
121.32308864593506
120.33011102676392
107.46182918548584
121.73401308059692
136.14209461212158
130.85551691055298
114.23004865646362
113.51695728302002
106.46367979049683
102.82251739501953
97.62467908859253
96.26460933685303
93.28317785263062
89.87839317321777
96.32771301269531
106.55836963653564
100.70885276794434
95.69057655334473
79.11922216415405
91.7638897895813
84.58318853378296
83.57679462432861
74.86060333251953
85.46430921554565
81.43921041488647
81.21660423278809
86.33154058456421
94.98954725265503
100.51401424407959
106.67374897003174
107.76129150390625
114.65370464324951
112.06012964248657
108.93885278701782
117.57270908355713
133.2865982055664
134.22216606140137
139.53744220733643
136.6477484703064
152.5582857131958
156.08294820785522
153.8198709487915
166.2113218307495
185.48291492462158
176.04605531692505
166.83190488815308
159.23234748840332
174.49246501922607
168.4523468017578
138.623300075531
142.72224712371826
143.34762620925903
166.30572032928467
157.12492036819458
154.77734184265137
150.09431171417236
142.3019471168518
131.34220457077026
147.3324956893921
152.52947330474854
162.1356964111328
162.289400100708
155.6163558959961
158.16773128509521
180.78578186035156
173.92245864868164
180.729877948761
170.52699851989746
157.0969066619873
146.27810287475586
154.08700275421143
154.36023139953613
165.66966152191162
172.58026027679443
156.60667896270752
137.58139324188232
126.03253555297852
119.06529998779297
117.13097190856934
123.38363456726074
140.85920906066895
142.7496156692505
141.86474227905273
136.95040321350098
132.74442386627197
119.9022855758667
124.93881416320801
143.5184645652771
147.6308355331421
131.12073707580566
107.71023750305176
121.33390665054321
138.81142902374268
141.15765762329102
144.40985774993896
151.77420043945312
154.51789331436157
146.86368131637573
137.89824533462524
139.65231895446777
132.6698923110962
121.34233093261719
114.87467765808105
111.58966255187988
122.29582786560059
117.92377042770386
116.47787952423096
113.28994083404541
108.48757648468018
126.74196243286133
127.01418590545654
109.38716888427734
125.48949003219604
125.19170665740967
123.35245847702026
115.03150129318237
120.57586669921875
115.40006256103516
127.89650630950928
138.4482822418213
153.32934284210205
154.27319192886353
180.40449905395508
188.2803430557251
173.65431690216064
171.56011581420898
142.5956106185913
125.7824649810791
113.60494375228882
120.41941785812378
123.96652507781982
115.48753595352173
129.50950717926025
145.64270496368408
134.3063325881958
137.71822547912598
142.09749794006348
122.36649513244629
