cost:	
1216488.0234375
1152214.94140625
1083918.40625
1019697.51953125
959223.3671875
901431.90234375
847986.2890625
796817.44921875
749077.20703125
704022.0625
662276.521484375
621749.216796875
584717.875
549577.74609375
515996.025390625
485299.203125
455887.359375
428625.34765625
402866.7421875
379247.46875
356522.13671875
335631.046875
316511.53125
297912.9951171875
281049.1669921875
265439.28515625
250925.13671875
237224.177734375
224687.7421875
213158.7529296875
202468.6865234375
192576.0830078125
183380.00244140625
175104.7294921875
167379.2509765625
160080.3359375
153785.001953125
147727.947265625
142326.11376953125
137406.197265625
132825.49462890625
128593.34814453125
124827.50390625
121424.28955078125
118320.25390625
115445.21484375
112871.2158203125
110552.20068359375
108405.03466796875
106570.3369140625
104867.837890625
103352.01025390625
102001.4716796875
100813.74243164062
99683.6708984375
98694.95092773438
97819.9736328125
97004.470703125
96278.2626953125
95597.4326171875
95037.7548828125
94493.689453125
94043.85498046875
93609.6259765625
93221.55615234375
92896.97216796875
92580.9541015625
92310.2177734375
92070.24853515625
91847.03662109375
91662.01831054688
91479.47241210938
91328.02001953125
91189.68676757812
91065.87524414062
90955.93139648438
90855.6181640625
90763.75146484375
90691.89501953125
90613.62768554688
90556.5888671875
90496.5771484375
90450.728515625
90395.9638671875
90353.5224609375
90319.87524414062
90285.39477539062
90254.80395507812
90223.4501953125
90199.42724609375
90174.62451171875
90151.7431640625
90129.9072265625
90114.8359375
90092.23461914062
90080.9619140625
90061.90747070312
90044.9755859375
90031.78173828125
90017.24340820312
90003.2939453125
89985.55859375
89974.537109375
89959.06689453125
89947.4814453125
89933.71020507812
89921.90625
89904.349609375
89890.46533203125
89875.25830078125
89852.74365234375
89835.75390625
89813.66137695312
89790.57958984375
89761.5966796875
89748.19091796875
89724.76147460938
89705.9482421875
89687.11059570312
89667.83862304688
89653.23291015625
89635.20434570312
89622.95385742188
89600.90698242188
89585.04638671875
89546.7119140625
89499.23022460938
89444.990234375
89302.57958984375
89183.11279296875
89011.29248046875
88670.2470703125
88342.1708984375
88020.19921875
87704.35620117188
87130.99365234375
86807.13159179688
86495.88452148438
86332.78955078125
86200.68872070312
86125.45092773438
86007.21362304688
85852.17822265625
85775.32885742188
85687.36669921875
85617.85620117188
85541.8291015625
85400.45629882812
85143.4189453125
85030.4931640625
84828.712890625
84700.97021484375
84606.0283203125
84547.87158203125
84473.54052734375
84405.0830078125
84312.2685546875
84176.95629882812
84075.67041015625
83956.87524414062
83861.74340820312
83795.89404296875
83742.04565429688
83689.50732421875
83634.16674804688
83581.19921875
83530.93725585938
83483.67651367188
83442.52709960938
83404.90576171875
83359.32568359375
83320.630859375
83230.25390625
83184.9453125
83142.95581054688
83097.49951171875
83058.19140625
83012.53149414062
82968.60327148438
82934.12622070312
82900.283203125
82867.60009765625
82786.49951171875
82662.28515625
82208.18896484375
82108.78125
81972.1728515625
81905.87158203125
81791.05297851562
81690.17114257812
81622.53125
81554.86157226562
81499.79760742188
81461.51586914062
81420.39599609375
81365.53076171875
81264.82373046875
81220.37548828125
81149.82446289062
81091.13525390625
81031.71875
80971.09765625
80909.4208984375
80865.46240234375
80813.86083984375
80734.01391601562
80692.52734375
80649.86645507812
80614.84716796875
80577.078125
80538.27197265625
80501.21923828125
80458.31982421875
80392.05346679688
80348.95483398438
80306.04125976562
80242.34375
80194.08837890625
80156.943359375
80120.17138671875
80055.03588867188
80016.32861328125
79962.93603515625
79910.0244140625
79864.62915039062
79819.37744140625
79784.21337890625
79756.76538085938
79722.06640625
79685.3349609375
79648.30834960938
79608.53076171875
79583.25
79528.19799804688
79494.88330078125
79473.130859375
79452.0234375
79421.93505859375
79393.44384765625
79327.96435546875
79135.9130859375
79086.927734375
79060.16455078125
79034.56713867188
79005.54223632812
78980.43969726562
78943.9814453125
78908.89819335938
78885.72509765625
78846.310546875
78812.65185546875
78763.72094726562
78741.0546875
78706.26245117188
78676.345703125
78655.64721679688
78633.41186523438
78615.86328125
78593.53466796875
78566.21411132812
78539.916015625
78515.77392578125
78494.76196289062
78473.2373046875
78450.7861328125
78427.10791015625
78402.53051757812
78380.32934570312
78340.0615234375
78306.24731445312
78280.70825195312
78251.8486328125
78210.05102539062
78192.95263671875
78174.2861328125
78163.49267578125
78143.1806640625
78115.65014648438
78088.35302734375
78068.74462890625
78033.51171875
78018.5166015625
77988.50708007812
77961.8876953125
77946.4384765625
77928.9462890625
77911.65014648438
77886.38110351562
77858.30541992188
77828.9111328125
77802.91040039062
77774.00317382812
77748.26879882812
77730.06958007812
77709.93823242188
77693.83837890625
77673.64379882812
77649.72607421875
77629.25317382812
77601.5439453125
77582.85424804688
77561.44604492188
77534.78344726562
77517.09423828125
77494.0361328125
77480.73754882812
77462.70458984375
77448.57861328125
77418.35986328125
77399.07470703125
77363.642578125
77332.53491210938
77328.29931640625
77319.8564453125
77309.650390625
77291.60205078125
77253.68725585938
77259.34838867188
77196.87182617188
77160.19653320312
77144.06616210938
77125.138671875
77050.32470703125
77023.90063476562
76981.46826171875
76962.8662109375
76928.49755859375
76908.7080078125
76881.41748046875
76862.7880859375
76851.40307617188
76835.82641601562
76816.31372070312
76782.62890625
76762.79248046875
76734.09716796875
76708.74145507812
76645.90625
76625.91845703125
76622.04345703125
76581.89916992188
76547.6904296875
76519.208984375
76511.84326171875
76512.84716796875
76470.849609375
76453.62841796875
76435.7509765625
76396.52563476562
76368.541015625
76384.73315429688
76358.1015625
76337.63256835938
76322.84423828125
76288.109375
76261.7763671875
76237.90795898438
76218.4892578125
76191.82446289062
76180.16748046875
76149.349609375
76133.23388671875
76112.6611328125
76095.34619140625
76077.01416015625
76057.900390625
76048.5517578125
76045.26220703125
76021.39404296875
75999.72290039062
75999.76928710938
75987.06958007812
75979.29760742188
75948.9677734375
75905.15771484375
75868.8427734375
75844.63793945312
75819.64892578125
75807.4052734375
75777.54638671875
75752.69140625
75730.0849609375
75715.11987304688
75695.15747070312
75674.369140625
75660.41088867188
75636.458984375
75620.08056640625
75601.79150390625
75583.81469726562
75568.23291015625
75549.0009765625
75534.73388671875
75508.13525390625
75500.46997070312
75468.833984375
75433.98266601562
75423.76586914062
75409.31958007812
75393.83154296875
