cost:	
1074811.56640625
595772.474609375
269970.0478515625
135107.32177734375
99512.08178710938
94884.11083984375
93446.52124023438
91984.404296875
91366.64379882812
91077.47802734375
90929.66796875
90832.396484375
90811.74853515625
90751.92919921875
90709.83032226562
90696.1171875
90655.46875
90585.7783203125
90594.65771484375
90555.2626953125
90524.75854492188
90528.00732421875
90538.49267578125
90493.0966796875
90479.17578125
90493.4775390625
90518.00732421875
90482.828125
90463.77001953125
90428.4140625
90430.654296875
90468.7724609375
90423.54760742188
90401.07177734375
90382.86401367188
90379.84399414062
90356.09716796875
90374.86987304688
90363.0302734375
90311.04028320312
90378.8974609375
90364.3525390625
90329.30151367188
90393.28955078125
90291.79638671875
90264.88916015625
90318.55688476562
90244.63427734375
90254.05078125
90301.51953125
90198.63696289062
90232.47509765625
90177.62158203125
90159.87744140625
90159.14379882812
90131.4423828125
90119.2080078125
90130.5
90114.1943359375
90070.20288085938
90094.0087890625
90051.21069335938
90021.33764648438
90005.87817382812
89966.35888671875
89985.91967773438
89989.68359375
89897.6748046875
89881.62573242188
89959.80322265625
89854.9306640625
89862.3623046875
89844.98388671875
89806.25341796875
89816.07275390625
89699.0869140625
89732.150390625
89687.48364257812
89738.1279296875
89693.9189453125
89587.63647460938
89575.80615234375
89572.12426757812
89545.6259765625
89550.69580078125
89505.15869140625
89473.64453125
89458.53295898438
89257.28173828125
89204.75634765625
89044.291015625
88897.04907226562
88787.95556640625
88508.7705078125
88370.017578125
88142.974609375
87952.8828125
87810.44409179688
87611.72875976562
87376.58544921875
87189.32177734375
86891.9228515625
86709.0517578125
86522.21508789062
86301.36499023438
85955.68286132812
85719.41967773438
85499.17919921875
85185.67944335938
84957.39794921875
84723.046875
84414.326171875
84192.65576171875
83937.23193359375
83587.61450195312
83340.49975585938
83058.3095703125
82744.29931640625
82479.125
82082.91479492188
81736.56640625
81368.92260742188
81057.4638671875
80717.64404296875
80368.33666992188
80006.9921875
79745.7939453125
79413.177734375
79015.62890625
78782.47802734375
78540.95678710938
78113.17211914062
77874.53515625
77545.4443359375
77232.9775390625
76909.53979492188
76535.47583007812
76305.92749023438
75946.94116210938
75693.78271484375
75350.00366210938
75058.2177734375
74772.30541992188
74502.158203125
74232.32934570312
73924.5400390625
73605.44165039062
73318.28955078125
72932.29370117188
72599.3359375
72317.595703125
71896.98461914062
71535.12158203125
71262.208984375
70947.12548828125
70629.01049804688
70329.4970703125
70117.63037109375
69816.583984375
69513.51123046875
69215.20727539062
68967.80883789062
68625.59790039062
68387.099609375
68078.62768554688
67796.69018554688
67467.45971679688
67180.56884765625
66862.408203125
66609.76416015625
66289.7275390625
66035.54931640625
65793.16943359375
65478.755859375
65183.08984375
64893.3525390625
64642.1181640625
64322.867919921875
64059.910888671875
63804.5712890625
63488.415771484375
63198.15283203125
62877.827880859375
62626.65087890625
62304.607421875
62053.94189453125
61759.337158203125
61492.43408203125
61216.46728515625
60896.633056640625
60602.23388671875
60327.218505859375
60044.477783203125
59742.240478515625
59492.090576171875
59211.390380859375
58931.230224609375
58629.842041015625
58373.181640625
58031.902587890625
57773.19384765625
57479.453369140625
57221.9013671875
56956.2060546875
56633.8369140625
56397.787109375
56115.29931640625
55841.76708984375
55543.41064453125
55291.188232421875
55046.65869140625
54769.692626953125
54503.97265625
54197.662841796875
53955.476318359375
53656.9443359375
53391.115478515625
53123.90185546875
52865.09912109375
52597.80859375
52318.2685546875
52070.263671875
51820.515380859375
51536.52880859375
51277.543212890625
51004.931396484375
50731.697998046875
50428.457763671875
50190.647705078125
49910.297119140625
49633.121826171875
49384.758544921875
49084.43273925781
48843.51428222656
48533.811767578125
48320.552734375
47999.460205078125
47748.543212890625
47496.3056640625
47216.20263671875
46930.057861328125
46662.27575683594
46380.81201171875
46141.48474121094
45836.36376953125
45568.209716796875
45295.20556640625
45037.98583984375
44809.15588378906
44524.30908203125
44257.433349609375
44046.63134765625
43773.274169921875
43487.2021484375
43239.560302734375
43011.10021972656
42749.24182128906
42511.264892578125
42235.50390625
42005.917724609375
41729.91833496094
41505.28503417969
41284.414306640625
41037.2158203125
40758.80407714844
40541.0205078125
40294.01904296875
40077.01220703125
39820.50549316406
39593.76452636719
39349.765380859375
39123.441650390625
38855.307373046875
38630.09423828125
38399.537109375
38176.78125
37929.50720214844
37694.90124511719
37485.986328125
37268.14483642578
37003.716064453125
36757.005859375
36531.606201171875
36294.974609375
36069.99963378906
35836.421630859375
35606.2470703125
35399.77038574219
35184.62243652344
34984.867431640625
34777.7880859375
34543.80187988281
34337.88513183594
34127.4951171875
33897.71203613281
33682.61169433594
33457.360595703125
33240.626220703125
33007.742431640625
32816.86950683594
32598.1044921875
32431.338500976562
32215.577270507812
32047.817260742188
31845.467041015625
31616.7685546875
31423.339111328125
31223.33203125
31045.537231445312
30834.862182617188
30659.016357421875
30474.314208984375
30286.127807617188
30118.275024414062
29919.3349609375
29755.975952148438
29540.202880859375
29344.464233398438
29160.544921875
28986.3740234375
28806.487060546875
28644.962646484375
28460.453125
28309.005981445312
28117.81103515625
27926.713745117188
27769.2431640625
27588.450439453125
27421.994140625
27260.097290039062
27076.425415039062
26911.52081298828
26751.547485351562
26578.218017578125
26413.634643554688
26241.221557617188
26067.439453125
25918.42138671875
25776.929443359375
25623.352416992188
25463.895751953125
25322.40087890625
25156.494750976562
24995.89288330078
24807.898803710938
24644.951538085938
24492.734130859375
24338.830932617188
24191.6083984375
24031.893005371094
23855.08154296875
23691.138427734375
23558.192504882812
23409.079345703125
23273.894287109375
23130.81787109375
22995.701171875
22866.52813720703
22733.5166015625
22603.381958007812
22444.475219726562
22334.305541992188
22178.49774169922
22029.707763671875
21906.37158203125
21772.061096191406
21646.561889648438
21514.996826171875
21355.21417236328
21213.205078125
21072.989013671875
20928.599365234375
20804.785034179688
20703.271423339844
20575.51922607422
20475.280395507812
20321.34033203125
20185.849487304688
20056.509826660156
19955.12811279297
19846.79119873047
19729.460876464844
19600.230407714844
19498.25213623047
19381.60528564453
19286.630432128906
19175.14453125
19029.225463867188
18935.01483154297
18801.296875
18650.769409179688
18541.425903320312
18418.175537109375
18300.341857910156
18176.370483398438
18068.17205810547
17954.347290039062
17845.440795898438
17751.544311523438
17633.483642578125
