cost:	
1211263.125
1087028.08203125
951993.5078125
835536.79296875
731838.783203125
640815.427734375
561199.369140625
492948.46875
433862.015625
383359.28125
339807.400390625
303109.798828125
270792.91796875
244342.154296875
222302.4609375
203702.6640625
188070.1513671875
175294.4287109375
164658.078125
155951.7783203125
148952.412109375
143315.119140625
138656.748046875
134946.17724609375
131968.1767578125
129629.35400390625
127738.3876953125
126248.59814453125
125073.1787109375
124169.78369140625
123425.3134765625
122877.8974609375
122423.283203125
122053.19287109375
121762.41796875
121537.16259765625
121359.310546875
121204.6083984375
121077.6396484375
120967.44287109375
120873.673828125
120791.49365234375
120725.09130859375
120656.2001953125
120598.0673828125
120541.0419921875
120484.40234375
120431.4736328125
120381.61376953125
120335.837890625
120290.248046875
120229.4248046875
120182.3818359375
120138.08154296875
120091.3330078125
120053.9208984375
120001.9853515625
119956.1708984375
119914.4443359375
119864.6005859375
119821.77001953125
119781.7255859375
119738.73486328125
119689.75439453125
119650.466796875
119600.9296875
119525.115234375
119203.181640625
118997.1572265625
118750.140625
118514.11962890625
118390.16259765625
118063.81689453125
117899.37646484375
117710.5
117610.18359375
117466.14404296875
117300.27001953125
117194.33984375
117057.0712890625
116958.59033203125
116852.05322265625
116760.6337890625
116672.3984375
116489.5732421875
116338.7861328125
116232.806640625
116145.92041015625
116052.109375
115963.544921875
115866.998046875
115781.326171875
115707.404296875
115625.76171875
115554.69970703125
115481.26953125
115404.380859375
115326.8603515625
115240.11865234375
115168.5224609375
115064.4609375
114989.583984375
114880.8759765625
114710.17431640625
114581.8525390625
114461.5458984375
114308.23486328125
114210.4794921875
114142.865234375
114063.2998046875
113983.390625
113896.90234375
113833.6083984375
113760.8291015625
113690.1884765625
113621.9521484375
113568.3037109375
113511.9453125
113451.63671875
113406.427734375
113331.00830078125
113283.7841796875
113234.873046875
113179.65625
113123.2626953125
113063.2431640625
113000.150390625
112959.267578125
112902.55859375
112849.2265625
112805.0498046875
112740.97216796875
112690.8369140625
112640.439453125
112567.55078125
112500.541015625
112439.79150390625
112364.3359375
112267.95556640625
112211.4970703125
112126.11328125
112080.05078125
111958.298828125
111881.9375
111826.79931640625
111756.634765625
111686.4814453125
111625.4658203125
111539.41796875
111478.5576171875
111429.59033203125
111391.3857421875
111337.64453125
111281.77734375
111229.666015625
111186.6376953125
111133.19921875
111083.1591796875
111047.0859375
110995.2587890625
110942.80078125
110895.4248046875
110854.2236328125
110803.9228515625
110766.2724609375
110723.61279296875
110670.96875
110633.29833984375
110584.01953125
110535.39453125
110504.8310546875
110461.94140625
110413.60546875
110378.43603515625
110317.865234375
110287.96875
110241.0810546875
110195.01904296875
110146.18310546875
110098.3779296875
110062.29248046875
110021.888671875
109984.24609375
109931.92138671875
109882.0654296875
109849.6005859375
109805.509765625
109757.462890625
109721.154296875
109679.6767578125
109636.986328125
109584.900390625
109537.65087890625
109478.6875
109443.0986328125
109384.8662109375
109340.01513671875
109296.4755859375
109253.009765625
109209.34326171875
109159.76953125
109125.48193359375
109074.53271484375
109034.88916015625
108991.5654296875
108958.9794921875
108918.619140625
108886.72021484375
108836.8525390625
108787.69140625
108748.2275390625
108703.25439453125
108669.9697265625
108627.4541015625
108591.2705078125
108546.6767578125
108476.9443359375
108414.06787109375
108373.806640625
108327.3291015625
108293.25
108242.29638671875
108204.4921875
108166.2119140625
108123.3896484375
108086.521484375
108055.0986328125
108009.8701171875
107966.87353515625
107940.869140625
107895.5830078125
107846.7705078125
107799.82421875
107762.8486328125
107713.84912109375
107683.46875
107643.841796875
107589.4033203125
107560.314453125
107521.8134765625
107484.197265625
107430.701171875
107387.7421875
107355.05078125
107311.45703125
107274.8662109375
107232.349609375
107186.6875
107147.4306640625
107110.224609375
107054.3037109375
107030.1630859375
106977.548828125
106939.8076171875
106904.6513671875
106872.0947265625
106822.0751953125
106787.24365234375
106750.88623046875
106709.0751953125
106669.330078125
106633.400390625
106594.5927734375
106559.34521484375
106528.775390625
106494.32080078125
106454.52978515625
106409.8984375
106368.630859375
106334.818359375
106282.8330078125
106246.50390625
106206.2490234375
106154.072265625
106114.87548828125
106085.998046875
106051.3876953125
106004.640625
105965.900390625
105926.322265625
105895.56591796875
105856.51171875
105821.302734375
105779.66796875
105730.9755859375
105691.60498046875
105649.8984375
105614.50927734375
105584.5693359375
105547.21630859375
105511.98095703125
105460.52294921875
105429.38916015625
105388.4423828125
105348.923828125
105320.0859375
105270.8837890625
105233.15625
105208.7548828125
105176.400390625
105127.9375
105094.00732421875
105048.3828125
105019.21923828125
104977.63720703125
104948.50146484375
104905.12109375
104865.58984375
104835.03125
104800.03125
104757.6982421875
104722.7919921875
104677.3974609375
104646.9033203125
104615.5556640625
104580.279296875
104545.9130859375
104521.20556640625
104483.9248046875
104444.220703125
104416.16552734375
104374.22314453125
104343.6298828125
104305.67236328125
104259.29150390625
104225.79296875
104188.396484375
104155.77587890625
104120.546875
104088.66650390625
104052.0224609375
104018.0478515625
103984.61181640625
103941.47802734375
103910.42626953125
103867.201171875
103842.947265625
103797.83984375
103770.916015625
103728.48583984375
103702.951171875
103673.4423828125
103636.16796875
103611.46484375
103573.076171875
103527.037109375
103489.39990234375
103458.64306640625
103419.84912109375
103384.8271484375
103348.4326171875
103302.9169921875
103267.25537109375
103234.97412109375
103195.5751953125
103156.328125
103119.4453125
103100.513671875
103070.9453125
103041.54443359375
102988.388671875
102955.013671875
102924.02099609375
102884.75390625
102849.89306640625
102822.36669921875
102794.861328125
102753.0380859375
102720.8203125
102687.3388671875
102655.498046875
102626.9384765625
102591.34130859375
102562.2060546875
102517.7509765625
102483.3076171875
102455.083984375
102418.8662109375
102380.029296875
102345.896484375
102317.9755859375
102284.93994140625
102245.9072265625
102216.7939453125
102187.5673828125
102146.17724609375
102106.35888671875
102066.8681640625
102034.3935546875
102003.619140625
101959.2578125
101913.6435546875
101884.03515625
101841.33349609375
101802.37744140625
101717.82421875
101675.7666015625
101628.4951171875
101593.931640625
101545.0361328125
