cost:	
975358.994140625
384995.603515625
222324.181640625
168270.751953125
130235.53466796875
112088.27001953125
102168.08447265625
95862.46215820312
91256.2509765625
87690.34375
84748.66284179688
82150.20654296875
79959.85766601562
78007.53369140625
76119.7578125
74426.85400390625
72913.85327148438
71431.66040039062
70274.93579101562
68922.36401367188
67567.57397460938
66431.97192382812
65115.77685546875
64065.82373046875
62964.4521484375
61903.2666015625
60929.159423828125
59983.715087890625
59061.501708984375
58131.103759765625
57226.15234375
56397.683349609375
55500.072509765625
54702.46142578125
53897.58837890625
53157.36767578125
52400.343017578125
51650.135498046875
50937.43896484375
50239.418701171875
49536.02490234375
48868.8623046875
48224.53515625
47557.13952636719
46962.520263671875
46317.582763671875
45786.599609375
45188.68493652344
44594.59521484375
44040.702392578125
43482.488525390625
42918.11669921875
42447.81115722656
41948.43884277344
41440.031494140625
40933.228271484375
40424.32019042969
39999.09631347656
39488.88488769531
39076.23046875
38631.81042480469
38192.93835449219
37789.95861816406
37331.928955078125
36969.07751464844
36538.54943847656
36169.21594238281
35771.90197753906
35389.82763671875
35074.43005371094
34778.10290527344
34407.581787109375
34029.83435058594
33779.06787109375
33420.1298828125
33157.211669921875
32789.5947265625
32352.160278320312
32137.727294921875
31799.75537109375
31530.782592773438
31186.911743164062
30869.150756835938
30580.965209960938
30289.5654296875
30041.985961914062
29770.38134765625
29507.829956054688
29238.773559570312
28974.797607421875
28752.378784179688
28498.892333984375
28271.332397460938
28013.867309570312
27808.7998046875
27613.599609375
27418.358154296875
27203.203125
27028.09375
26871.885131835938
26689.418823242188
26527.170288085938
26269.73974609375
26003.622192382812
25807.101684570312
25601.125
25435.108276367188
25258.609985351562
25054.14794921875
24893.574462890625
24753.49462890625
24594.601928710938
24483.517456054688
24401.490844726562
24376.4189453125
24279.480834960938
24056.01776123047
24220.196838378906
24044.937133789062
23750.75860595703
23544.143432617188
23358.68994140625
23159.0087890625
23097.287353515625
22968.872924804688
22837.213989257812
22742.58642578125
22517.359741210938
22313.292602539062
22281.046447753906
22165.248901367188
22125.916625976562
21996.766235351562
21865.855712890625
21799.433532714844
21624.103881835938
21469.39013671875
21302.65869140625
21153.614868164062
21046.290893554688
21075.924438476562
20974.995361328125
20822.38201904297
20771.9716796875
20689.412353515625
20555.455688476562
20483.381286621094
20303.131103515625
20072.234497070312
19918.236450195312
19812.721435546875
19704.534240722656
19581.163696289062
19478.805603027344
19384.241638183594
19326.223083496094
19209.04571533203
19113.276000976562
19032.34393310547
18946.009155273438
18846.35919189453
18760.59423828125
18697.500915527344
18635.442810058594
18569.468139648438
18508.19580078125
18448.459594726562
18388.40704345703
18353.201538085938
18305.356323242188
18237.225524902344
18161.549743652344
18081.004150390625
18045.4248046875
18049.534423828125
18000.046936035156
17979.918090820312
17977.806213378906
17779.61932373047
17705.343872070312
17592.41571044922
17507.540588378906
17510.09637451172
17640.572875976562
17918.84112548828
18088.60137939453
17800.016723632812
17984.7080078125
17539.40252685547
17699.816955566406
17692.823791503906
17451.464477539062
17032.428833007812
16817.57861328125
16915.68377685547
16757.176696777344
16586.037658691406
16516.63934326172
16349.603698730469
16306.554443359375
16158.963317871094
16088.902160644531
15984.574768066406
15929.628967285156
15869.679626464844
15814.074096679688
15747.203369140625
15678.243835449219
15610.291564941406
15554.375183105469
15529.879760742188
15551.414367675781
15472.015869140625
15428.564453125
15391.380187988281
15367.657409667969
15307.159729003906
15368.8369140625
15462.540893554688
15448.044494628906
15370.158813476562
15306.6953125
15286.940368652344
15284.092224121094
15252.852844238281
15367.685974121094
15408.44189453125
15230.353637695312
15122.815185546875
14942.118774414062
14863.207702636719
14780.511108398438
14659.893981933594
14615.576843261719
14534.212280273438
14519.970397949219
14456.233276367188
14375.6513671875
14309.140991210938
14255.727966308594
14200.367218017578
14160.62109375
14101.831726074219
14108.33251953125
14132.584777832031
14086.844116210938
14089.609008789062
14066.159484863281
13971.347595214844
13908.880981445312
13914.923217773438
13925.436889648438
13820.426208496094
13833.190795898438
13728.441162109375
13692.522705078125
13689.500793457031
13636.396911621094
13567.276489257812
13561.582763671875
13498.921264648438
13580.717590332031
13582.746948242188
13554.421081542969
13477.10205078125
13528.88232421875
13554.886840820312
13480.404724121094
13551.216735839844
13702.463012695312
13648.736938476562
13414.967163085938
13427.365966796875
13436.066650390625
13309.785522460938
13327.715759277344
13212.619995117188
13294.604858398438
13178.612365722656
13405.220336914062
13483.622192382812
13604.798217773438
13542.35986328125
13319.343994140625
13070.195068359375
12955.187408447266
12899.125793457031
12890.778625488281
12870.004943847656
12789.476135253906
12831.48583984375
12748.781555175781
12798.608154296875
12628.934143066406
12632.695373535156
12552.588195800781
12490.029541015625
12489.384155273438
12390.750366210938
12395.185119628906
12381.9033203125
12244.138061523438
12203.421081542969
12110.147735595703
12099.583892822266
12070.46841430664
12042.136169433594
11976.990356445312
11988.314575195312
11972.090515136719
11998.411254882812
11987.65771484375
11915.58901977539
11824.074981689453
11760.016967773438
11698.666198730469
11639.623779296875
11652.2578125
11679.649963378906
11690.770294189453
11735.567016601562
11655.5966796875
11591.363464355469
11612.501831054688
11628.457641601562
11637.150146484375
11645.886962890625
11603.908081054688
11654.166198730469
11818.094482421875
11884.805969238281
12106.339782714844
12182.222290039062
11825.303009033203
11715.6474609375
11660.525695800781
11590.074157714844
11844.872619628906
11799.537414550781
11756.779113769531
11718.640380859375
11507.456176757812
11660.23779296875
11632.20278930664
11520.989196777344
11324.8916015625
11154.102661132812
11067.842071533203
10988.374328613281
10972.762634277344
10942.984069824219
10871.47802734375
10812.999725341797
10781.434143066406
10768.90283203125
10712.135803222656
10716.52017211914
10650.330322265625
10652.722259521484
10611.956726074219
10569.578491210938
10555.233093261719
10549.19204711914
10512.32275390625
10467.12045288086
10466.177673339844
10466.613403320312
10441.300415039062
10380.546752929688
10383.251861572266
10421.655883789062
10476.570892333984
10578.079711914062
10814.772491455078
11135.652526855469
11396.736145019531
11553.926177978516
11831.575805664062
11635.261596679688
11433.37841796875
11326.538146972656
11183.879760742188
10965.678771972656
10883.295654296875
10804.160522460938
10628.171203613281
10503.142700195312
10400.215942382812
10231.36001586914
10193.015502929688
10168.714080810547
10085.259063720703
10127.477355957031
10090.181091308594
10026.901245117188
9979.578582763672
9985.535552978516
9903.682250976562
9926.72640991211
9917.681060791016
