cost:	
615926.07421875
175306.076171875
110507.58056640625
102208.76513671875
94025.12255859375
90963.205078125
88890.08666992188
87683.1142578125
86166.12890625
84707.9462890625
83258.2587890625
81709.91674804688
79851.78784179688
78149.1083984375
76405.69360351562
74487.064453125
72710.85034179688
70908.87426757812
69035.57373046875
67354.1298828125
65526.40966796875
63906.635498046875
62389.49462890625
60501.066162109375
58840.344482421875
57361.867431640625
55779.873779296875
54276.305908203125
52638.86328125
51055.56384277344
49420.189453125
47971.6923828125
46491.594970703125
45093.38525390625
43582.502685546875
42235.94677734375
40775.54345703125
39458.17370605469
38182.38171386719
36808.638427734375
35503.75207519531
34230.62243652344
32964.82214355469
31795.760986328125
30551.232666015625
29390.375
28235.081787109375
27139.409790039062
26105.209228515625
25024.532592773438
23971.064697265625
23034.854064941406
22086.68328857422
21251.585510253906
20339.925659179688
19507.174682617188
18698.449462890625
17919.326721191406
17194.02764892578
16471.349548339844
15799.920288085938
15109.016479492188
14489.885681152344
13881.67431640625
13322.480773925781
12742.412963867188
12215.421691894531
11665.712829589844
11182.419189453125
10683.45132446289
10216.219604492188
9803.652130126953
9359.371398925781
8979.486633300781
8598.724670410156
8214.607604980469
7847.258819580078
7509.136260986328
7192.759582519531
6888.121185302734
6598.134552001953
6312.489044189453
6048.771179199219
5790.130462646484
5545.108062744141
5315.037353515625
5077.994232177734
4868.114959716797
4653.493804931641
4470.299331665039
4285.996917724609
4100.755447387695
3936.694808959961
3784.5603790283203
3632.9557495117188
3485.5418548583984
3331.1683654785156
3197.4969482421875
3053.8200073242188
2935.050262451172
2823.1956939697266
2712.855453491211
2606.396453857422
2514.5467987060547
2419.6611328125
2342.3124084472656
2239.841064453125
2146.499755859375
2067.9783630371094
1991.2588500976562
1916.6123733520508
1857.8605499267578
1785.3002166748047
1730.4113998413086
1673.0548400878906
1614.5875854492188
1568.542236328125
1516.9944763183594
1461.6738204956055
1405.4134826660156
1353.2901077270508
1310.852882385254
1273.362979888916
1227.504638671875
1183.568458557129
1150.2423515319824
1109.5881576538086
1096.187355041504
1046.050636291504
1010.9303665161133
978.9163513183594
955.5113792419434
929.606315612793
913.9638900756836
898.140998840332
885.1287879943848
846.530891418457
816.6119232177734
797.702033996582
775.7945671081543
765.4597396850586
747.4103546142578
707.2150802612305
697.4210433959961
669.7484893798828
660.5586090087891
645.6636276245117
638.5076026916504
617.4483604431152
607.9274253845215
595.2454223632812
591.007942199707
581.2850799560547
564.2754516601562
544.4924697875977
533.7375144958496
525.0449752807617
510.3136100769043
502.2924919128418
489.0689277648926
480.0245895385742
477.5427894592285
470.7093963623047
465.0531539916992
462.123348236084
461.61698150634766
452.8505096435547
451.89799308776855
439.58492279052734
431.96524810791016
423.1474838256836
418.89848709106445
413.8520927429199
404.97855949401855
408.4999465942383
412.8616943359375
416.2346534729004
407.0260353088379
397.3880786895752
397.7919044494629
414.1450996398926
398.3002128601074
421.01595306396484
404.94921112060547
411.8771781921387
423.5176887512207
422.12662506103516
449.9224166870117
405.3500289916992
428.5018310546875
392.5891227722168
376.9742069244385
386.72795486450195
400.21691513061523
434.77259063720703
435.25783348083496
436.22580337524414
416.29382705688477
413.7782440185547
405.27001571655273
391.3022689819336
383.9639892578125
383.82093811035156
393.7366542816162
375.4823474884033
393.8398036956787
383.6698741912842
347.73901748657227
369.99665451049805
336.3235511779785
343.2490692138672
324.14366149902344
324.5640678405762
346.83773612976074
328.6167335510254
341.8332271575928
330.14802742004395
328.6444396972656
326.85803604125977
321.5411319732666
323.27562713623047
335.8940773010254
356.9177017211914
357.47114753723145
435.1006393432617
499.2671890258789
477.09586334228516
449.93938064575195
447.68807220458984
409.09021377563477
393.0244598388672
350.492826461792
355.0189971923828
353.64374923706055
353.7676086425781
353.29293060302734
375.35729789733887
361.41339111328125
347.95954513549805
352.91567039489746
353.22572135925293
358.5573425292969
355.0127773284912
374.55555725097656
395.36851501464844
399.8338966369629
393.9588031768799
395.6433639526367
380.82272148132324
386.63587188720703
395.22492599487305
395.62036514282227
384.98644256591797
372.043664932251
364.8025550842285
419.6278610229492
388.0191879272461
407.96807861328125
394.08042907714844
399.2429084777832
442.63977432250977
425.4794273376465
398.3015327453613
367.70262145996094
346.79109954833984
337.66296768188477
339.6662654876709
346.6378860473633
363.2563285827637
385.7976932525635
407.81316566467285
403.55062103271484
403.0539016723633
373.934326171875
335.47496032714844
321.3632984161377
305.54272270202637
306.42399406433105
313.1232261657715
289.6709403991699
332.3318901062012
322.7545757293701
290.64334869384766
305.9402618408203
284.7749786376953
309.2172431945801
288.5822296142578
302.8882427215576
289.2522945404053
276.5479621887207
264.4881229400635
265.07355308532715
273.31210136413574
264.40965843200684
261.11337089538574
266.8428363800049
277.21618461608887
273.08492851257324
275.18092346191406
271.8610191345215
265.7385940551758
265.6747512817383
261.3928565979004
258.05219650268555
261.70015144348145
270.9444751739502
270.30623054504395
267.32629013061523
265.4838581085205
267.9570198059082
270.1326541900635
284.5783920288086
278.7212619781494
277.56214904785156
282.37514877319336
290.3783702850342
293.3509693145752
303.3887939453125
308.01965522766113
340.48664474487305
332.7384433746338
359.3257884979248
366.3383369445801
388.69542694091797
397.66009521484375
393.82261657714844
394.8804359436035
416.2046527862549
439.63073348999023
494.5718994140625
509.87744522094727
500.3981628417969
491.94861221313477
510.4094543457031
515.8321876525879
491.41927337646484
467.57873153686523
442.7098579406738
405.4580326080322
390.73748207092285
366.1895294189453
347.22426414489746
349.7728157043457
335.3357696533203
322.65111541748047
322.21475410461426
330.76719665527344
343.97547149658203
347.7351379394531
334.8085136413574
328.7908248901367
325.4835720062256
324.77591133117676
318.51672744750977
307.5233554840088
286.6856288909912
277.9986209869385
278.4039821624756
285.3716850280762
282.06671714782715
276.9922733306885
270.680025100708
275.0455665588379
265.07641792297363
252.65312385559082
253.8764877319336
250.9456386566162
258.36181831359863
270.04205894470215
249.75036239624023
241.39941787719727
239.82464981079102
238.5718116760254
242.05131721496582
250.36667442321777
251.88117599487305
267.1052589416504
269.284761428833
269.0243606567383
280.2645149230957
326.94392585754395
363.55780029296875
360.50760650634766
373.80982208251953
360.9174041748047
362.31496810913086
364.94736099243164
352.57539558410645
370.00225830078125
366.6835136413574
385.8328971862793
386.4806480407715
384.484956741333
434.808162689209
466.0638999938965
460.0172424316406
530.734130859375
514.4154243469238
488.6968421936035
494.3476104736328
