cost:	
1210584.7890625
1083386.19921875
948865.4453125
829404.328125
724394.66015625
632759.5234375
551981.71484375
482059.541015625
421322.08984375
368892.142578125
324083.927734375
286057.34375
253142.541015625
225798.78271484375
202060.6044921875
182658.380859375
166375.7802734375
152561.47998046875
141554.15087890625
132211.52783203125
124703.75830078125
118443.54638671875
113476.08056640625
109388.15087890625
106177.88720703125
103533.7216796875
101442.63525390625
99832.78076171875
98513.16015625
97429.5966796875
96637.64501953125
95994.03955078125
95487.79296875
95070.0771484375
94769.21142578125
94520.9306640625
94335.0908203125
94186.19921875
94063.609375
93961.48583984375
93894.900390625
93822.61450195312
93786.22924804688
93735.34228515625
93708.447265625
93677.20483398438
93649.33740234375
93631.92138671875
93622.80712890625
93601.9462890625
93579.904296875
93572.71875
93559.451171875
93556.16455078125
93535.1787109375
93527.0517578125
93520.69287109375
93508.98461914062
93506.62890625
93495.95751953125
93482.03002929688
93480.21240234375
93472.36083984375
93466.84326171875
93463.169921875
93447.63134765625
93444.9755859375
93436.11547851562
93422.89672851562
93425.57958984375
93410.3203125
93406.978515625
93390.19287109375
93380.55322265625
93375.72802734375
93346.87939453125
93330.1015625
93316.48779296875
93306.640625
93305.2314453125
93287.82958984375
93273.859375
93262.4462890625
93243.46044921875
93219.70166015625
93207.53125
93187.10424804688
93173.94677734375
93149.9345703125
93128.640625
93102.11572265625
93051.93139648438
92943.7314453125
92483.94580078125
92119.03662109375
91689.98974609375
91470.17919921875
91196.89086914062
91028.97094726562
90858.515625
90684.48291015625
90546.50659179688
90398.1962890625
90285.28662109375
90174.982421875
90020.26806640625
89669.6337890625
89442.54248046875
88782.27880859375
88506.53955078125
88213.57104492188
87993.97802734375
87756.22900390625
87390.9775390625
87205.74072265625
87056.49609375
86897.52612304688
86766.0634765625
86605.27734375
86492.26318359375
86390.77294921875
86283.36987304688
86200.09814453125
86111.6025390625
86019.85424804688
85934.36987304688
85854.9609375
85772.03540039062
85686.65771484375
85591.29541015625
85515.56640625
85416.39013671875
85350.20068359375
85278.0302734375
85210.580078125
85154.16235351562
85103.40869140625
85031.96142578125
84973.5625
84908.65380859375
84847.39111328125
84740.71655273438
84630.58154296875
84470.4892578125
84385.98974609375
84307.64575195312
84254.74609375
84179.24072265625
84109.81591796875
84029.91723632812
83935.00341796875
83855.5380859375
83790.06665039062
83699.63330078125
83642.9765625
83589.08129882812
83442.1171875
83374.28588867188
83325.68579101562
83275.03588867188
83226.56396484375
83184.06103515625
83128.8994140625
83085.12939453125
83046.55908203125
83002.142578125
82955.5947265625
82913.65844726562
82875.7060546875
82824.25903320312
82775.43896484375
82731.31030273438
82689.0986328125
82655.39111328125
82578.34790039062
82514.08203125
82447.67114257812
82386.06005859375
82338.77807617188
82272.58178710938
82193.3916015625
82148.8857421875
82087.24169921875
81932.76171875
81865.22583007812
81834.615234375
81780.0498046875
81722.16015625
81663.224609375
81625.2412109375
81580.01147460938
81535.05126953125
81489.29711914062
81445.99267578125
81401.37524414062
81359.0986328125
81315.2451171875
81263.90380859375
81220.29248046875
81172.3271484375
81120.466796875
81080.82104492188
81041.90283203125
80996.14282226562
80953.04541015625
80911.55395507812
80865.02099609375
80819.85986328125
80779.29565429688
80742.69897460938
80698.0234375
80656.3935546875
80555.16674804688
80486.59716796875
80426.71899414062
80375.04931640625
80329.37817382812
80286.03637695312
80239.146484375
80185.8603515625
80028.25048828125
79981.1611328125
79936.15869140625
79897.68310546875
79847.90625
79793.99926757812
79747.29150390625
79697.37353515625
79656.41845703125
79608.39306640625
79568.26513671875
79520.55395507812
79478.68359375
79435.90966796875
79339.61474609375
79277.31982421875
79238.31640625
79195.31787109375
79146.67456054688
79104.60107421875
79053.92065429688
79019.1845703125
78977.54467773438
78937.79541015625
78901.322265625
78856.3427734375
78825.53955078125
78791.87426757812
78747.931640625
78713.83447265625
78666.56298828125
78614.58666992188
78586.0146484375
78541.13427734375
78500.74145507812
78448.21728515625
78392.10717773438
78343.2158203125
78300.748046875
78247.24243164062
78203.4091796875
78101.2900390625
78056.08813476562
78022.21826171875
77973.00048828125
77895.68676757812
77860.5361328125
77773.39526367188
77717.3408203125
77671.58154296875
77631.3037109375
77584.390625
77537.81127929688
77467.021484375
77421.29370117188
77363.43286132812
77308.4296875
77257.7275390625
77197.28466796875
77160.28466796875
77121.7392578125
77092.345703125
77057.01635742188
77010.81103515625
76928.0302734375
76880.05517578125
76848.203125
76795.4287109375
76743.7255859375
76703.517578125
76654.14672851562
76602.83349609375
76577.13793945312
76510.0947265625
76462.32275390625
76415.50122070312
76385.65063476562
76340.958984375
76258.57958984375
76184.4248046875
76151.9130859375
76091.501953125
76032.14575195312
75976.96313476562
75924.29833984375
75874.12939453125
75832.86767578125
75784.8212890625
75740.31420898438
75718.255859375
75668.3232421875
75625.47802734375
75562.54516601562
75500.86572265625
75485.95678710938
75429.76318359375
75377.564453125
75312.51000976562
75268.5498046875
75224.501953125
75182.4716796875
75141.83764648438
75090.80224609375
75044.52221679688
74994.7734375
74950.65014648438
74894.33374023438
74857.13623046875
74814.97900390625
74777.88134765625
74730.58032226562
74682.7265625
74630.3056640625
74564.91186523438
74522.42626953125
74473.59814453125
74430.69555664062
74387.6650390625
74337.4345703125
74292.11865234375
74266.7734375
74216.39453125
74156.685546875
74112.09814453125
74052.7275390625
74006.822265625
73959.18701171875
73897.05053710938
73855.01147460938
73809.56420898438
73765.64013671875
73721.56640625
73675.2001953125
73647.19091796875
73585.57666015625
73538.76611328125
73483.94116210938
73439.16455078125
73401.201171875
73353.98120117188
73301.72607421875
73264.86059570312
73218.13037109375
73172.47412109375
73135.703125
73093.72802734375
73064.6328125
73028.01782226562
72983.56982421875
72927.87353515625
72910.56494140625
72879.724609375
72822.94384765625
72841.19189453125
72769.556640625
72746.6767578125
72724.28344726562
72650.06713867188
72588.48413085938
72538.17724609375
72499.53393554688
72464.16162109375
72425.81005859375
72383.92578125
72352.794921875
72317.19995117188
72277.6201171875
72223.72729492188
72184.76416015625
72136.43041992188
72092.06176757812
72077.494140625
72044.50830078125
72004.25732421875
71985.49096679688
71946.15649414062
71970.1572265625
71896.55126953125
71848.32763671875
71788.4306640625
