cost:	
783765.794921875
692649.0390625
690869.259765625
690719.888671875
690686.921875
690675.642578125
690670.5078125
690667.68359375
690665.34375
690663.265625
690661.447265625
690659.748046875
690658.16796875
690656.666015625
690655.09375
690653.775390625
690652.45703125
690651.158203125
690649.9765625
690648.78125
690647.74609375
690646.734375
690645.7421875
690644.79296875
690643.90234375
690643.06640625
690642.234375
690641.421875
690640.732421875
690640.015625
690639.27734375
690638.640625
690638.01171875
690637.423828125
690636.83984375
690636.306640625
690635.771484375
690635.220703125
690634.7734375
690634.251953125
690633.8046875
690633.375
690632.927734375
690632.515625
690632.12890625
690631.71484375
690631.326171875
690630.96484375
690630.609375
690630.240234375
690629.9140625
690629.59375
690629.3359375
690629.03125
690628.73046875
690628.4375
690628.171875
690627.861328125
690627.640625
690627.353515625
690627.12109375
690626.830078125
690626.57421875
690626.36328125
690626.10546875
690625.9140625
690625.69921875
690625.447265625
690625.197265625
690624.984375
690624.82421875
690624.6171875
690624.40625
690624.1796875
690623.966796875
690623.83203125
690623.603515625
690623.416015625
690623.27734375
690623.046875
690622.8984375
690622.697265625
690622.517578125
690622.3125
690622.1796875
690622.013671875
690621.83203125
690621.66015625
690621.4765625
690621.33984375
690621.1875
690621.01953125
690620.861328125
690620.744140625
690620.59375
690620.41015625
690620.28125
690620.0859375
690619.931640625
690619.8125
690619.6640625
690619.55078125
690619.37890625
690619.28515625
690619.1328125
690619.01171875
690618.849609375
690618.68359375
690618.615234375
690618.4765625
690618.33984375
690618.1953125
690618.078125
690617.931640625
690617.794921875
690617.6953125
690617.5546875
690617.455078125
690617.30078125
690617.1875
690617.0546875
690616.9375
690616.8125
690616.669921875
690616.59375
690616.4375
690616.37890625
690616.20703125
690616.0625
690615.9921875
690615.861328125
690615.75
690615.6171875
690615.453125
690615.390625
690615.275390625
690615.16015625
690615.0234375
690614.953125
690614.81640625
690614.689453125
690614.580078125
690614.4453125
690614.376953125
690614.23828125
690614.109375
690614.00390625
690613.880859375
690613.7890625
690613.677734375
690613.578125
690613.447265625
690613.3515625
690613.255859375
690613.140625
690613.025390625
690612.9375
690612.83984375
690612.7265625
690612.65625
690612.51953125
690612.421875
690612.306640625
690612.20703125
690612.1015625
690611.998046875
690611.890625
690611.82421875
690611.6875
690611.59375
690611.50390625
690611.359375
690611.2421875
690611.17578125
690611.11328125
690610.962890625
690610.84375
690610.763671875
690610.671875
690610.58203125
690610.4609375
690610.34375
690610.25
690610.154296875
690610.07421875
690609.97265625
690609.8515625
690609.78125
690609.69921875
690609.56640625
690609.46484375
690609.3671875
690609.25
690609.17578125
690609.056640625
690608.970703125
690608.84375
690608.751953125
690608.671875
690608.57421875
690608.4609375
690608.369140625
690608.28515625
690608.18359375
690608.1015625
690607.98828125
690607.888671875
690607.796875
690607.67578125
690607.623046875
690607.48828125
690607.4296875
690607.33203125
690607.25390625
690607.142578125
690607.0390625
690606.98828125
690606.87109375
690606.791015625
690606.71484375
690606.6015625
690606.5
690606.4296875
690606.328125
690606.21875
690606.11328125
690606.05859375
690605.951171875
690605.8515625
690605.783203125
690605.62890625
690605.5390625
690605.458984375
690605.3359375
690605.29296875
690605.19921875
690605.109375
690604.98828125
690604.90625
690604.8359375
690604.69921875
690604.638671875
690604.541015625
690604.427734375
690604.359375
690604.22265625
690604.185546875
690604.083984375
690603.9765625
690603.87890625
690603.814453125
690603.703125
690603.59375
690603.5546875
690603.44140625
690603.361328125
690603.3125
690603.1796875
690603.060546875
690603.0234375
690602.8984375
690602.822265625
690602.759765625
690602.650390625
690602.560546875
690602.490234375
690602.41015625
690602.30078125
690602.21484375
690602.123046875
690602.017578125
690601.9609375
690601.86328125
690601.7578125
690601.6953125
690601.609375
690601.53125
690601.416015625
690601.32421875
690601.255859375
690601.208984375
690601.072265625
690600.9765625
690600.90234375
690600.869140625
690600.775390625
690600.625
690600.53125
690600.4453125
690600.388671875
690600.31640625
690600.224609375
690600.115234375
690600.0546875
690599.943359375
690599.91015625
690599.751953125
690599.71875
690599.603515625
690599.501953125
690599.46875
690599.35546875
690599.23828125
690599.203125
690599.095703125
690599.03125
690598.970703125
690598.8515625
690598.8046875
690598.6875
690598.6171875
690598.537109375
690598.447265625
690598.359375
690598.26171875
690598.201171875
690598.08203125
690598.03515625
690597.9375
690597.873046875
690597.796875
690597.671875
690597.61328125
690597.51171875
690597.45703125
690597.390625
690597.25
690597.1875
690597.1328125
690597.05078125
690596.96875
690596.87109375
690596.80078125
690596.73046875
690596.66796875
690596.578125
690596.46484375
690596.390625
690596.318359375
690596.20703125
690596.1484375
690596.06640625
690595.96484375
690595.91796875
690595.78125
690595.71484375
690595.642578125
690595.578125
690595.458984375
690595.41796875
690595.328125
690595.25
690595.1875
690595.12109375
690594.99609375
690594.984375
690594.8828125
690594.8046875
690594.73046875
690594.63671875
690594.5625
690594.455078125
690594.3984375
690594.294921875
690594.244140625
690594.173828125
690594.12109375
690594.00390625
690593.9609375
690593.8515625
690593.8125
690593.70703125
690593.63671875
690593.53515625
690593.474609375
690593.43359375
690593.34375
690593.22265625
690593.2109375
690593.091796875
690593.068359375
690592.96484375
690592.8671875
690592.837890625
690592.744140625
690592.65234375
690592.58203125
690592.521484375
690592.390625
690592.33984375
690592.244140625
690592.16796875
690592.1328125
690592.029296875
690591.98046875
690591.896484375
690591.80859375
690591.71875
690591.6640625
690591.591796875
