cost:	
1116295.0078125
423530.37109375
354907.0390625
278706.6484375
241479.314453125
214813.3359375
196475.818359375
183399.966796875
173236.2841796875
165378.8955078125
159094.083984375
153934.7490234375
149850.7197265625
145862.2802734375
142983.4345703125
140500.44140625
138250.3603515625
136150.7578125
134786.8984375
133232.0419921875
131879.974609375
131059.2412109375
130219.6201171875
129061.408203125
128536.86328125
128034.67578125
127655.46875
126807.98828125
126345.3154296875
125899.3818359375
125311.7021484375
125203.8779296875
124806.7314453125
124586.578125
124353.9609375
124210.7294921875
123764.08984375
123580.5703125
123303.39697265625
123144.33203125
123100.724609375
122727.935546875
122651.69921875
122600.6787109375
122273.00830078125
122213.689453125
122352.6591796875
122261.5771484375
122180.0244140625
121745.01953125
121402.048828125
121472.6630859375
121586.91748046875
121175.58349609375
120920.505859375
121123.482421875
121842.7275390625
121605.671875
121099.98828125
120772.09765625
120531.02490234375
120678.5732421875
120705.3154296875
120270.572265625
120558.2314453125
120167.2509765625
120136.7265625
120262.7412109375
120337.96142578125
120047.5419921875
119725.8935546875
119821.4609375
119837.3515625
119438.55859375
119318.0517578125
119424.416015625
119599.568359375
119200.24853515625
119364.51611328125
119235.193359375
118948.7158203125
119151.2294921875
119076.74658203125
119267.818359375
119068.76171875
118796.8203125
118696.1845703125
118428.8115234375
118734.45166015625
118593.314453125
118384.236328125
118739.71337890625
118393.76220703125
118150.5537109375
118022.298828125
118073.4892578125
118053.2080078125
117926.4443359375
117806.6904296875
117747.21728515625
117738.3115234375
117568.171875
117441.14990234375
117233.357421875
117225.7080078125
117424.3642578125
117160.59375
117258.1474609375
117503.33349609375
117019.923828125
116905.52685546875
116884.0419921875
116726.7080078125
116677.0478515625
116905.17578125
116944.9443359375
116676.498046875
116324.8994140625
116559.3828125
116251.9892578125
116171.0146484375
116233.37353515625
115857.1845703125
116061.615234375
116314.99365234375
116123.8125
115806.1904296875
116052.099609375
115999.6533203125
115573.125
115804.748046875
115423.1494140625
115410.96337890625
115332.9599609375
115583.9365234375
115284.708984375
115088.7958984375
115358.06982421875
115311.638671875
115218.302734375
115092.701171875
115296.306640625
114992.8173828125
115114.650390625
114712.248046875
114827.841796875
114762.619140625
114687.26318359375
114433.07177734375
114398.5380859375
114326.9521484375
114248.6533203125
114050.36328125
114509.64208984375
114826.8095703125
114061.13671875
113916.53515625
114195.4140625
114060.4580078125
113821.013671875
113658.5322265625
113769.2744140625
113780.98046875
113700.1640625
113600.7822265625
113556.15087890625
113568.20458984375
113445.478515625
113221.818359375
113523.884765625
113343.8408203125
113066.95068359375
113370.48828125
113076.0830078125
113157.9453125
113429.97705078125
112920.08251953125
112898.16015625
112733.380859375
112891.04150390625
113048.6064453125
112655.3486328125
112573.92529296875
112774.029296875
112756.537109375
112436.1259765625
112430.6328125
112407.8759765625
112360.4755859375
112474.51904296875
112699.1650390625
112500.27001953125
112335.76708984375
112302.4658203125
112277.625
112741.1240234375
112429.7802734375
112159.4443359375
112635.2041015625
112089.052734375
111806.6875
111656.9990234375
111951.3203125
111615.4619140625
111900.314453125
111872.92626953125
112318.1181640625
111725.82666015625
111220.9296875
111207.87744140625
111153.3427734375
111423.6875
111240.1005859375
111330.08984375
111031.0830078125
111074.0849609375
110957.763671875
110811.44140625
110888.1630859375
110853.88037109375
111122.0380859375
110892.0888671875
110890.4482421875
110590.38427734375
110773.9111328125
110612.81005859375
110676.96044921875
110939.9248046875
110769.916015625
110433.0673828125
110582.0771484375
110546.474609375
110236.73046875
110184.9560546875
110897.1474609375
111177.7861328125
111155.8427734375
110675.5546875
110539.0361328125
110435.6015625
110131.53076171875
109974.009765625
109980.00634765625
109894.8193359375
110049.6630859375
110134.865234375
109813.3623046875
110350.7900390625
110029.9638671875
109675.83544921875
109817.0703125
109668.3935546875
109588.7255859375
109684.048828125
109631.30126953125
109702.16943359375
109729.619140625
109393.90869140625
109277.3056640625
109080.64453125
109354.2314453125
109233.435546875
109353.4736328125
109026.37109375
109345.7333984375
109226.8818359375
109188.87255859375
109340.1845703125
109293.8251953125
108917.2939453125
109177.96533203125
108891.078125
108911.8037109375
108927.9130859375
108745.42822265625
108696.8876953125
109091.6279296875
109226.9443359375
109157.54931640625
108660.251953125
108682.619140625
108682.5927734375
108704.82958984375
108732.7919921875
109012.546875
108950.4873046875
108807.20947265625
108761.67236328125
109032.796875
108659.36279296875
108399.57958984375
108377.8857421875
108515.9619140625
108100.1640625
108109.0673828125
108295.0126953125
107991.693359375
108213.05517578125
108137.67333984375
108193.8271484375
108099.5791015625
107987.9755859375
107863.908203125
107857.6455078125
107783.65234375
107735.7734375
107592.2939453125
107786.24072265625
107692.3115234375
107709.6416015625
107551.2138671875
107949.314453125
107519.779296875
107951.033203125
107746.759765625
107600.0244140625
107652.44580078125
107428.89404296875
107666.61669921875
107688.08251953125
107393.4111328125
107272.224609375
107242.3427734375
107404.58837890625
107440.78173828125
107306.4130859375
107641.869140625
107764.794921875
107228.89501953125
107123.94140625
107170.455078125
107057.12109375
107110.1591796875
106949.95068359375
106873.4443359375
107159.0517578125
107105.28662109375
106753.251953125
106915.81298828125
106927.841796875
106809.69140625
106655.2900390625
106769.236328125
106632.06884765625
106779.21630859375
106804.75439453125
106739.16357421875
106878.666015625
106572.5078125
106402.05908203125
106447.1201171875
106523.802734375
106779.8701171875
106373.1875
106433.54638671875
106282.490234375
106199.9990234375
106471.6591796875
106598.6142578125
106421.63525390625
106248.62939453125
106349.94482421875
106307.5712890625
106409.69091796875
106410.93603515625
106143.6279296875
106198.0888671875
106332.0498046875
106159.369140625
106105.9287109375
105885.8974609375
106525.1103515625
106166.576171875
105915.0673828125
105815.646484375
106133.4052734375
105967.78515625
106005.353515625
105659.9697265625
105849.48681640625
105722.7294921875
105690.8662109375
105903.873046875
105952.162109375
105833.51171875
106114.056640625
105792.55126953125
105969.6162109375
105921.9814453125
105467.712890625
105637.6376953125
105616.6240234375
105810.5
106000.11181640625
105541.27587890625
105447.7333984375
105652.38720703125
105252.66455078125
105318.6328125
105450.8037109375
