cost:	
1982419.78125
975556.791015625
951704.4321289062
921785.80859375
893690.1127929688
863914.9858398438
831864.1865234375
801617.990234375
772506.4609375
743765.212890625
716773.5317382812
690006.9819335938
663417.6875
636463.2646484375
612980.8759765625
591375.7924804688
572248.2299804688
552918.5895996094
531669.3239746094
508313.48291015625
489368.6330566406
474652.134765625
458615.7451171875
442314.00634765625
428613.69921875
416924.1667480469
406283.14501953125
398176.37353515625
385896.95947265625
376276.91455078125
367582.7668457031
360880.0124511719
353432.9875488281
346599.98974609375
340036.1242675781
335281.59033203125
330518.22021484375
326614.91064453125
321582.9404296875
317333.5202636719
313243.603515625
310280.8425292969
308030.8991699219
306087.81640625
302472.63427734375
297612.9541015625
294017.8132324219
293650.3317871094
292963.2380371094
294551.0026855469
289564.2199707031
283984.69384765625
280499.0485839844
278631.7370605469
277902.8388671875
277883.03955078125
276985.03662109375
278227.30712890625
280350.3688964844
277046.3273925781
273687.5729980469
271806.3005371094
269606.34228515625
268645.7529296875
268624.7092285156
268835.60595703125
267662.0739746094
266819.16064453125
266301.62451171875
266685.86181640625
266564.51025390625
265925.0588378906
265316.86083984375
263883.8830566406
263380.6198730469
264236.0285644531
264161.27490234375
263337.0725097656
262528.7478027344
261812.32568359375
262875.8828125
261630.365234375
259511.5
258041.89965820312
257402.69091796875
258719.28076171875
258367.55517578125
259623.77270507812
258846.08325195312
259729.73193359375
262935.07177734375
265774.57275390625
263443.8522949219
257180.78173828125
253598.21875
252403.54809570312
251922.81372070312
252500.70166015625
254409.05639648438
254838.57592773438
252608.84252929688
251577.13671875
251071.15478515625
251894.95483398438
252308.2666015625
252363.45703125
253782.13427734375
253946.49853515625
251961.95043945312
250927.5947265625
250492.07495117188
250165.43237304688
250016.76489257812
249665.5966796875
248969.353515625
249559.81713867188
250750.73510742188
250837.47119140625
249954.02319335938
250632.45727539062
250158.501953125
249581.87255859375
248981.04077148438
249008.80346679688
248255.20629882812
248784.56909179688
253537.28637695312
254537.06518554688
251418.33520507812
248413.83911132812
246353.02368164062
245283.4736328125
245475.96826171875
246250.65673828125
246787.4306640625
246780.40454101562
247673.59936523438
247760.95263671875
246450.09692382812
247241.42016601562
247342.04077148438
248497.99438476562
248254.67504882812
251080.95239257812
251633.46264648438
248040.6533203125
245132.13989257812
244105.0771484375
244888.6923828125
245715.1572265625
245414.71508789062
244752.0732421875
243401.24731445312
243169.26342773438
242835.35546875
243209.306640625
244266.14575195312
245131.72143554688
244739.76782226562
245105.62329101562
244997.51708984375
243347.71899414062
243032.74829101562
242156.31762695312
242344.87548828125
242844.21948242188
243195.4599609375
244490.84643554688
244284.09228515625
245097.43432617188
243995.64697265625
243470.6640625
242325.26318359375
241032.97045898438
241855.64379882812
242665.32958984375
244101.2734375
245402.75952148438
243691.21044921875
242546.09350585938
241549.98852539062
241036.87963867188
240638.17797851562
241233.06787109375
242526.8271484375
245161.93530273438
245358.19409179688
244594.8154296875
243559.69848632812
243572.74877929688
243134.90844726562
242566.19384765625
241224.73974609375
240151.19848632812
239690.33447265625
241571.15795898438
244053.87353515625
246008.51953125
243562.35986328125
242177.49853515625
238946.45776367188
237539.34741210938
236655.9736328125
236889.26977539062
237248.6845703125
238004.40185546875
238903.14477539062
240662.38989257812
240860.62182617188
241435.64526367188
240694.44604492188
239215.06372070312
237869.35131835938
237516.91284179688
238016.13159179688
237757.88671875
238504.92431640625
239448.48876953125
239258.91333007812
239149.68872070312
239100.30322265625
238781.4072265625
238597.06225585938
238875.16040039062
238486.68041992188
239398.69482421875
239855.99975585938
239771.04272460938
239728.58251953125
239970.6064453125
239484.1806640625
238489.02587890625
237683.53295898438
237686.5322265625
237848.30639648438
237745.2138671875
237390.11865234375
237391.38159179688
238065.81640625
238044.4580078125
238362.66918945312
238048.69873046875
237882.25244140625
239041.98168945312
239546.6396484375
240656.84204101562
238731.01538085938
237558.875
236500.77734375
235854.98608398438
235370.19750976562
235699.68237304688
235631.83813476562
235470.96264648438
236034.23413085938
236069.15356445312
237095.96557617188
237034.42993164062
236299.93579101562
235683.35400390625
235000.72998046875
236772.78051757812
236893.92749023438
236474.43823242188
238088.04833984375
238903.23022460938
237186.54125976562
237000.40625
237066.68286132812
235429.71166992188
234351.46020507812
235244.1923828125
234748.89111328125
235202.76831054688
236095.83129882812
235577.36328125
235440.1669921875
234906.12939453125
234691.58032226562
235770.68115234375
236553.23559570312
236205.5361328125
235467.01513671875
235891.38134765625
237686.88598632812
237395.55859375
235428.73315429688
234391.53686523438
234124.76586914062
234798.72216796875
235559.23999023438
235476.447265625
234613.23388671875
234269.49291992188
234993.05053710938
235858.66821289062
235760.64501953125
235569.86352539062
235789.89038085938
235980.53637695312
235392.890625
234535.6123046875
233167.27709960938
232215.3935546875
231988.69995117188
232080.10791015625
233048.81616210938
233811.38671875
233581.57739257812
234132.25927734375
234443.58447265625
232902.822265625
232897.92016601562
232938.80151367188
233377.24731445312
234033.00952148438
233039.1640625
234093.3046875
234119.84448242188
232840.52270507812
232435.65942382812
232997.6728515625
233879.90673828125
234872.22924804688
234349.87084960938
233045.50073242188
231958.017578125
231697.43212890625
231532.84716796875
231471.82470703125
231767.83520507812
232729.77465820312
233054.6044921875
234372.87451171875
234873.404296875
234434.76635742188
233527.74853515625
232626.30615234375
231835.35278320312
231397.259765625
231706.37182617188
232933.3642578125
233933.91015625
234016.3671875
234569.34521484375
234210.87377929688
233500.13818359375
232264.380859375
231397.78051757812
231316.9970703125
230676.9208984375
230671.55810546875
230669.76977539062
231232.71850585938
231217.83569335938
231847.61645507812
232305.08911132812
232002.18994140625
231580.14697265625
231976.2314453125
231678.20532226562
230586.16821289062
230297.0263671875
231254.91088867188
231829.70092773438
231671.16723632812
233770.92700195312
237690.68505859375
235847.28076171875
232581.67993164062
230131.66528320312
229970.05029296875
230275.89965820312
229954.30639648438
229831.08813476562
229334.76782226562
229794.4384765625
230368.64624023438
231442.37255859375
231223.97583007812
230820.3837890625
230156.23681640625
229881.51245117188
229762.87353515625
230282.13110351562
230821.56494140625
231292.19311523438
232170.50341796875
232056.310546875
232355.96435546875
231430.38745117188
230898.21923828125
230244.7958984375
230369.50244140625
230332.82177734375
231327.4580078125
231084.0859375
230507.83935546875
230263.84936523438
231880.21948242188
