cost:	
1230464.71875
1218110.11328125
1205889.10546875
1193182.484375
1179754.6953125
1166155.42578125
1152213.2109375
1137142.2109375
1121795.93359375
1106903.0
1092954.625
1079586.51953125
1066546.2578125
1053969.8359375
1041840.203125
1029809.5859375
1018263.3828125
1006791.703125
995564.15234375
984600.55078125
973778.78125
963009.7421875
952479.01953125
942042.59765625
931709.5234375
921662.19921875
911845.091796875
901734.78515625
892002.703125
882360.75
872801.4375
863345.17578125
854102.3671875
844855.263671875
835637.2578125
826705.111328125
817752.5703125
808956.740234375
800191.05078125
791587.1875
782909.64453125
774533.50390625
766147.5234375
757825.71484375
749634.953125
741533.6171875
733480.8359375
725506.466796875
717617.77734375
709845.5
702262.4609375
694961.123046875
687637.5
680444.513671875
673311.671875
666295.59765625
659338.994140625
652362.3984375
645511.521484375
638743.8203125
631949.482421875
625420.369140625
618811.966796875
612258.97265625
605779.771484375
599339.0078125
593030.0546875
586866.158203125
580599.875
574417.7578125
568295.0390625
562283.521484375
556449.63671875
550430.767578125
544547.099609375
538757.6953125
532981.49609375
527404.978515625
521749.640625
516167.74609375
510672.125
505196.2578125
499821.404296875
494529.076171875
489174.8203125
483988.89453125
478765.828125
473664.150390625
468605.82421875
463526.205078125
458570.06640625
453630.1484375
448833.8505859375
444006.099609375
439209.5625
434488.560546875
429876.099609375
425232.984375
420684.908203125
416170.55078125
411733.00390625
407466.625
403295.482421875
399187.81640625
395003.767578125
390968.931640625
386882.056640625
382931.267578125
379008.359375
375059.0576171875
371208.71484375
367335.779296875
363592.7890625
359890.6044921875
356179.2255859375
352446.525390625
348837.0302734375
345254.609375
341699.18359375
338147.689453125
334762.890625
331290.681640625
327898.4111328125
324530.50390625
321213.1884765625
317906.455078125
314658.7177734375
311451.013671875
308297.416015625
305111.1005859375
302044.166015625
298958.48046875
295920.494140625
292888.3486328125
289941.9013671875
287010.646484375
284129.2421875
281242.1962890625
278387.0185546875
275621.0380859375
272858.5947265625
270055.642578125
267399.568359375
264731.587890625
262095.3701171875
259502.4248046875
256884.01953125
254357.22265625
251859.7548828125
249350.7802734375
246937.908203125
244634.0986328125
242314.48828125
240013.439453125
237793.57177734375
235560.5634765625
233332.9833984375
231213.9287109375
229050.2861328125
226962.4853515625
224832.734375
222755.658203125
220737.642578125
218716.310546875
216734.33154296875
214745.888671875
212794.751953125
210890.580078125
208976.8583984375
207139.890625
205233.8798828125
203414.4501953125
201656.6015625
199821.3623046875
198116.1552734375
196348.650390625
194629.3076171875
192922.5908203125
191286.01611328125
189617.759765625
187989.505859375
186393.62744140625
184806.7021484375
183231.5908203125
181696.2783203125
180155.6982421875
178674.16943359375
177177.802734375
175714.1572265625
174284.171875
172831.7919921875
171438.970703125
170064.91943359375
168703.2470703125
167320.79248046875
166006.00390625
164717.8173828125
163409.40234375
162138.50146484375
160875.6982421875
159642.85693359375
158498.14892578125
157329.453125
156184.72900390625
155061.74169921875
153943.08056640625
152853.73974609375
151761.302734375
150719.251953125
149645.4765625
148622.771484375
147601.9091796875
146610.6103515625
145600.2421875
144607.8046875
143660.56591796875
142702.43310546875
141774.32763671875
140850.869140625
139930.60791015625
139037.24169921875
138149.5078125
137280.759765625
136434.623046875
135581.6708984375
134741.6220703125
133922.466796875
133115.03125
132331.5595703125
131543.11376953125
130761.7158203125
130006.9404296875
129272.51953125
128516.93310546875
127802.79052734375
127083.95556640625
126385.1162109375
125687.74365234375
125013.22705078125
124333.88232421875
123680.32690429688
123033.7880859375
122395.24365234375
121764.22314453125
121139.9794921875
120545.8662109375
119939.9482421875
119344.88256835938
118787.20458984375
118205.69775390625
117649.74072265625
117125.51416015625
116599.80029296875
116098.61572265625
115593.82373046875
115092.81298828125
114608.29248046875
114128.0712890625
113659.9189453125
113192.96142578125
112742.49658203125
112283.11328125
111844.7080078125
111410.74072265625
110989.01318359375
110572.3828125
110150.58251953125
109737.123046875
109334.1904296875
108946.06494140625
108561.9560546875
108185.25927734375
107817.80810546875
107442.30419921875
107081.9599609375
106733.65673828125
106390.375
106054.04931640625
105710.9501953125
105389.052734375
105063.6611328125
104740.880859375
104433.7216796875
104123.26416015625
103816.19482421875
103524.93701171875
103223.1943359375
102947.5361328125
102665.349609375
102383.173828125
102116.55810546875
101857.68115234375
101587.38818359375
101332.041015625
101086.57763671875
100829.76879882812
100583.8095703125
100340.3740234375
100106.22900390625
99873.29125976562
99645.62109375
99438.26611328125
99221.15234375
99002.97802734375
98796.66943359375
98586.19677734375
98391.9345703125
98203.00732421875
98014.44091796875
97821.314453125
97639.2587890625
97461.38793945312
97289.02685546875
97115.13891601562
96944.81591796875
96785.31689453125
96628.326171875
96462.7705078125
96313.3447265625
96160.5390625
96017.01049804688
95870.60131835938
95723.30419921875
95580.97607421875
95443.84912109375
95310.85595703125
95177.28344726562
95049.283203125
94918.18603515625
94799.533203125
94680.01123046875
94556.98779296875
94439.81762695312
94327.42333984375
94209.22705078125
94105.76806640625
93995.17065429688
93881.81787109375
93764.66430664062
93660.8583984375
93560.845703125
93461.02661132812
93362.62255859375
93266.7236328125
93168.88891601562
93029.56469726562
92949.9365234375
92848.3359375
92787.0458984375
92688.23315429688
92604.556640625
92526.3798828125
92444.4697265625
92371.66845703125
92298.86181640625
92230.66625976562
92156.70556640625
92087.79418945312
92025.15625
91956.654296875
91893.11743164062
91830.97485351562
91770.88696289062
91713.0146484375
91654.91137695312
91597.03295898438
91544.69287109375
91488.04516601562
91434.98974609375
91380.13598632812
91330.9677734375
91272.90112304688
91265.78051757812
91150.44677734375
91050.15844726562
90990.65576171875
90919.92260742188
90881.2919921875
90843.5009765625
90799.5234375
90737.90747070312
90691.265625
90653.71264648438
90611.23681640625
90568.54443359375
90521.82177734375
90484.9296875
90445.2216796875
90415.58764648438
90361.50024414062
90329.9052734375
90303.12158203125
90241.81274414062
90203.03466796875
90171.529296875
90153.60278320312
90113.41650390625
90078.97998046875
90033.02319335938
90016.36352539062
