cost:	
1045309.07421875
582061.798828125
277266.1337890625
142019.87841796875
100777.9638671875
93891.5908203125
92850.4482421875
91766.07348632812
91177.328125
90857.27685546875
90731.96630859375
90652.75805664062
90602.91552734375
90570.09887695312
90537.69189453125
90496.99609375
90483.06494140625
90430.80224609375
90414.7890625
90430.25219726562
90438.5283203125
90424.64599609375
90398.26318359375
90408.46435546875
90377.408203125
90436.0380859375
90374.16064453125
90346.55981445312
90347.29077148438
90348.06396484375
90338.47021484375
90368.78857421875
90339.9296875
90239.96801757812
90249.0751953125
90270.76000976562
90311.3623046875
90244.13427734375
90223.34375
90255.60546875
90206.0546875
90163.64697265625
90193.18994140625
90264.06591796875
90131.68017578125
90183.85083007812
90177.80712890625
90138.373046875
90058.2587890625
90081.8544921875
90042.97534179688
90017.16943359375
90015.85107421875
89938.2783203125
89993.72509765625
89963.5478515625
89968.29443359375
89876.59936523438
89888.20849609375
89863.17724609375
89869.92138671875
89874.1376953125
89842.5810546875
89817.19946289062
89732.91162109375
89757.5947265625
89729.4052734375
89663.1298828125
89657.13037109375
89616.1474609375
89582.45068359375
89520.97265625
89500.56860351562
89478.0576171875
89354.56298828125
89280.35278320312
89155.45361328125
89020.54516601562
88913.06494140625
88681.15014648438
88525.509765625
88310.99609375
88094.58056640625
87980.70483398438
87830.09399414062
87650.40087890625
87489.90478515625
87292.7802734375
87080.24169921875
86914.1220703125
86624.38549804688
86265.43701171875
85984.92578125
85675.74560546875
85183.33837890625
84836.24145507812
84535.0205078125
84242.32177734375
84066.470703125
83704.6953125
83390.67919921875
83110.03930664062
82868.39599609375
82651.9873046875
82368.0087890625
82073.17065429688
81840.14990234375
81547.2607421875
81326.611328125
81048.33911132812
80778.59594726562
80580.921875
80354.1533203125
80129.2900390625
79888.5419921875
79620.2021484375
79438.34497070312
79121.76416015625
78905.68359375
78641.50317382812
78391.38354492188
78103.884765625
77863.51904296875
77567.4189453125
77289.85131835938
77033.0126953125
76828.84301757812
76579.08544921875
76315.63891601562
76075.66918945312
75830.53100585938
75564.98413085938
75338.83325195312
75115.31860351562
74867.4140625
74654.57885742188
74422.92236328125
74159.11840820312
73920.38671875
73557.85473632812
73265.6416015625
73121.59155273438
72760.13989257812
72476.3134765625
72164.35546875
71976.3056640625
71669.873046875
71384.00048828125
71110.24267578125
70811.15063476562
70503.41381835938
70237.51049804688
69971.58618164062
69701.27954101562
69452.36181640625
69171.53491210938
68912.5048828125
68629.53125
68338.65258789062
68083.61083984375
67814.10083007812
67532.85205078125
67281.46362304688
67004.02612304688
66805.8544921875
66488.4814453125
66243.89404296875
65979.94067382812
65743.18969726562
65502.262451171875
65217.546875
64921.621337890625
64708.568603515625
64404.484130859375
64145.3271484375
63898.11328125
63605.61572265625
63330.020751953125
63063.965576171875
62838.259521484375
62552.709716796875
62234.124267578125
61977.267822265625
61740.575927734375
61491.384765625
61170.775390625
60908.54931640625
60668.775146484375
60437.117919921875
60106.69287109375
59876.37158203125
59599.659423828125
59338.583740234375
59071.2666015625
58797.48828125
58544.06640625
58266.54443359375
57949.47900390625
57716.728759765625
57486.01123046875
57208.33728027344
56907.767333984375
56654.78271484375
56366.498779296875
56101.52783203125
55812.89697265625
55580.91650390625
55298.220458984375
55033.486572265625
54761.166015625
54488.765380859375
54206.54736328125
53927.69580078125
53657.99267578125
53381.770751953125
53068.590087890625
52798.25842285156
52504.48828125
52225.740234375
51926.787109375
51636.81103515625
51338.6240234375
51041.40771484375
50742.38928222656
50470.899658203125
50211.998046875
49907.687255859375
49630.71533203125
49336.32421875
49072.9970703125
48766.672607421875
48476.501953125
48225.381103515625
47945.314453125
47645.884765625
47357.34509277344
47086.6025390625
46797.33203125
46499.09521484375
46245.9453125
45965.39111328125
45674.341552734375
45409.82958984375
45115.025390625
44848.863037109375
44551.817626953125
44295.781005859375
44009.926025390625
43728.663818359375
43455.59289550781
43158.545654296875
42895.898193359375
42622.849853515625
42362.24328613281
42097.190673828125
41825.30810546875
41566.29833984375
41306.50537109375
41034.258056640625
40793.83068847656
40516.17468261719
40255.083740234375
40019.28369140625
39742.37829589844
39512.648193359375
39228.86242675781
38996.878173828125
38750.60461425781
38483.82702636719
38242.0009765625
37983.0478515625
37731.52734375
37498.418212890625
37242.202392578125
37015.96923828125
36746.20556640625
36523.10754394531
36258.979736328125
36035.699951171875
35780.033935546875
35539.291259765625
35316.205810546875
35058.81677246094
34795.29968261719
34576.93420410156
34335.79638671875
34094.218994140625
33861.94055175781
33605.63391113281
33375.43908691406
33132.64501953125
32884.79541015625
32652.129516601562
32430.018432617188
32219.772338867188
32010.088500976562
31770.4658203125
31541.558471679688
31323.159423828125
31085.361450195312
30865.6611328125
30656.528076171875
30438.443725585938
30252.323852539062
30049.270263671875
29853.938720703125
29655.961181640625
29428.351684570312
29248.3466796875
29032.0302734375
28844.262329101562
28640.57421875
28441.952758789062
28230.57684326172
28033.412231445312
27857.865478515625
27651.556274414062
27459.053100585938
27280.1552734375
27097.9697265625
26929.966674804688
26707.465759277344
26533.9970703125
26355.02001953125
26158.286254882812
25977.313720703125
25815.314575195312
25629.63250732422
25435.19256591797
25251.478149414062
25080.9287109375
24914.814880371094
24750.629760742188
24606.464294433594
24416.96337890625
24258.303649902344
24107.792724609375
23939.685913085938
23772.04443359375
23603.616088867188
23450.83056640625
23290.691528320312
23126.430541992188
23003.317260742188
22867.038024902344
22702.379638671875
22518.05633544922
22376.378173828125
22216.384155273438
22071.576782226562
