cost:	
1230443.65625
1217982.3671875
1205897.53125
1192990.12109375
1180165.7734375
1166290.828125
1152082.1796875
1136874.75
1121232.546875
1106304.6875
1091837.44140625
1077828.37890625
1064425.50390625
1051627.94140625
1039247.390625
1026969.01171875
1014895.82421875
1003257.41796875
991577.4140625
980302.0546875
969077.30859375
958135.28125
947404.8359375
936702.32421875
926280.0390625
916053.734375
905745.33203125
895793.28515625
885967.29296875
876242.8515625
866515.4453125
856890.6015625
847556.48046875
838296.796875
829066.33203125
820053.87109375
810975.51953125
802078.19921875
793372.9921875
784638.78125
776071.90625
767484.12109375
759227.810546875
750782.20703125
742559.552734375
734417.484375
726368.078125
718328.38671875
710604.173828125
702650.677734375
695120.0078125
687837.376953125
680503.201171875
673294.828125
666111.951171875
659145.927734375
652227.09765625
645320.583984375
638329.052734375
631546.9453125
624956.646484375
618227.328125
611759.998046875
605194.263671875
598808.392578125
592341.189453125
586014.1875
579817.193359375
573633.525390625
567495.4609375
561449.494140625
555395.8984375
549467.6640625
543664.162109375
537731.71875
532031.623046875
526255.638671875
520619.65234375
515074.333984375
509525.419921875
504025.287109375
498651.3515625
493227.681640625
488036.03125
482681.396484375
477513.041015625
472280.126953125
467343.595703125
462236.419921875
457238.947265625
452307.87890625
447499.466796875
442566.39453125
437815.546875
433060.4765625
428459.94140625
423822.837890625
419231.0703125
414708.1640625
410265.884765625
405844.099609375
401655.951171875
397461.294921875
393385.9423828125
389291.8671875
385288.5517578125
381273.173828125
377348.14453125
373377.068359375
369575.7041015625
365738.244140625
361909.052734375
358248.1435546875
354468.9716796875
350839.205078125
347147.560546875
343638.6064453125
340088.62109375
336538.212890625
333086.263671875
329651.5625
326274.279296875
322944.900390625
319590.0546875
316295.5224609375
313087.7265625
309861.6708984375
306713.5869140625
303525.5361328125
300443.5986328125
297372.0126953125
294355.64453125
291378.873046875
288388.2373046875
285515.5166015625
282560.5244140625
279728.5341796875
276882.2666015625
274109.2080078125
271349.1455078125
268615.44921875
265922.275390625
263257.0849609375
260629.87109375
258030.8408203125
255453.37109375
252931.8134765625
250439.0263671875
247957.17578125
245516.31640625
243111.73046875
240819.345703125
238577.2744140625
236321.7880859375
234134.6767578125
231946.21484375
229765.70703125
227644.9423828125
225543.2431640625
223450.1650390625
221384.8369140625
219383.1259765625
217351.615234375
215370.2041015625
213449.37109375
211465.6181640625
209578.865234375
207715.8037109375
205830.3427734375
203981.880859375
202174.494140625
200371.09765625
198600.4189453125
196855.0634765625
195147.6484375
193449.79052734375
191752.03125
190102.9931640625
188434.6064453125
186844.02734375
185245.1015625
183671.39453125
182118.21337890625
180580.6298828125
179082.53662109375
177581.982421875
176109.359375
174652.07763671875
173228.9052734375
171799.546875
170414.36865234375
169051.03515625
167671.46875
166356.802734375
165038.958984375
163732.82861328125
162451.0966796875
161175.8876953125
159950.4921875
158715.1376953125
157506.93896484375
156386.27490234375
155239.974609375
154133.392578125
153041.443359375
151944.9423828125
150876.06689453125
149815.216796875
148798.2568359375
147744.70263671875
146747.498046875
145752.15283203125
144768.24072265625
143816.47900390625
142825.30615234375
141921.12158203125
140977.3740234375
140077.54833984375
139156.5966796875
138286.2177734375
137403.50634765625
136541.61865234375
135709.44140625
134860.396484375
134034.40380859375
133222.9765625
132441.48876953125
131648.65966796875
130858.5888671875
130116.15380859375
129356.20166015625
128609.4462890625
127893.21337890625
127163.28564453125
126460.94921875
125767.8857421875
125077.60986328125
124411.65283203125
123747.8173828125
123096.138671875
122465.88671875
121820.68896484375
121207.51904296875
120601.20947265625
119985.240234375
119415.31787109375
118829.57177734375
118239.63232421875
117681.93017578125
117132.1748046875
116600.2880859375
116077.6259765625
115574.18505859375
115083.00341796875
114589.123046875
114104.8779296875
113631.8203125
113171.134765625
112716.30908203125
112260.67724609375
111822.3173828125
111382.98291015625
110952.1259765625
110531.263671875
110113.49658203125
109708.685546875
109305.08154296875
108904.4755859375
108527.8076171875
108147.91748046875
107770.82275390625
107403.01806640625
107043.48413085938
106687.60791015625
106331.7880859375
105991.92919921875
105649.01025390625
105316.58813476562
104991.88916015625
104672.99755859375
104351.86572265625
104043.41870117188
103742.5029296875
103434.83154296875
103151.92431640625
102865.54833984375
102579.26025390625
102299.3544921875
102027.86865234375
101758.9375
101495.71240234375
101240.57861328125
100985.24560546875
100737.8759765625
100499.31469726562
100258.29443359375
100027.28662109375
99789.41845703125
99568.05810546875
99347.236328125
99134.9443359375
98925.90673828125
98734.98168945312
98531.68798828125
98336.95703125
98152.3134765625
97961.41259765625
97784.0791015625
97597.31298828125
97429.04296875
97255.3408203125
97089.03662109375
96920.6875
96753.67626953125
96587.52905273438
96427.82763671875
96273.283203125
96121.9599609375
95976.3994140625
95829.66796875
95684.419921875
95546.888671875
95415.6669921875
95276.46313476562
95145.783203125
95018.6171875
94890.11328125
94770.61059570312
94643.9697265625
94524.6923828125
94404.1142578125
94293.98291015625
94176.9482421875
94066.69677734375
93960.3310546875
93852.87475585938
93750.36010742188
93647.04736328125
93549.7109375
93443.89453125
93305.2900390625
93227.958984375
93128.02221679688
93003.46240234375
92895.07421875
92783.849609375
92675.2021484375
92593.3662109375
92509.59375
92423.05200195312
92341.0888671875
92267.3154296875
92190.7783203125
92118.79565429688
92048.00830078125
91982.3232421875
91917.314453125
91846.21630859375
91774.44360351562
91740.9931640625
91651.80859375
91585.83227539062
91466.95263671875
91391.97412109375
91330.85107421875
91270.40063476562
91207.91162109375
91145.80615234375
91096.095703125
91037.74658203125
90978.57763671875
90906.861328125
90928.21411132812
90847.0947265625
90788.22338867188
90742.55029296875
90692.708984375
90639.7255859375
90595.6435546875
90538.04663085938
90511.56713867188
90463.21069335938
90416.52026367188
90372.10107421875
90333.00952148438
90296.3447265625
90258.45361328125
90223.90087890625
90189.03759765625
90150.5556640625
90120.18872070312
90083.36083984375
90051.97021484375
90016.78955078125
89986.43041992188
89957.79345703125
89923.650390625
89899.91259765625
89869.24951171875
89826.56884765625
