cost:	
2032859.0224609375
977012.4541015625
952917.6870117188
923839.4775390625
894747.0517578125
869171.716796875
838847.7763671875
811755.3374023438
782205.373046875
751731.0405273438
724185.5068359375
699623.30859375
674478.7241210938
648197.578125
623895.384765625
600165.427734375
577854.0219726562
557785.3039550781
537415.8271484375
518977.57958984375
505095.29150390625
484356.18359375
466580.1318359375
448823.5419921875
435649.244140625
422947.626953125
413310.95654296875
404898.56005859375
391914.2919921875
380948.404296875
371801.787109375
364195.4111328125
357543.7810058594
352378.89453125
348288.9094238281
341691.52783203125
335821.78857421875
327890.72705078125
321836.6611328125
316361.42578125
312662.265625
309766.26513671875
307395.03955078125
306332.43017578125
305497.35302734375
304707.0966796875
300139.1452636719
295388.8583984375
293986.7275390625
291558.0964355469
289256.234375
284922.64208984375
282141.2575683594
280722.08837890625
280511.00537109375
279639.07373046875
278767.0654296875
276851.60595703125
275115.63330078125
273776.71484375
275151.2229003906
277129.2861328125
276928.0576171875
272862.2502441406
270177.4841308594
267674.73046875
266912.94775390625
266515.34619140625
266237.8955078125
266916.8876953125
266998.7238769531
266680.34619140625
265568.0788574219
266294.35107421875
265450.5324707031
264722.6789550781
262170.97119140625
260988.576171875
259741.71484375
260543.01196289062
260658.5634765625
260552.48486328125
261178.59521484375
262133.16162109375
262309.822265625
263615.3098144531
261821.76513671875
258985.474609375
257332.88061523438
257145.41381835938
257718.43237304688
257031.74267578125
257122.61791992188
257424.03002929688
257037.51171875
256316.00170898438
256144.02978515625
257901.0302734375
257645.97143554688
256562.3876953125
254846.00390625
253080.59521484375
251316.5380859375
250833.77954101562
250661.03125
252257.53442382812
258875.07250976562
258971.05541992188
254375.54150390625
251164.72607421875
249084.21606445312
249367.59643554688
249666.05200195312
249807.71118164062
251640.1298828125
252937.16162109375
252828.28735351562
250699.36499023438
248756.17358398438
248431.64331054688
248172.81030273438
247897.19213867188
249421.58618164062
250956.40380859375
249824.5576171875
249219.10693359375
250000.7412109375
249135.16235351562
248530.46166992188
249265.42846679688
248216.68408203125
247877.97045898438
247723.1708984375
248328.3154296875
248466.53515625
248319.0439453125
249213.6982421875
248876.0166015625
247630.25024414062
248839.82861328125
251030.05541992188
249430.80590820312
247194.5625
245567.22509765625
245335.22631835938
245059.0234375
245077.4970703125
245288.36889648438
245811.63623046875
247844.19580078125
246246.00805664062
244665.32470703125
243531.67602539062
243912.52416992188
245588.52880859375
245442.91918945312
244489.1123046875
243219.20336914062
242868.9052734375
242554.8095703125
243619.62768554688
243497.21899414062
244896.91040039062
245320.92626953125
244734.71362304688
245011.63403320312
244790.80712890625
243465.849609375
243189.66748046875
243862.71313476562
242832.41552734375
241940.96557617188
241583.84301757812
242577.8603515625
242406.240234375
243434.94970703125
244493.53857421875
244781.92504882812
244595.67553710938
244072.9765625
242622.08325195312
242347.29907226562
242141.99584960938
242631.77172851562
242130.12622070312
242269.669921875
243360.29174804688
243901.31396484375
243124.65893554688
241967.01782226562
243743.7568359375
244229.34228515625
242727.28515625
242143.56469726562
241496.10522460938
241114.1220703125
240789.1630859375
240420.484375
240234.61328125
240211.2138671875
239247.67529296875
238424.59619140625
239243.50927734375
239520.91088867188
239135.79833984375
238849.607421875
238642.87670898438
239114.72827148438
239932.55419921875
240042.27075195312
240343.859375
240171.4267578125
239196.30395507812
238371.6513671875
239530.677734375
240255.30444335938
240820.3115234375
241184.67724609375
242347.98120117188
240789.89233398438
238700.4248046875
237120.89526367188
237127.07543945312
237476.53076171875
238432.81860351562
238884.15380859375
238931.97631835938
239374.9970703125
238727.35131835938
237769.6455078125
237444.9560546875
237489.6865234375
237815.76806640625
237744.61059570312
237927.7568359375
238797.98754882812
238316.14721679688
238736.48217773438
238430.24682617188
239355.15209960938
240572.83569335938
240068.55029296875
240321.82592773438
240411.52563476562
238684.90600585938
237698.5869140625
239557.37573242188
238450.97875976562
237443.556640625
237148.62036132812
236210.76098632812
235818.21899414062
235513.02124023438
235500.1748046875
235334.20483398438
236236.021484375
237398.35278320312
236822.494140625
235752.6376953125
235141.93896484375
235292.44189453125
235121.18994140625
235716.92456054688
235953.978515625
236228.02880859375
236122.14599609375
237675.43139648438
236494.63208007812
236131.38623046875
235632.77880859375
236179.38330078125
236431.80737304688
236354.65893554688
236292.74243164062
235521.40454101562
235443.91796875
234843.1845703125
235777.44921875
236592.87915039062
236358.15185546875
235673.80908203125
236147.890625
235492.75756835938
235331.16650390625
235317.38525390625
236045.72192382812
235980.91137695312
235376.02880859375
234510.47290039062
234538.5419921875
235189.08374023438
235739.96533203125
237897.603515625
237692.65307617188
235630.1328125
233981.60961914062
233714.91918945312
233329.51220703125
233912.28125
233741.259765625
233918.47607421875
234761.52783203125
233667.86547851562
232966.87060546875
232473.84399414062
233097.33056640625
233628.60693359375
233641.69921875
233088.50952148438
233898.44482421875
232980.71459960938
232626.19775390625
232851.39038085938
232701.015625
233165.13330078125
233506.83935546875
233760.193359375
234478.13745117188
236254.97241210938
238044.95190429688
236204.78002929688
233587.68017578125
232222.17895507812
231333.22680664062
231250.2978515625
231665.89501953125
231910.08764648438
232317.31787109375
233016.57641601562
233372.04516601562
234042.07885742188
232968.50732421875
233114.84521484375
233402.69555664062
233380.93017578125
232874.15673828125
233558.15991210938
233779.9658203125
232900.14819335938
232631.0986328125
233216.8359375
232923.0341796875
232511.58764648438
232491.2373046875
232958.95922851562
233080.16186523438
232731.12890625
232078.49780273438
232187.73388671875
232803.13037109375
233102.62744140625
231811.8427734375
231198.74047851562
230949.40551757812
230887.28466796875
231078.45971679688
231573.23583984375
231500.583984375
231279.17797851562
232634.146484375
232336.23999023438
233393.017578125
233409.916015625
232230.08813476562
231106.18408203125
230358.556640625
230456.63745117188
230940.66064453125
230714.23950195312
231021.96948242188
231117.92309570312
232032.09912109375
230978.2685546875
230658.2783203125
230416.28759765625
230483.31982421875
229955.77197265625
229978.64916992188
230029.8828125
230702.99072265625
231641.3505859375
231933.17919921875
231941.44799804688
233278.5244140625
232013.76684570312
230691.03930664062
230176.97607421875
230341.82055664062
229816.9560546875
230315.35278320312
230312.11547851562
230674.72216796875
231329.65405273438
231366.16625976562
231882.44360351562
230777.09936523438
230800.26879882812
230367.98217773438
230545.27294921875
230575.525390625
