cost:	
1089697.41015625
620357.517578125
299238.669921875
156292.8994140625
117791.63037109375
111969.02099609375
110156.0185546875
108524.29150390625
107453.3603515625
106855.18408203125
106496.21142578125
106085.2109375
105781.783203125
105442.109375
105155.31689453125
104860.03271484375
104656.28662109375
104403.4423828125
104238.47021484375
104006.5849609375
103798.60595703125
103616.97265625
103469.51806640625
103298.0908203125
103107.3525390625
102968.1484375
102835.6181640625
102675.1005859375
102509.34228515625
102386.685546875
102307.38818359375
102205.4658203125
102102.8837890625
101959.427734375
101857.83154296875
101753.81005859375
101642.3798828125
101563.5703125
101544.16650390625
101407.16796875
101390.02734375
101148.23388671875
100991.115234375
100857.904296875
100654.70654296875
100583.3681640625
100500.6025390625
100363.64013671875
100192.02734375
100036.67431640625
99809.802734375
99553.52685546875
99180.57568359375
98927.091796875
98665.6552734375
98347.8798828125
98099.7109375
97796.40673828125
97536.33837890625
97310.0283203125
97095.2958984375
96802.158203125
96590.21826171875
96342.03369140625
96116.41259765625
95715.23388671875
95501.126953125
95229.916015625
94942.34326171875
94683.76123046875
94460.1171875
94204.5986328125
93980.123046875
93789.6318359375
93623.0546875
93428.8662109375
93185.9853515625
93045.26904296875
92864.880859375
92756.515625
92577.51220703125
92376.31884765625
92351.046875
92138.72509765625
91988.474609375
91883.45703125
91672.48828125
91556.5341796875
91430.5810546875
91232.23291015625
91118.8896484375
90969.5263671875
90857.14794921875
90725.64111328125
90545.39599609375
90409.37841796875
90343.6787109375
90268.3447265625
90176.45458984375
89913.52001953125
89735.0205078125
89539.06298828125
89432.20458984375
89332.01611328125
89164.1533203125
89027.0341796875
88886.69189453125
88761.9765625
88631.60424804688
88506.47998046875
88368.3798828125
88289.357421875
88138.4013671875
88045.54638671875
87849.0244140625
87865.046875
87685.14013671875
87565.28125
87426.7734375
87281.2138671875
87211.841796875
87068.58447265625
86998.90380859375
86919.2529296875
86727.044921875
86649.89453125
86529.59130859375
86565.43212890625
86347.37353515625
86275.978515625
86185.498046875
86109.72314453125
86014.4853515625
85865.5751953125
85778.4814453125
85739.65380859375
85592.8623046875
85567.35009765625
85440.763671875
85354.9541015625
85243.11767578125
85205.568359375
85085.96826171875
85023.2119140625
84946.369140625
84860.28857421875
84845.48486328125
84771.91650390625
84667.00146484375
84650.36767578125
84489.203125
84471.66552734375
84366.283203125
84248.9326171875
84245.70703125
84108.0556640625
84104.08203125
84048.73828125
83989.52783203125
83912.99755859375
83901.39624023438
83773.75634765625
83727.572265625
83646.29931640625
83577.8916015625
83555.58935546875
83520.7529296875
83447.11157226562
83366.23974609375
83298.44287109375
83270.1708984375
83189.998046875
83144.88623046875
83089.72412109375
83064.42236328125
83034.2294921875
82958.181640625
82894.27392578125
82829.7861328125
82765.9814453125
82654.97802734375
82624.91674804688
82597.97509765625
82544.75146484375
82457.5849609375
82423.95263671875
82385.55322265625
82325.32373046875
82295.71826171875
82227.09765625
82212.70703125
82133.96044921875
82116.50244140625
82098.2119140625
82066.3603515625
81971.70361328125
81975.98681640625
81801.3408203125
81810.6318359375
81765.27685546875
81699.85693359375
81635.86328125
81540.69287109375
81514.26953125
81504.38671875
81449.80224609375
81384.4765625
81315.60107421875
81265.3076171875
81245.79296875
81248.75708007812
81172.18212890625
81117.6669921875
81063.5517578125
81056.24243164062
80973.68701171875
81011.73388671875
80940.4375
80899.61962890625
80841.74658203125
80854.283203125
80802.6474609375
80721.0595703125
80649.2919921875
80640.66552734375
80566.728515625
80575.44970703125
80547.00048828125
80464.26220703125
80420.5986328125
80407.93017578125
80390.525390625
80348.93359375
80303.2353515625
80331.8583984375
80260.474609375
80225.4013671875
80166.4814453125
80145.890625
80096.3974609375
80065.94873046875
79989.783203125
79980.9169921875
79908.384765625
79890.16162109375
79855.689453125
79812.1015625
79749.99877929688
79761.8623046875
79692.31982421875
79636.7578125
79599.49072265625
79552.47509765625
79525.478515625
79529.25341796875
79485.517578125
79441.6396484375
79421.11279296875
79388.33935546875
79339.13916015625
79301.80322265625
79295.7802734375
79289.107421875
79214.38330078125
79152.8193359375
79141.8876953125
79090.66845703125
79115.369140625
79038.9560546875
79025.42822265625
78982.48046875
78953.24169921875
78888.08642578125
78886.9287109375
78852.462890625
78854.51904296875
78823.7490234375
78772.41015625
78769.36328125
78715.30029296875
78678.435546875
78683.90478515625
78578.39794921875
78563.85791015625
78540.88330078125
78490.73583984375
78473.9169921875
78412.30712890625
78434.28173828125
78367.9228515625
78342.50048828125
78337.26806640625
78291.0224609375
78298.71484375
78219.33251953125
78225.8447265625
78225.05517578125
78139.990234375
78146.49658203125
78133.58642578125
78048.365234375
78007.24658203125
77977.7939453125
77961.68701171875
77926.8818359375
77916.58056640625
77924.23779296875
77894.82861328125
77819.51953125
77853.7998046875
77771.57568359375
77764.66259765625
77739.998046875
77724.52685546875
77730.8203125
77661.62158203125
77648.12890625
77648.4482421875
77617.99609375
77575.92236328125
77572.23583984375
77486.8466796875
77465.158203125
77453.12255859375
77437.125
77387.41259765625
77379.70092773438
77339.8681640625
77326.00122070312
77286.86279296875
77337.861328125
77286.986328125
77244.0380859375
77235.390625
77186.18896484375
77223.9501953125
77090.6015625
77110.04052734375
77086.44140625
77092.35546875
77038.07177734375
77043.5849609375
76991.3974609375
77023.07373046875
76984.17822265625
76947.45654296875
76883.61083984375
76898.0947265625
76850.3935546875
76853.20947265625
76821.1630859375
76793.423828125
76777.298828125
76721.12231445312
76710.0419921875
76687.34814453125
76687.99560546875
76669.861328125
76598.55834960938
76600.24853515625
76616.517578125
76607.54736328125
76560.78759765625
76524.2041015625
76485.314453125
76516.21044921875
76484.4853515625
76474.17333984375
76393.16064453125
76445.52978515625
76388.060546875
76350.466796875
76325.28857421875
76353.73779296875
76295.6328125
76291.5595703125
76273.74169921875
76234.74658203125
76229.34326171875
76198.9091796875
76192.4287109375
76197.50830078125
76150.126953125
76172.57080078125
76179.17602539062
76096.77368164062
76097.9736328125
76093.33349609375
76077.52734375
76021.73779296875
76015.88671875
76007.30517578125
76001.07080078125
75943.56591796875
75930.85400390625
75915.3955078125
75910.3818359375
75919.037109375
75911.9033203125
75861.73974609375
