cost:	
1221318.74609375
1151623.7734375
1078808.91796875
1012299.90625
948574.8515625
889289.0078125
832985.046875
781327.9921875
732410.3671875
685964.3203125
642719.67578125
601880.427734375
564145.28515625
528829.736328125
495273.32421875
463483.345703125
434471.904296875
407640.9658203125
382208.9052734375
358523.447265625
336496.630859375
315874.87890625
297148.576171875
279442.30078125
263164.99609375
248109.5947265625
234031.1025390625
221451.02734375
209690.998046875
198587.3203125
188703.71484375
179577.53955078125
171141.3173828125
163467.6572265625
156482.17578125
150017.08056640625
144158.41552734375
138815.76611328125
134041.857421875
129623.42822265625
125689.50805664062
122073.77490234375
118764.47119140625
115909.68359375
113185.16845703125
110790.10693359375
108657.880859375
106711.72216796875
104936.974609375
103414.1787109375
101994.5654296875
100819.748046875
99734.0478515625
98756.76904296875
97879.53369140625
97114.8330078125
96401.177734375
95773.185546875
95218.015625
94711.30859375
94281.69287109375
93869.6240234375
93516.59838867188
93205.71508789062
92921.65063476562
92674.87939453125
92455.73779296875
92248.27294921875
92074.85205078125
91915.001953125
91783.6982421875
91665.1923828125
91541.7431640625
91447.73413085938
91358.61791992188
91287.33056640625
91212.54907226562
91152.48901367188
91096.32836914062
91043.4921875
91004.75341796875
90962.28857421875
90924.3037109375
90888.88623046875
90868.3876953125
90839.421875
90809.97192382812
90790.521484375
90767.67236328125
90749.185546875
90735.21215820312
90710.6669921875
90695.794921875
90679.16333007812
90665.62255859375
90645.09912109375
90629.49194335938
90616.54248046875
90601.3369140625
90593.31494140625
90577.10595703125
90564.09912109375
90554.37573242188
90546.14404296875
90538.19091796875
90522.82885742188
90512.44482421875
90504.3271484375
90488.80517578125
90478.66845703125
90467.38623046875
90455.87377929688
90443.67797851562
90429.51904296875
90414.00463867188
90394.3447265625
90372.28686523438
90348.47509765625
90326.13037109375
90299.12744140625
90263.64892578125
90233.60107421875
90190.27416992188
90130.56616210938
89986.11083984375
89796.70922851562
89032.42431640625
88465.7333984375
88163.85009765625
87822.1064453125
87462.1552734375
87108.50268554688
86907.84741210938
86668.60131835938
86340.640625
86170.302734375
85995.40380859375
85839.72973632812
85704.96118164062
85601.52270507812
85498.81884765625
85423.9169921875
85321.35546875
85237.31079101562
85163.16918945312
85101.32983398438
85041.458984375
84990.56909179688
84933.13720703125
84872.73095703125
84785.01831054688
84713.033203125
84600.43701171875
84529.10546875
84461.98510742188
84400.17211914062
84324.95068359375
84219.53466796875
84154.77954101562
84116.6669921875
84059.35229492188
84025.1328125
83963.72314453125
83922.763671875
83851.88891601562
83809.60595703125
83767.39599609375
83715.43774414062
83670.65234375
83615.75732421875
83555.86083984375
83482.416015625
83405.01293945312
83285.49145507812
83069.51318359375
82987.26025390625
82907.16235351562
82736.64892578125
82590.42724609375
82529.88916015625
82460.29736328125
82372.55419921875
82298.80639648438
82211.5009765625
82137.36572265625
82080.37915039062
82023.09619140625
81976.43188476562
81930.34228515625
81895.98095703125
81854.1494140625
81814.89086914062
81775.75927734375
81708.67797851562
81653.08544921875
81591.80786132812
81551.88256835938
81157.08642578125
81109.51928710938
81064.65234375
80919.34985351562
80874.66552734375
80811.81567382812
80751.7041015625
80713.0478515625
80674.02026367188
80640.939453125
80609.28784179688
80534.35400390625
80505.845703125
80464.95336914062
80428.9482421875
80397.57397460938
80370.248046875
80341.697265625
80310.55297851562
80281.63549804688
80243.19702148438
80132.08154296875
80105.2314453125
80050.82299804688
80017.25341796875
79972.46215820312
79931.07177734375
79888.84838867188
79859.92846679688
79830.58178710938
79804.77368164062
79777.4560546875
79755.55004882812
79725.64453125
79703.57006835938
79684.06396484375
79656.24926757812
79631.39135742188
79601.13916015625
79574.28393554688
79531.34912109375
79494.49267578125
79465.658203125
79438.1455078125
79408.00122070312
79385.23388671875
79350.02880859375
79299.82836914062
79245.55615234375
79221.095703125
79190.26049804688
79174.56469726562
79152.78344726562
79128.44287109375
79096.4052734375
79069.64013671875
79033.04125976562
78998.06079101562
78969.11157226562
78948.20263671875
78919.86474609375
78911.25
78888.11474609375
78853.6005859375
78830.89697265625
78803.1279296875
78764.22998046875
78673.76171875
78642.783203125
78621.798828125
78603.71484375
78577.98608398438
78550.44677734375
78524.80615234375
78503.14038085938
78486.529296875
78467.59155273438
78445.74365234375
78422.45385742188
78407.01318359375
78388.25805664062
78370.86791992188
78348.51220703125
78347.6064453125
78309.35205078125
78300.330078125
78269.13061523438
78253.8642578125
78254.24389648438
78225.71630859375
78214.53442382812
78175.48168945312
78146.31811523438
78147.9541015625
78080.18359375
78065.53564453125
78015.39697265625
77978.50854492188
77937.39013671875
77900.14819335938
77888.73803710938
77852.47216796875
77836.59985351562
77805.58935546875
77777.40478515625
77767.6435546875
77735.83715820312
77707.16918945312
77686.1611328125
77656.29174804688
77638.931640625
77615.73388671875
77602.09375
77581.58911132812
77435.08129882812
77354.71142578125
77285.4658203125
77255.21362304688
77227.29614257812
77201.57666015625
77169.29541015625
77152.72998046875
77129.74658203125
77102.08325195312
77075.05517578125
77020.4853515625
76996.60571289062
76976.86572265625
76955.89428710938
76939.70141601562
76916.27661132812
76909.78930664062
76865.76318359375
76846.5146484375
76821.068359375
76804.79907226562
76785.89892578125
76767.25048828125
76756.29565429688
76731.21044921875
76742.78540039062
76699.1865234375
76672.62817382812
76643.62329101562
76618.49487304688
76606.3466796875
76586.35986328125
76558.99829101562
76520.17236328125
76495.98876953125
76475.03564453125
76452.3564453125
76433.00830078125
76405.86376953125
76377.87670898438
76264.22509765625
76244.263671875
76214.47265625
76185.20971679688
76163.13989257812
76140.23486328125
76121.05932617188
76101.7021484375
76091.73583984375
76070.5439453125
76044.70043945312
76019.68408203125
76015.2294921875
75978.79223632812
75954.25439453125
75938.03515625
75906.2041015625
75891.41015625
75868.3369140625
75838.46411132812
75688.76953125
75667.15673828125
75654.33520507812
75629.3955078125
75608.52978515625
75586.51904296875
75570.55517578125
75542.22827148438
75492.41162109375
75506.85229492188
75471.51196289062
75432.0087890625
75406.80639648438
75379.138671875
75360.93920898438
75353.88012695312
75326.27172851562
75286.29052734375
75268.072265625
75249.06884765625
75227.4345703125
75202.93017578125
75175.35131835938
75156.51171875
75121.00756835938
75101.22290039062
75072.7841796875
75049.29150390625
