cost:	
1118718.83984375
449796.33984375
287996.8671875
258974.85546875
221624.859375
201726.3642578125
187968.990234375
178318.498046875
170879.2578125
165112.890625
160249.1826171875
156463.7587890625
153229.6630859375
150649.3427734375
148314.5400390625
146332.4189453125
144584.0
143280.9169921875
142115.3583984375
141017.25341796875
139857.1298828125
138798.8369140625
138233.9560546875
137499.5625
136976.75146484375
136327.3134765625
135814.71875
135304.7255859375
135085.6923828125
134726.57421875
134362.82275390625
133921.25
133571.6328125
133437.1591796875
133130.5166015625
133043.857421875
132561.30224609375
132416.78662109375
132175.96875
132020.02685546875
131962.701171875
131772.783203125
131437.8388671875
131265.07470703125
131068.5546875
131000.3779296875
130751.3349609375
130756.7158203125
130734.6943359375
130546.40380859375
130316.78857421875
130182.34619140625
129951.29248046875
129907.72265625
129922.8505859375
129549.77783203125
129565.34765625
129619.224609375
129435.759765625
129221.50830078125
129248.5712890625
129189.5537109375
128882.19189453125
128843.62646484375
128782.0546875
129104.3798828125
128916.90673828125
128521.6953125
128402.8798828125
128151.8388671875
128198.55078125
128135.22900390625
127926.19677734375
127941.205078125
127744.3623046875
127766.337890625
127594.9072265625
127490.0986328125
127440.68896484375
127470.796875
127351.01171875
127294.5537109375
127355.9736328125
127073.43798828125
127093.0029296875
126947.6494140625
126721.578125
126813.48095703125
126731.1865234375
126595.6796875
126490.62841796875
126294.0087890625
126244.5576171875
126081.291015625
126068.7265625
126029.0810546875
126022.576171875
125789.7529296875
125753.96142578125
125586.21484375
125604.10205078125
125393.6953125
125457.1708984375
125239.62548828125
125087.0048828125
125217.41796875
125019.66064453125
124929.3779296875
124959.419921875
124881.2890625
124764.72265625
124698.38623046875
124575.1220703125
124662.4404296875
124443.5732421875
124410.57421875
124209.8759765625
124196.916015625
124075.5234375
124266.7333984375
123924.98291015625
123870.328125
123855.58203125
123630.646484375
123765.7734375
123603.45361328125
123577.208984375
123301.16845703125
123332.7939453125
123189.6337890625
123113.525390625
122957.1484375
123159.560546875
123105.67431640625
123002.53662109375
122952.8017578125
122580.7607421875
122706.45849609375
122742.56982421875
122447.294921875
122441.908203125
122193.640625
122191.05029296875
122096.8173828125
121887.1171875
121878.9052734375
121854.2294921875
121789.3740234375
122093.61279296875
121553.775390625
121329.7216796875
121570.9296875
121455.38427734375
121110.2021484375
120961.6279296875
120945.3408203125
120843.53271484375
120814.005859375
120772.34375
120711.05859375
120435.705078125
120487.8583984375
120476.2734375
120258.8193359375
120307.42578125
120143.98828125
119982.0947265625
119921.34326171875
119856.5146484375
119901.3984375
119615.7666015625
119630.0810546875
119569.951171875
119402.9384765625
119325.51123046875
119444.494140625
119435.04296875
119320.6005859375
119223.6279296875
119122.5302734375
119347.1923828125
119449.0751953125
119738.5146484375
119047.6005859375
118808.7197265625
118805.62890625
118856.302734375
118414.4853515625
118654.1025390625
118473.9033203125
118473.5263671875
118391.46875
118543.677734375
118246.37109375
118307.333984375
118250.7294921875
118121.46826171875
117947.052734375
117926.0166015625
117762.1259765625
117684.8037109375
117582.73046875
117647.861328125
117699.029296875
117663.6611328125
117481.31787109375
117349.26708984375
117217.6083984375
117176.05078125
117104.314453125
117108.0615234375
116957.6435546875
116920.3662109375
116824.9580078125
116780.34716796875
116795.51416015625
116705.7421875
116720.474609375
116534.9267578125
116668.7431640625
116367.6318359375
116397.8134765625
116338.013671875
116642.43408203125
116547.2119140625
116550.1806640625
116488.208984375
116113.888671875
116099.8076171875
116101.7431640625
116173.8408203125
115882.794921875
115906.27734375
115766.53125
115902.7080078125
115809.08837890625
115943.9970703125
115771.275390625
115543.3857421875
115649.3173828125
115485.20703125
115374.4990234375
115251.36083984375
115360.83154296875
115447.02197265625
115166.23779296875
115081.02734375
114997.15625
115099.7421875
114938.5087890625
114837.296875
114673.4619140625
114936.150390625
114643.34765625
114558.21923828125
114620.8779296875
114837.6376953125
114753.39111328125
114688.9990234375
114479.20166015625
114277.14794921875
114322.8134765625
114246.45263671875
114242.98046875
114238.0673828125
113991.267578125
114005.119140625
114195.45068359375
114060.302734375
114195.009765625
113919.9736328125
113964.9609375
113804.1103515625
113948.326171875
113762.8310546875
113787.87744140625
113733.6767578125
113601.513671875
113612.80078125
113350.337890625
113363.97412109375
113452.0986328125
113489.28466796875
113319.7509765625
113147.662109375
113178.05517578125
113127.7236328125
113328.06298828125
113036.626953125
113068.4833984375
112865.447265625
112914.447265625
112896.3369140625
112915.677734375
112732.1572265625
112781.189453125
112810.15771484375
112769.65185546875
112595.9248046875
112527.6171875
112373.09619140625
112577.8720703125
112312.5419921875
112286.6181640625
112251.1171875
112328.5556640625
112511.8037109375
112517.61328125
112098.09619140625
112034.66015625
112233.9033203125
111949.712890625
111887.46533203125
111812.51953125
111703.90771484375
111934.708984375
111810.421875
111627.3203125
111714.3818359375
111634.78125
111595.78515625
111598.6787109375
111469.619140625
111516.890625
111520.5234375
111419.4326171875
111506.7705078125
111698.951171875
111448.1630859375
111487.1826171875
111178.720703125
111521.4599609375
111219.9404296875
111147.96484375
110964.021484375
111110.8076171875
111052.1298828125
110897.111328125
111152.650390625
110969.2734375
110923.900390625
110847.1123046875
110751.44140625
110699.671875
110735.3095703125
110637.80029296875
110687.779296875
110654.86376953125
110591.5947265625
110619.544921875
110396.4423828125
110333.076171875
110163.1337890625
110194.58837890625
110228.072265625
110116.0478515625
110240.115234375
110043.021484375
110095.9541015625
109939.40966796875
110063.9208984375
110297.7421875
110190.9912109375
109915.818359375
110383.0263671875
109822.05078125
109728.943359375
109950.0
109762.193359375
109709.7978515625
109742.63525390625
109708.23388671875
109705.24462890625
109604.00048828125
109529.81689453125
109494.42236328125
109417.69091796875
109391.55859375
109293.5771484375
109321.8046875
109521.0478515625
109676.939453125
109283.29296875
109416.96484375
109257.5830078125
109287.7978515625
109141.13623046875
109393.533203125
109078.84375
109007.09716796875
109016.09130859375
108955.533203125
108898.1416015625
108981.98095703125
109141.109375
108876.8046875
108812.44970703125
109001.5556640625
109052.07861328125
109427.3525390625
