cost:	
1060957.234375
504299.7265625
317374.5771484375
257855.4951171875
205618.8330078125
173261.4296875
151796.4052734375
136906.818359375
127056.9638671875
119405.55078125
113027.54833984375
107830.31298828125
103637.13037109375
100004.97412109375
96970.1005859375
94119.5595703125
91574.2197265625
89497.9814453125
87443.92919921875
85624.65234375
83891.2353515625
82352.62158203125
80875.9365234375
79545.51171875
78436.2861328125
77223.03173828125
76198.10375976562
75241.68017578125
74190.58178710938
73291.77783203125
72440.57788085938
71651.69604492188
70809.49047851562
70032.44311523438
69332.88549804688
68615.8486328125
67898.83276367188
67240.150390625
66604.42041015625
65955.8828125
65357.89453125
64751.007080078125
64163.12744140625
63623.295166015625
63031.647216796875
62466.66357421875
61930.943603515625
61413.505126953125
60920.908935546875
60378.45458984375
59872.19873046875
59378.30517578125
58895.47802734375
58456.7666015625
58005.555419921875
57556.971435546875
57104.191162109375
56656.800048828125
56241.75634765625
55825.771484375
55388.73095703125
55001.3359375
54599.3310546875
54214.338134765625
53815.573486328125
53444.470947265625
53050.37109375
52669.531005859375
52281.5712890625
51916.377685546875
51584.4541015625
51248.702880859375
50874.853271484375
50507.464599609375
50173.84765625
49829.53369140625
49530.812255859375
49233.73681640625
48899.476318359375
48583.474609375
48283.943603515625
47989.970947265625
47677.16455078125
47380.5771484375
47100.350830078125
46798.18994140625
46543.920166015625
46259.20690917969
45996.96984863281
45735.671142578125
45465.38952636719
45206.84423828125
44964.142578125
44720.354248046875
44479.85168457031
44233.54504394531
44018.9619140625
43774.638427734375
43569.78137207031
43370.40673828125
43151.62158203125
42960.62219238281
42790.68908691406
42614.386474609375
42344.197509765625
42210.9580078125
41934.94006347656
41917.569091796875
41770.476806640625
41534.22497558594
41236.64599609375
41013.74914550781
40813.12841796875
40670.6435546875
40504.38146972656
40298.73828125
40136.68798828125
39944.041748046875
39782.117431640625
39600.556396484375
39465.560791015625
39308.075439453125
39155.156982421875
39007.53430175781
38863.77087402344
38711.091796875
38564.84326171875
38435.67541503906
38278.83117675781
38151.108154296875
38036.82336425781
37880.310302734375
37764.35583496094
37614.93078613281
37512.477294921875
37369.90490722656
37253.0947265625
37132.61767578125
36990.578369140625
36865.635986328125
36774.28845214844
36612.9501953125
36519.69494628906
36397.47766113281
36275.58654785156
36153.04528808594
36039.37609863281
35934.586669921875
35828.7607421875
35724.8701171875
35599.09326171875
35503.777587890625
35419.7470703125
35326.9052734375
35230.73681640625
35137.685791015625
35024.26110839844
34936.15905761719
34825.64367675781
34732.04345703125
34646.633544921875
34580.374755859375
34502.061279296875
34432.28332519531
34343.5263671875
34268.55554199219
34158.42712402344
34057.189697265625
34017.04895019531
33909.54211425781
33834.718017578125
33752.40075683594
33691.371826171875
33647.77722167969
33685.918701171875
33589.240234375
33482.51159667969
33479.77893066406
33524.92102050781
33276.73193359375
33168.22607421875
33064.02722167969
32942.844970703125
32866.815673828125
32815.33068847656
32758.931396484375
32733.196655273438
32768.83508300781
32763.1259765625
32742.2353515625
32743.229248046875
32764.494384765625
32495.461059570312
32355.990600585938
32258.143798828125
32157.669921875
32148.828125
32176.427368164062
32087.612060546875
31932.848266601562
31833.748657226562
31660.195922851562
31587.533447265625
31526.230590820312
31473.50244140625
31410.933227539062
31372.067626953125
31291.004516601562
31219.981811523438
31173.844848632812
31121.297485351562
31066.56396484375
31005.9833984375
30947.106689453125
30881.45263671875
30856.689819335938
30817.440185546875
30766.878173828125
30692.282470703125
30642.021240234375
30649.233154296875
30717.414794921875
30710.3486328125
30690.335205078125
30659.515258789062
30678.18408203125
30710.9560546875
30641.108764648438
30535.206787109375
30386.650268554688
30266.643188476562
30207.170776367188
30136.455322265625
30074.75146484375
29991.033447265625
29878.480346679688
29850.6162109375
29858.102416992188
29795.932373046875
29787.073852539062
29787.999389648438
29748.02783203125
29718.673583984375
29727.34228515625
29841.472045898438
29913.4326171875
29852.485107421875
29608.82958984375
29477.642639160156
29351.302856445312
29248.772338867188
29179.7265625
29130.722900390625
29167.662475585938
29141.502807617188
29078.576049804688
29063.2646484375
28996.519775390625
28927.854858398438
28882.854125976562
28793.201416015625
28763.033081054688
28710.506225585938
28694.372680664062
28678.687133789062
28658.339477539062
28741.4775390625
28741.705200195312
28632.078369140625
28635.2880859375
28554.989501953125
28484.135620117188
28485.129028320312
28411.571166992188
28403.416625976562
28432.81201171875
28407.90185546875
28452.893676757812
28672.280395507812
28577.7373046875
28344.207275390625
28195.6552734375
28157.43408203125
28136.787231445312
28165.374877929688
28133.888305664062
28139.539184570312
28118.289428710938
28131.213134765625
28119.209716796875
28407.959838867188
28363.425659179688
28256.7744140625
28110.4638671875
28021.207397460938
27961.04718017578
27886.876708984375
27951.494873046875
27866.034057617188
27769.709228515625
27639.438232421875
27654.52392578125
27624.924072265625
27719.34130859375
27626.161865234375
27551.945556640625
27563.5419921875
27624.793823242188
27538.820434570312
27465.580688476562
27314.539794921875
27277.091552734375
27256.43701171875
27297.245361328125
27186.773559570312
27171.635864257812
27109.415405273438
27124.27587890625
27062.873413085938
27135.793090820312
27136.168334960938
27094.416137695312
27028.753540039062
26972.27099609375
26930.228881835938
26871.425720214844
26876.14453125
26802.406005859375
26771.58935546875
26723.283569335938
26666.288940429688
26685.62969970703
26679.011840820312
26626.02862548828
26763.934326171875
26756.741821289062
26774.371337890625
26718.074462890625
26655.589477539062
26637.608154296875
26650.242797851562
26663.841552734375
26573.349975585938
26517.726196289062
26496.6181640625
26442.8896484375
26484.725830078125
26530.55859375
26593.248046875
26689.249267578125
26488.006103515625
26577.709899902344
26403.80322265625
26422.0751953125
26539.604125976562
26638.449951171875
26437.261474609375
26219.465698242188
26318.097412109375
26148.61181640625
26167.939819335938
26241.676147460938
26134.034057617188
26071.978393554688
25999.386840820312
25984.381591796875
25927.168823242188
25872.294555664062
25793.261962890625
25792.51416015625
25758.079223632812
25710.722778320312
25714.246215820312
25668.511657714844
25637.208129882812
25612.411254882812
25578.412658691406
25549.140258789062
25521.556030273438
25492.269165039062
25529.796142578125
25466.23779296875
25446.923095703125
25416.8486328125
25429.047119140625
25381.602783203125
25399.101989746094
25368.4072265625
25362.358032226562
25387.38525390625
25423.770629882812
25431.057067871094
25482.212768554688
25526.81005859375
25501.80908203125
25525.995727539062
25583.30047607422
25526.427612304688
25421.19775390625
25465.955444335938
