cost:	
1204508.27734375
959556.62109375
595337.328125
413322.3046875
329745.5634765625
301007.9658203125
273872.7255859375
251255.8544921875
232526.62109375
217460.5322265625
204510.6962890625
191958.8583984375
181900.31103515625
173292.57421875
165850.89599609375
159711.1865234375
153535.5361328125
148541.16357421875
144396.18603515625
140538.376953125
136014.517578125
132673.61376953125
129757.0400390625
126577.91357421875
123883.97705078125
121419.41162109375
119138.45751953125
117023.30810546875
115086.33984375
113282.5537109375
111555.94921875
109937.943359375
108506.0068359375
107098.32373046875
105716.6435546875
104430.125
103298.07568359375
102110.95092773438
101101.18603515625
99999.64013671875
99085.84228515625
98113.642578125
97153.26708984375
96306.8671875
95435.125
94601.1123046875
93812.56005859375
93086.83032226562
92392.3134765625
91631.5078125
90927.15185546875
90275.876953125
89612.58154296875
89008.55859375
88395.63037109375
87812.6484375
87246.80712890625
86661.79052734375
86104.25732421875
85587.10717773438
85044.66650390625
84506.91552734375
84014.9111328125
83505.57250976562
83042.048828125
82581.54541015625
82151.11499023438
81672.19091796875
81232.55981445312
80838.24780273438
80422.06298828125
80051.1630859375
79626.66162109375
79244.4658203125
78863.80908203125
78496.32690429688
78171.68603515625
77850.65380859375
77476.78784179688
77145.45556640625
76888.0390625
76554.55932617188
76331.701171875
75988.7890625
75620.83422851562
75331.54833984375
75029.5498046875
74746.75952148438
74498.11181640625
74217.5380859375
73932.5224609375
73666.3359375
73436.82275390625
73160.56787109375
72935.77392578125
72694.31884765625
72469.8173828125
72208.21826171875
71973.84399414062
71755.14819335938
71514.40356445312
71285.79956054688
71069.02563476562
70881.146484375
70704.9130859375
70520.64306640625
70288.83154296875
70091.9072265625
69900.03173828125
69689.978515625
69509.85400390625
69325.58276367188
69129.95166015625
68952.0615234375
68780.12036132812
68595.505859375
68435.33447265625
68273.00244140625
68094.8916015625
67939.16235351562
67783.85595703125
67630.0986328125
67458.59936523438
67316.56958007812
67164.0712890625
67010.08837890625
66855.498046875
66707.86474609375
66568.61157226562
66457.59838867188
66303.99291992188
66174.60473632812
66029.3857421875
65896.91430664062
65759.25439453125
65631.53735351562
65527.078857421875
65400.36669921875
65253.59326171875
65161.854736328125
65044.684814453125
64900.14892578125
64801.64306640625
64696.28466796875
64557.076171875
64437.148681640625
64352.029296875
64243.67236328125
64180.894775390625
64052.6474609375
63927.94189453125
63808.472900390625
63717.388427734375
63606.215576171875
63511.860595703125
63438.321533203125
63335.947509765625
63247.21044921875
63154.240966796875
63066.109130859375
62977.42041015625
62887.443359375
62813.1015625
62746.710205078125
62668.2607421875
62576.918212890625
62478.251708984375
62395.308837890625
62312.984130859375
62241.840087890625
62170.32275390625
62121.741455078125
62055.1220703125
61959.411376953125
61874.320556640625
61812.322265625
61754.115478515625
61654.738037109375
61603.9990234375
61551.70556640625
61492.447021484375
61461.00927734375
61437.1484375
61564.910888671875
61893.5400390625
61810.35791015625
62235.216552734375
62624.794921875
61823.226318359375
61865.41259765625
61752.084228515625
61318.756103515625
61355.43603515625
61237.4072265625
61092.47607421875
61061.182861328125
60941.7890625
60778.38232421875
60620.09619140625
60492.19091796875
60442.27001953125
60378.022705078125
60342.865966796875
60322.22705078125
60322.06201171875
60536.59716796875
60300.921142578125
60322.85107421875
60235.916015625
60220.079345703125
60197.666015625
60579.971923828125
60581.032470703125
60262.735595703125
59946.03125
59832.671142578125
59674.381103515625
59565.103759765625
59508.143310546875
59462.69384765625
59413.227783203125
59379.060302734375
59329.453369140625
59288.487548828125
59247.842529296875
59207.920166015625
59165.325927734375
59124.1884765625
59095.905517578125
59053.517822265625
59011.19580078125
58973.039794921875
58930.89697265625
58905.798095703125
58859.585205078125
58827.08056640625
58781.544189453125
58746.77587890625
58712.563232421875
58685.988037109375
58646.022705078125
58618.95361328125
58594.5556640625
58607.120361328125
58588.872314453125
58557.574462890625
58465.997802734375
58442.134765625
58365.30078125
58337.108154296875
58290.888427734375
58262.177001953125
58218.796142578125
58179.511962890625
58155.96337890625
58120.417236328125
58099.208984375
58060.856201171875
58031.33447265625
58007.481201171875
57973.07861328125
57948.3173828125
57916.205810546875
57876.85986328125
57846.106201171875
57818.9521484375
57796.30712890625
57760.930908203125
57740.5615234375
57707.36462402344
57679.81396484375
57655.349853515625
57643.316650390625
57612.15563964844
57582.575927734375
57556.03515625
57534.31884765625
57499.769287109375
57464.65283203125
57433.959716796875
57397.585205078125
57381.299072265625
57348.3408203125
57316.414306640625
57301.0830078125
57272.46142578125
57247.540771484375
57251.557373046875
57339.04150390625
57319.407470703125
57301.2880859375
57241.94140625
57468.913330078125
57351.985595703125
57187.640869140625
57125.703369140625
57193.550537109375
57272.08056640625
57172.254638671875
57197.6865234375
57313.62890625
57453.115966796875
57420.376708984375
57194.040771484375
57253.011962890625
57338.92236328125
57226.7177734375
56995.556396484375
56842.05712890625
56740.739501953125
56692.4248046875
56668.153564453125
56636.197021484375
56602.78869628906
56588.77294921875
56557.616943359375
56538.15478515625
56525.250244140625
56527.38232421875
56534.18408203125
56480.561767578125
56474.812255859375
56444.791259765625
56428.478759765625
56499.06201171875
56579.843017578125
56574.517333984375
56626.339111328125
56658.80078125
56571.004150390625
56461.919921875
56360.005126953125
56326.91650390625
56251.383544921875
56209.947998046875
56177.8046875
56151.60888671875
56137.80615234375
56133.58508300781
56138.95556640625
56119.74951171875
56081.643310546875
56042.212890625
56022.24609375
56005.659423828125
55970.376953125
55950.5751953125
55931.464599609375
55910.399658203125
55901.761474609375
55869.01953125
55850.123291015625
55834.50146484375
55812.38024902344
55798.455810546875
55766.904541015625
55762.87451171875
55754.31884765625
55740.08544921875
55717.594970703125
55691.533203125
55681.25048828125
55656.389404296875
55634.937255859375
55612.32763671875
55595.064453125
55589.126953125
55582.641357421875
55556.084228515625
55560.366943359375
55563.100830078125
55537.920166015625
55607.85546875
55742.800048828125
55663.198974609375
55682.159912109375
55651.662353515625
55754.279296875
55878.2744140625
56393.31982421875
57364.3134765625
58817.636962890625
58925.148681640625
57429.48828125
56061.7451171875
55756.232177734375
55582.026123046875
55439.64306640625
55348.248291015625
55291.822021484375
55259.753662109375
55216.008056640625
55201.627197265625
55161.857421875
55143.846435546875
55123.3896484375
55105.6474609375
55104.31005859375
55093.738525390625
55076.1767578125
