cost:	
1180576.921875
774842.11328125
474497.171875
309937.599609375
237522.6875
209990.6669921875
199672.0458984375
194104.8603515625
190034.673828125
186789.126953125
184277.806640625
182132.580078125
180339.546875
178746.623046875
177364.857421875
176168.7001953125
175096.232421875
174153.5771484375
173313.3798828125
172552.0068359375
171810.7900390625
171143.98828125
170526.1083984375
170014.9287109375
169475.52734375
169019.3720703125
168542.4013671875
168123.2451171875
167746.08984375
167398.0234375
167002.2607421875
166666.5400390625
166408.00390625
166081.20703125
165785.6005859375
165498.7578125
165198.74609375
164998.6953125
164696.8115234375
164404.537109375
164155.3095703125
163958.234375
163685.4931640625
163479.4130859375
163302.5810546875
163032.458984375
162818.2861328125
162617.39453125
162401.333984375
162226.92578125
161950.984375
161756.4189453125
161550.744140625
161367.935546875
161205.6142578125
160962.8603515625
160836.8984375
160614.26171875
160380.5966796875
160238.8125
160046.5322265625
159889.345703125
159739.650390625
159506.806640625
159342.779296875
159171.3251953125
158961.759765625
158767.8662109375
158608.5908203125
158455.0546875
158203.361328125
158096.4443359375
157862.8291015625
157673.2060546875
157582.107421875
157432.7998046875
157182.8779296875
156959.1533203125
156844.1591796875
156602.0234375
156476.7041015625
156342.9345703125
156128.515625
155926.0947265625
155822.8603515625
155548.48046875
155437.1591796875
155303.1005859375
155098.6904296875
154970.9658203125
154679.8291015625
154609.8974609375
154418.8525390625
154205.7958984375
154052.2744140625
153841.224609375
153725.662109375
153484.453125
153325.7138671875
153221.7587890625
152956.779296875
152869.9501953125
152655.4873046875
152488.3701171875
152353.568359375
152133.7568359375
152007.6533203125
151854.7392578125
151683.189453125
151507.9453125
151329.0341796875
151184.6943359375
150980.7783203125
150844.6220703125
150681.0341796875
150476.966796875
150332.3154296875
150163.634765625
149983.0556640625
149873.8125
149696.103515625
149573.4169921875
149420.8232421875
149212.1416015625
149039.0732421875
148892.0009765625
148775.19921875
148640.7548828125
148470.2197265625
148234.126953125
148073.3017578125
147954.232421875
147810.7939453125
147609.625
147458.7509765625
147325.5322265625
147167.7919921875
147038.3828125
146821.572265625
146684.2080078125
146508.4365234375
146405.32421875
146222.779296875
146069.6171875
145941.1357421875
145706.962890625
145587.775390625
145382.94140625
145222.423828125
145086.1728515625
144865.7587890625
144809.7197265625
144552.8134765625
144502.98828125
144279.732421875
144193.583984375
144016.033203125
143895.927734375
143736.1953125
143572.38671875
143466.8671875
143286.7216796875
143154.1171875
142991.5166015625
142852.732421875
142701.7255859375
142529.22265625
142435.2080078125
142235.9990234375
142130.177734375
141937.9697265625
141863.505859375
141723.65966796875
141547.5302734375
141450.1962890625
141282.31640625
141100.5498046875
140991.07421875
140790.38623046875
140642.7255859375
140461.9560546875
140398.48681640625
140206.171875
140098.2412109375
139966.20068359375
139819.63671875
139667.3662109375
139555.4755859375
139393.8232421875
139276.24609375
139150.2900390625
138992.044921875
138828.76171875
138684.75390625
138543.22900390625
138400.6259765625
138251.2744140625
138119.3330078125
137992.1708984375
137842.73828125
137790.1552734375
137566.130859375
137472.1298828125
137351.7587890625
137168.9306640625
137024.138671875
136977.3076171875
136765.36328125
136699.0458984375
136578.728515625
136375.52685546875
136294.21484375
136178.5654296875
136045.736328125
135875.3623046875
135763.048828125
135636.7041015625
135547.3671875
135363.9990234375
135243.9521484375
135086.98828125
135033.025390625
134868.58203125
134785.0615234375
134626.7001953125
134446.6708984375
134331.0
134251.4296875
134126.60546875
133978.0947265625
133901.31982421875
133717.6533203125
133598.1630859375
133453.3232421875
133395.3203125
133250.70556640625
133214.0244140625
133021.341796875
132867.1943359375
132782.41015625
132623.4404296875
132523.7353515625
132457.4951171875
132213.19970703125
132187.3759765625
132008.1416015625
131974.96630859375
131767.357421875
131700.771484375
131627.89208984375
131483.541015625
131249.89404296875
131235.4462890625
131047.41357421875
130960.60546875
130850.322265625
130737.3369140625
130619.708984375
130503.0654296875
130409.630859375
130250.1455078125
130180.1435546875
130015.9423828125
129923.53173828125
129800.2880859375
129712.9814453125
129624.9296875
129427.1884765625
129459.1796875
129255.32763671875
129222.162109375
129018.7705078125
129019.521484375
128836.87744140625
128777.705078125
128642.1630859375
128594.22607421875
128450.5693359375
128351.66015625
128222.6474609375
128099.177734375
128019.2958984375
127868.666015625
127787.396484375
127619.6435546875
127565.244140625
127504.16015625
127336.8447265625
127362.8291015625
127145.251953125
127024.9697265625
126910.5439453125
126842.0712890625
126722.9296875
126595.451171875
126607.1806640625
126512.076171875
126379.22705078125
126350.54345703125
126122.708984375
125998.7041015625
125890.875
125804.9287109375
125667.515625
125590.9658203125
125478.9833984375
125401.490234375
125301.4287109375
125276.08203125
125099.953125
125012.388671875
124907.66015625
124800.296875
124718.4736328125
124689.2001953125
124528.51171875
124466.60986328125
124342.5244140625
124301.08154296875
124159.59326171875
124104.55908203125
124009.21875
123953.1357421875
123892.318359375
123717.68896484375
123641.53271484375
123504.83837890625
123373.2646484375
123333.0859375
123208.7236328125
123154.82421875
123067.1142578125
123005.12548828125
122849.6318359375
122767.63720703125
122712.23828125
122627.8515625
122507.34765625
122406.26513671875
122377.9267578125
122230.3759765625
122145.8212890625
122042.5732421875
121975.5478515625
121917.31298828125
121969.5126953125
121810.986328125
121604.03466796875
121495.4970703125
121521.7783203125
121271.05078125
121136.76904296875
121110.7998046875
120933.9208984375
120840.63671875
120722.57568359375
120626.779296875
120573.9599609375
120491.56787109375
120435.7900390625
120351.7802734375
120233.361328125
120214.65625
120013.87744140625
120018.8251953125
119845.24755859375
119714.556640625
119711.912109375
119626.16796875
119567.591796875
119445.0009765625
119429.18896484375
119227.12890625
119191.1953125
119107.51513671875
119000.76220703125
118965.85400390625
118871.2001953125
118847.38671875
118718.03564453125
118614.02783203125
118521.1171875
118441.189453125
118417.43408203125
118323.16357421875
118208.2255859375
118128.4736328125
118133.23828125
118205.6416015625
118010.2744140625
117930.685546875
117733.3046875
117721.890625
117640.005859375
117513.4248046875
117479.23828125
117385.083984375
117365.9658203125
117267.6044921875
117204.1357421875
