cost:	
1082086.9296875
693294.314453125
393785.5146484375
220917.2421875
137112.56982421875
104581.45361328125
94907.45361328125
92120.48193359375
91275.232421875
90945.21020507812
90704.85205078125
90569.66577148438
90483.4765625
90434.73388671875
90402.45776367188
90355.6279296875
90355.73022460938
90292.18286132812
90271.5166015625
90286.2958984375
90280.58935546875
90275.49560546875
90222.85302734375
90264.39770507812
90221.09130859375
90227.67065429688
90193.6611328125
90180.80126953125
90185.26635742188
90176.8203125
90163.68212890625
90143.11352539062
90135.39477539062
90134.01733398438
90160.302734375
90172.2353515625
90143.89453125
90133.64086914062
90124.64331054688
90112.81494140625
90127.37451171875
90093.95043945312
90066.45385742188
90092.0
90056.80590820312
90104.25366210938
90083.6513671875
90086.458984375
90046.861328125
90018.75317382812
90010.96044921875
89994.98876953125
89956.7724609375
89920.20629882812
89971.40576171875
89936.07153320312
89922.74072265625
89876.64233398438
89866.74877929688
89873.40185546875
89878.42138671875
89884.06298828125
89823.22705078125
89771.06030273438
89771.2109375
89770.29931640625
89762.18432617188
89746.8046875
89734.3173828125
89693.70751953125
89680.3798828125
89625.34423828125
89631.69091796875
89601.75927734375
89617.69091796875
89531.744140625
89516.97314453125
89509.35400390625
89486.22338867188
89493.865234375
89385.48388671875
89324.16064453125
89295.30517578125
89118.87158203125
88992.95458984375
88856.5947265625
88749.8359375
88670.97265625
88536.34155273438
88419.89868164062
88370.98046875
88263.66552734375
88196.54321289062
88090.58813476562
87995.60009765625
87880.22216796875
87652.05786132812
87530.39208984375
87290.65844726562
87142.466796875
87005.51611328125
86792.7451171875
86619.37719726562
86400.13671875
86237.78271484375
85935.88891601562
85570.458984375
85283.03686523438
85021.12646484375
84649.33959960938
84401.04370117188
84191.25415039062
83890.41455078125
83652.01977539062
83389.20556640625
83135.14477539062
82865.67431640625
82652.95166015625
82343.74438476562
82071.328125
81681.60424804688
81378.65942382812
81097.095703125
80765.28125
80508.66259765625
80305.95166015625
80082.85522460938
79792.21166992188
79604.66674804688
79290.01147460938
79106.75415039062
78925.98876953125
78644.58203125
78463.67065429688
78246.42626953125
77973.17846679688
77701.58325195312
77550.939453125
77305.45947265625
77034.73779296875
76844.35668945312
76584.6904296875
76387.5615234375
76177.70166015625
76004.81176757812
75755.076171875
75589.49267578125
75296.18872070312
75115.74731445312
74896.8232421875
74620.99438476562
74381.80517578125
74147.76586914062
73909.88671875
73715.13940429688
73507.8408203125
73249.21801757812
73048.22436523438
72811.00659179688
72581.12060546875
72361.51025390625
72125.58056640625
71884.48803710938
71648.20361328125
71421.41430664062
71218.96923828125
71010.8984375
70817.84887695312
70572.671875
70350.82592773438
70103.87670898438
69907.33740234375
69664.97338867188
69451.63256835938
69255.83813476562
69033.88159179688
68825.58764648438
68603.62133789062
68410.7861328125
68162.00610351562
67960.05590820312
67726.052734375
67475.16137695312
67272.10668945312
67063.73706054688
66825.39184570312
66626.28686523438
66398.81420898438
66184.541015625
65961.10205078125
65734.86669921875
65536.41674804688
65323.30029296875
65084.873779296875
64851.683349609375
64644.713134765625
64443.21728515625
64239.90771484375
63971.052978515625
63740.083251953125
63496.969482421875
63273.387451171875
63078.601806640625
62835.97021484375
62637.226806640625
62395.85009765625
62222.60498046875
61981.95947265625
61754.29541015625
61551.744384765625
61348.57080078125
61127.67333984375
60910.901123046875
60695.469970703125
60486.08935546875
60297.43603515625
60074.689208984375
59826.38916015625
59602.800537109375
59384.344482421875
59137.567138671875
58954.11865234375
58701.52490234375
58493.11181640625
58247.740234375
58026.31103515625
57817.67626953125
57602.52001953125
57328.738037109375
57121.790771484375
56858.956298828125
56664.8203125
56447.134521484375
56191.02490234375
55960.13037109375
55712.7880859375
55502.91455078125
55282.3427734375
55050.593017578125
54822.84777832031
54586.10803222656
54348.458740234375
54113.426025390625
53915.1044921875
53691.639404296875
53467.60888671875
53223.02978515625
53019.835693359375
52774.83264160156
52538.7939453125
52282.508056640625
52063.937744140625
51851.01989746094
51630.904052734375
51400.98974609375
51181.207763671875
50967.62854003906
50731.39208984375
50495.35107421875
50259.32727050781
50028.25134277344
49795.689697265625
49588.050537109375
49387.194580078125
49136.812744140625
48941.447021484375
48696.860595703125
48485.1279296875
48255.305419921875
48026.743408203125
47826.39013671875
47584.15673828125
47384.58447265625
47188.4560546875
46949.8759765625
46732.52526855469
46507.6201171875
46295.12268066406
46084.59924316406
45853.751220703125
45638.7138671875
45433.641845703125
45209.383056640625
45010.38708496094
44790.352783203125
44559.72302246094
44381.0478515625
44137.54382324219
43957.74377441406
43714.385498046875
43516.075927734375
43282.484130859375
43092.265380859375
42873.7138671875
42668.08837890625
42475.4404296875
42253.552734375
42077.08435058594
41862.91491699219
41663.62548828125
41468.31201171875
41272.515625
41099.34948730469
40882.090087890625
40693.666259765625
40497.399169921875
40304.67565917969
40115.12292480469
39931.35827636719
39753.37255859375
39572.7236328125
39389.2548828125
39191.89611816406
39024.55749511719
38825.417236328125
38671.35009765625
38475.120361328125
38296.99011230469
38108.10168457031
37933.59216308594
37745.04943847656
37569.06799316406
37385.475341796875
37199.156982421875
37052.77624511719
36883.03271484375
36716.30554199219
36547.91125488281
36356.52624511719
36164.003662109375
35988.365966796875
35812.13171386719
35617.79235839844
35464.963134765625
35275.17236328125
35115.31591796875
34955.917236328125
34775.595703125
34625.56579589844
34467.22119140625
34293.547607421875
34134.82275390625
33939.94250488281
33806.25695800781
33656.274169921875
33502.619384765625
33333.52087402344
33158.341552734375
32981.25964355469
32795.07629394531
32616.2236328125
32468.073608398438
32305.821044921875
32175.353637695312
31998.223754882812
31849.537841796875
31690.56298828125
31544.92138671875
31408.991088867188
31297.474975585938
31140.802734375
30998.725219726562
30847.383544921875
30674.390502929688
30523.719299316406
30373.168701171875
30261.584838867188
30137.900634765625
30008.324951171875
29886.998413085938
29770.21014404297
29668.160034179688
29536.348754882812
29359.94561767578
29182.154296875
29027.150756835938
28883.07373046875
28746.538330078125
28612.907348632812
28477.070678710938
28330.753051757812
28212.709228515625
28092.5322265625
27993.310546875
27849.51776123047
27721.091796875
27574.704223632812
27458.014770507812
27322.148193359375
27205.488037109375
27088.756713867188
26963.974609375
26838.808227539062
26705.823974609375
26608.743896484375
26480.33203125
26388.588134765625
26254.37451171875
26132.077514648438
26012.94140625
