cost:	
1056268.8828125
587373.595703125
266751.7333984375
133778.0634765625
98872.42749023438
94609.14453125
93437.736328125
92049.74560546875
91263.51538085938
91043.9111328125
90893.41479492188
90819.93920898438
90746.947265625
90711.4931640625
90687.69165039062
90640.029296875
90652.41674804688
90556.056640625
90538.37817382812
90564.6796875
90559.70654296875
90560.50634765625
90477.2177734375
90545.98779296875
90483.171875
90487.92114257812
90443.51416015625
90415.99072265625
90421.93627929688
90416.44677734375
90389.77368164062
90360.33276367188
90354.32006835938
90349.15771484375
90384.7841796875
90408.85400390625
90369.1484375
90348.46508789062
90330.31640625
90318.3662109375
90339.02685546875
90293.24877929688
90236.92211914062
90280.921875
90233.29541015625
90301.52563476562
90270.42919921875
90276.50927734375
90211.228515625
90182.416015625
90163.49560546875
90153.5224609375
90108.17822265625
90055.36108398438
90141.802734375
90091.48583984375
90074.66015625
90013.08911132812
90005.78149414062
90025.38623046875
90042.42797851562
90044.20947265625
89975.7431640625
89903.56567382812
89895.26025390625
89920.60473632812
89917.6083984375
89872.6455078125
89879.98217773438
89814.96337890625
89806.27783203125
89746.89892578125
89766.46142578125
89721.32470703125
89765.02197265625
89644.0068359375
89635.33251953125
89630.77514648438
89608.51196289062
89619.79248046875
89515.0888671875
89470.26318359375
89513.6005859375
89470.86328125
89459.974609375
89415.5546875
89375.314453125
89400.76147460938
89274.25463867188
89265.46069335938
89291.2080078125
89205.01708984375
89178.70190429688
89086.0556640625
88972.7802734375
88839.96826171875
88654.32250976562
88405.68188476562
88229.22338867188
87947.9501953125
87750.27392578125
87422.6064453125
87196.70092773438
86857.1220703125
86560.734375
86215.41015625
85819.17041015625
85508.56567382812
85093.67211914062
84554.20434570312
84108.4228515625
83768.28637695312
83343.484375
82902.21728515625
82445.71337890625
81972.46923828125
81565.10107421875
81139.68310546875
80699.03491210938
80335.740234375
79895.17529296875
79492.19140625
79169.03857421875
78769.83569335938
78433.17626953125
78147.99169921875
77822.76220703125
77449.97998046875
77196.83154296875
76789.65258789062
76491.17895507812
76180.21240234375
75797.45581054688
75523.87939453125
75225.65673828125
74899.67016601562
74577.41674804688
74352.27026367188
74023.09765625
73679.083984375
73425.01684570312
73074.79125976562
72811.7587890625
72503.55834960938
72268.4375
71895.74853515625
71666.599609375
71326.16772460938
71070.419921875
70777.98217773438
70411.15844726562
70141.02172851562
69833.65795898438
69536.697265625
69279.11572265625
69043.9189453125
68694.85229492188
68456.70190429688
68132.650390625
67837.12182617188
67538.90478515625
67255.83837890625
66979.9736328125
66696.10766601562
66426.89819335938
66164.65625
65894.31225585938
65647.3251953125
65330.836181640625
65052.425537109375
64748.0927734375
64500.48046875
64168.332763671875
63883.273193359375
63637.984375
63343.0517578125
63085.87890625
62781.98486328125
62524.080078125
62187.1083984375
61918.728759765625
61647.296875
61366.359375
61101.46826171875
60826.519775390625
60516.46142578125
60249.775146484375
59963.537109375
59697.59814453125
59391.348876953125
59108.529052734375
58844.414306640625
58557.464111328125
58257.680908203125
57960.85791015625
57683.8583984375
57408.66796875
57162.770263671875
56830.926513671875
56545.09423828125
56251.771484375
55964.921875
55706.658447265625
55413.29736328125
55147.613037109375
54859.35632324219
54621.0986328125
54326.00830078125
54055.395751953125
53797.83203125
53547.796875
53277.050537109375
52985.704345703125
52720.10107421875
52466.86474609375
52216.844970703125
51958.2705078125
51665.0615234375
51405.1982421875
51140.55908203125
50870.36328125
50637.398681640625
50331.582763671875
50093.0712890625
49797.680419921875
49525.92687988281
49297.447021484375
49031.50146484375
48724.17053222656
48463.018310546875
48172.747314453125
47940.372802734375
47663.69030761719
47379.087890625
47125.35290527344
46843.1318359375
46590.513916015625
46335.18420410156
46058.618408203125
45789.123046875
45527.32568359375
45263.23974609375
44993.864501953125
44757.699951171875
44510.0126953125
44254.7841796875
44001.408935546875
43743.754150390625
43482.780517578125
43207.5439453125
42924.2255859375
42676.56140136719
42426.68359375
42181.11267089844
41906.0498046875
41666.2666015625
41432.628662109375
41168.71044921875
40897.927001953125
40637.5361328125
40401.54162597656
40132.74548339844
39904.2431640625
39690.961669921875
39406.974609375
39186.706787109375
38899.92590332031
38665.60546875
38421.607421875
38176.831787109375
37970.88232421875
37704.220947265625
37489.9716796875
37264.10302734375
36997.340576171875
36766.69372558594
36539.64794921875
36308.70263671875
36064.92236328125
35840.7626953125
35592.256591796875
35389.95104980469
35151.31774902344
34936.744140625
34689.36315917969
34454.698974609375
34269.38879394531
34009.15283203125
33814.994384765625
33570.02490234375
33363.44738769531
33127.23205566406
32912.96984863281
32697.5107421875
32467.564208984375
32264.023071289062
32011.759033203125
31839.24365234375
31622.427001953125
31428.108642578125
31232.324462890625
31011.599731445312
30805.754638671875
30570.414794921875
30391.879028320312
30186.302124023438
29993.470092773438
29795.2880859375
29596.731994628906
29436.064575195312
29247.882202148438
29047.240966796875
28851.40283203125
28689.958740234375
28487.51025390625
28307.59521484375
28130.867553710938
27952.330078125
27763.796142578125
27584.481201171875
27374.58740234375
27177.383544921875
27013.517333984375
26825.623657226562
26662.840087890625
26493.622314453125
26346.787353515625
26164.928283691406
26026.286865234375
25817.713134765625
25671.014282226562
25500.07745361328
25327.134033203125
25147.50390625
24953.848876953125
24811.379150390625
24673.707153320312
24504.440368652344
24373.409545898438
24194.1484375
24024.817138671875
23899.317504882812
23753.218139648438
23623.4140625
23485.9267578125
23326.973510742188
23201.917236328125
23027.08154296875
22852.91864013672
22701.109741210938
22558.393493652344
22418.144775390625
22256.314086914062
22128.025390625
21986.342041015625
21842.228515625
21733.149047851562
21588.865600585938
21450.980529785156
21331.31787109375
21186.047485351562
21070.1181640625
20975.923278808594
20829.214782714844
20717.564575195312
20596.409118652344
20461.317626953125
20325.250610351562
20209.518798828125
20077.549926757812
19966.1650390625
19873.578002929688
19751.020141601562
19639.060302734375
19502.184326171875
19409.960571289062
19310.9638671875
19197.00067138672
19095.773315429688
18960.44610595703
18824.41387939453
18703.776794433594
18606.33984375
18492.154418945312
18368.76104736328
18242.646484375
18138.857299804688
18053.032165527344
17949.694274902344
17833.70819091797
17736.905151367188
17622.68865966797
17514.87518310547
17421.720336914062
17352.332885742188
17220.31005859375
17131.48095703125
16986.314208984375
16926.741271972656
16842.91748046875
