cost:	
1194059.96484375
1070849.8671875
950986.6796875
842006.8203125
744428.109375
657211.22265625
579220.18359375
511179.3984375
450836.287109375
399433.0078125
351849.189453125
312212.3095703125
277896.392578125
247696.865234375
222460.3515625
200486.3916015625
181659.59033203125
166029.61181640625
152577.314453125
141486.529296875
132202.37939453125
124455.4404296875
118006.08740234375
112681.21240234375
108318.77490234375
104839.4951171875
101935.31103515625
99567.5703125
97695.27026367188
96150.9951171875
94914.91723632812
93945.12231445312
93135.123046875
92525.1220703125
92037.17822265625
91632.19604492188
91303.16235351562
91057.32006835938
90872.08837890625
90694.427734375
90576.23559570312
90485.271484375
90379.67431640625
90323.1875
90265.3359375
90226.93603515625
90178.47241210938
90146.529296875
90124.5380859375
90097.13330078125
90070.23486328125
90057.53173828125
90039.66748046875
90026.82666015625
90013.60009765625
90010.07666015625
89988.60400390625
89985.82861328125
89967.37060546875
89965.14990234375
89949.94311523438
89944.3974609375
89934.60302734375
89927.32250976562
89921.18408203125
89910.021484375
89907.3525390625
89891.52783203125
89881.92431640625
89877.73388671875
89860.41064453125
89851.41333007812
89842.77685546875
89826.1982421875
89813.3798828125
89798.24145507812
89782.37353515625
89772.35913085938
89760.02758789062
89745.30688476562
89741.03369140625
89724.16064453125
89712.82275390625
89701.02685546875
89683.24169921875
89669.091796875
89650.2529296875
89636.6630859375
89623.33447265625
89600.55078125
89585.7919921875
89572.45874023438
89550.68212890625
89541.76123046875
89507.01977539062
89507.80224609375
89475.017578125
89457.8623046875
89438.26879882812
89427.31591796875
89402.10400390625
89388.06640625
89354.5244140625
89320.17333984375
89292.755859375
89244.63525390625
89171.36474609375
89021.11669921875
88804.1611328125
88579.8603515625
88362.32373046875
87804.11303710938
87609.015625
87305.5380859375
87161.5556640625
87007.89379882812
86716.85034179688
86529.197265625
86224.994140625
85977.2236328125
85546.89526367188
85260.5439453125
85022.9228515625
84777.37158203125
84560.94458007812
84400.74853515625
84206.7841796875
83966.14721679688
83817.310546875
83689.81030273438
83593.59228515625
83469.30004882812
83369.73999023438
83281.6044921875
83146.94873046875
83054.958984375
82934.24365234375
82840.99487304688
82754.798828125
82664.08569335938
82572.64111328125
82473.478515625
82371.79907226562
82217.3671875
82124.216796875
82016.83642578125
81846.1318359375
81689.18212890625
81590.32543945312
81487.056640625
81197.05517578125
81098.80249023438
81037.38061523438
80894.60815429688
80813.57055664062
80718.49291992188
80630.70288085938
80535.10888671875
80412.77709960938
80341.482421875
80264.96850585938
80104.44604492188
80037.30541992188
79960.48876953125
79903.5673828125
79842.02709960938
79748.1279296875
79661.83666992188
79595.19799804688
79331.6962890625
79184.38793945312
79118.30346679688
79052.58544921875
78995.52783203125
78929.3876953125
78866.23583984375
78794.53979492188
78728.33032226562
78658.65283203125
78598.04174804688
78538.95458984375
78474.98364257812
78424.74755859375
78352.03930664062
78295.40942382812
78252.28979492188
78194.99584960938
78133.666015625
78063.89184570312
77991.88989257812
77933.361328125
77869.10522460938
77817.068359375
77730.51440429688
77676.7822265625
77624.05908203125
77576.81689453125
77524.56176757812
77472.79833984375
77429.20068359375
77374.85546875
77328.994140625
77272.27709960938
77228.01806640625
77179.17529296875
77141.091796875
77079.68774414062
77028.830078125
76941.99951171875
76877.6787109375
76825.12915039062
76780.67919921875
76724.48486328125
76683.36938476562
76636.42797851562
76592.68334960938
76545.21484375
76502.25732421875
76452.18090820312
76405.28051757812
76375.4150390625
76324.49731445312
76279.77612304688
76237.3369140625
76189.31127929688
76149.68994140625
76103.1337890625
76058.20727539062
76025.74682617188
75965.734375
75888.482421875
75821.57885742188
75623.66357421875
75576.66625976562
75530.74975585938
75483.81201171875
75433.85791015625
75380.18310546875
75320.580078125
75277.9638671875
75233.42944335938
75178.90698242188
75126.98974609375
75084.29125976562
75035.431640625
74996.65893554688
74936.06225585938
74874.74365234375
74830.345703125
74788.4111328125
74735.05297851562
74687.99194335938
74640.69213867188
74600.20776367188
74558.35717773438
74505.51171875
74454.17944335938
74405.84375
74362.73510742188
74316.64208984375
74269.61962890625
74226.83154296875
74187.63427734375
74139.21630859375
74095.09033203125
74051.1865234375
74015.8876953125
73959.37866210938
73903.43994140625
73860.671875
73797.07836914062
73748.45141601562
73672.20629882812
73630.03442382812
73588.35913085938
73544.5810546875
73492.14111328125
73448.83520507812
73398.55395507812
73352.60717773438
73304.68774414062
73246.00561523438
73205.55224609375
73159.39404296875
73110.6318359375
73060.26977539062
73009.1171875
72964.7001953125
72917.5947265625
72868.24243164062
72818.39331054688
72778.765625
72732.92626953125
72676.22778320312
72626.75048828125
72585.1103515625
72548.40454101562
72500.23828125
72449.79541015625
72399.66064453125
72343.63916015625
72281.39819335938
72178.60522460938
72151.1826171875
72060.66821289062
71986.48022460938
71930.72119140625
71875.48510742188
71818.529296875
71773.99145507812
71725.92211914062
71677.73999023438
71638.0498046875
71586.71484375
71541.84106445312
71490.94311523438
71441.28198242188
71407.23095703125
71347.21264648438
71307.80908203125
71252.83227539062
71207.61474609375
71167.28955078125
71106.958984375
71063.77758789062
71027.87133789062
71000.48974609375
70972.85278320312
70914.15063476562
70865.61791992188
70796.40795898438
70767.12158203125
70725.3603515625
70652.142578125
70621.95581054688
70566.22387695312
70545.5439453125
70497.89794921875
70449.82666015625
70401.8671875
70345.697265625
70293.52099609375
70244.28247070312
70197.087890625
70159.2587890625
70110.81372070312
70052.32666015625
70006.14990234375
69949.22338867188
69884.95629882812
69840.22314453125
69798.0537109375
69744.57006835938
69687.55224609375
69658.7216796875
69620.48828125
69590.146484375
69541.375
69499.365234375
69470.91235351562
69429.28271484375
69375.06030273438
69313.94897460938
69281.50463867188
69243.548828125
69213.390625
69194.66528320312
69143.85766601562
69086.3798828125
69027.67358398438
68975.51635742188
68944.13818359375
68907.03857421875
68878.76782226562
68813.70581054688
68771.015625
68706.34155273438
68659.58422851562
68619.78662109375
68559.83715820312
68513.24291992188
68464.93408203125
68431.68725585938
68374.65747070312
68320.61865234375
68275.65673828125
68236.20751953125
68186.796875
68150.24658203125
68112.60302734375
68069.62084960938
68027.76391601562
67972.42578125
67950.78955078125
67902.20678710938
67861.79150390625
67823.63916015625
67767.11840820312
67732.78930664062
67697.91943359375
