cost:	
1227355.87109375
1165610.65234375
1089283.640625
1019906.12890625
955017.80859375
894031.8203125
837775.50390625
785111.41015625
736679.49609375
690625.6953125
647924.15234375
608349.779296875
571556.474609375
536757.205078125
504766.2421875
475369.30859375
447398.541015625
421515.548828125
397822.94921875
375391.24609375
355035.9375
336174.0576171875
318829.4814453125
302601.2919921875
287759.806640625
274203.8544921875
261674.498046875
250060.78515625
239645.013671875
229963.1015625
221379.4384765625
213313.015625
205881.005859375
199376.3388671875
193313.7392578125
187866.7412109375
182854.07421875
178379.08984375
174330.326171875
170659.12890625
167355.298828125
164420.9443359375
161727.615234375
159334.9052734375
157188.673828125
155215.486328125
153497.7958984375
151956.9853515625
150588.0537109375
149308.095703125
148235.4814453125
147282.6357421875
146424.7216796875
145631.52734375
144978.9375
144340.0986328125
143793.5595703125
143301.85791015625
142855.1630859375
142435.0234375
142078.4384765625
141757.6484375
141473.2177734375
141184.77734375
140951.455078125
140726.0615234375
140536.125
140338.7802734375
140174.7939453125
140006.5361328125
139874.1865234375
139739.5263671875
139608.8828125
139489.1455078125
139373.5849609375
139272.6572265625
139169.67919921875
139076.3125
138976.453125
138884.19921875
138805.6552734375
138711.693359375
138629.96484375
138545.421875
138466.4345703125
138375.9482421875
138292.7958984375
138214.2216796875
138128.8583984375
138052.3212890625
137980.60546875
137901.62109375
137822.4619140625
137736.62744140625
137601.22265625
137349.14794921875
136949.0458984375
136798.87255859375
136676.1357421875
136540.3818359375
136424.466796875
136324.671875
136237.8232421875
136147.5205078125
136067.7041015625
135954.267578125
135855.3291015625
135769.3486328125
135685.2294921875
135591.849609375
135497.5283203125
135406.8818359375
135330.1728515625
135234.748046875
135089.7666015625
134935.96875
134693.986328125
134519.8525390625
134395.7666015625
134221.59375
134103.8759765625
134004.9306640625
133915.16015625
133817.46875
133731.41015625
133641.435546875
133544.25634765625
133458.9794921875
133368.16796875
133279.0283203125
133191.197265625
133110.814453125
133025.84130859375
132937.544921875
132858.9267578125
132772.279296875
132690.3046875
132607.5869140625
132525.109375
132435.7041015625
132350.951171875
132265.005859375
132149.240234375
132067.3642578125
131978.2880859375
131893.455078125
131806.0234375
131721.5283203125
131642.1826171875
131547.5009765625
131467.802734375
131374.7197265625
131293.1611328125
131217.130859375
131139.5458984375
131066.62353515625
130985.40234375
130914.72412109375
130837.05859375
130754.994140625
130672.9248046875
130583.2041015625
130474.8837890625
130371.59912109375
130275.33984375
130173.14453125
130091.1318359375
130013.4365234375
129933.9638671875
129856.49169921875
129782.71875
129703.85009765625
129625.591796875
129555.3974609375
129474.4541015625
129394.57421875
129323.92578125
129241.0888671875
129149.1943359375
129007.57275390625
128935.642578125
128827.25341796875
128559.39453125
128425.7509765625
128325.9501953125
128246.7724609375
128149.74658203125
128066.65625
127980.6591796875
127895.4560546875
127821.17822265625
127742.96484375
127662.251953125
127590.0283203125
127507.9208984375
127428.9345703125
127334.509765625
127247.0185546875
127173.3642578125
127099.8046875
127017.15771484375
126948.14111328125
126874.4638671875
126797.736328125
126722.0234375
126649.23046875
126579.51953125
126501.779296875
126429.70458984375
126358.72265625
126280.134765625
126201.72021484375
126127.55859375
126050.9267578125
125975.396484375
125898.91015625
125821.603515625
125742.65966796875
125668.748046875
125595.6240234375
125523.796875
125449.068359375
125371.400390625
125294.18896484375
125217.794921875
125136.5224609375
125062.53515625
124988.2978515625
124913.84375
124840.8974609375
124765.8359375
124690.390625
124615.44384765625
124538.47265625
124464.4189453125
124392.05615234375
124317.8056640625
124248.462890625
124170.591796875
124093.755859375
124024.00390625
123946.1806640625
123868.1005859375
123790.5869140625
123715.033203125
123635.017578125
123557.103515625
123487.966796875
123408.2607421875
123341.89453125
123268.7412109375
123195.24462890625
123126.3671875
123052.8076171875
122981.111328125
122913.06396484375
122848.73046875
122774.29150390625
122699.716796875
122630.78125
122556.228515625
122476.296875
122384.7744140625
122297.6416015625
122227.0439453125
122156.1259765625
122083.8037109375
122012.6494140625
121942.5703125
121874.8134765625
121804.60205078125
121739.345703125
121672.9423828125
121598.46435546875
121526.587890625
121458.78662109375
121385.283203125
121317.2216796875
121243.15380859375
121178.568359375
121105.458984375
121037.84326171875
120967.20703125
120901.0126953125
120834.3779296875
120765.01171875
120699.5
120633.9833984375
120556.98828125
120486.939453125
120416.9501953125
120349.4990234375
120274.83203125
120200.603515625
120133.6328125
120067.1123046875
119995.54150390625
119930.47412109375
119858.974609375
119785.40625
119721.1591796875
119654.892578125
119590.177734375
119524.43115234375
119464.1826171875
119386.693359375
119316.38916015625
119244.30078125
119179.509765625
119116.5888671875
119037.26416015625
118965.0576171875
118901.3525390625
118831.9140625
118771.8876953125
118715.7265625
118647.29931640625
118576.912109375
118511.4912109375
118444.5595703125
118381.01904296875
118321.98583984375
118251.5341796875
118188.39892578125
118119.666015625
118039.69580078125
117939.666015625
117890.26904296875
117693.9970703125
117634.41259765625
117561.67431640625
117477.8662109375
117417.6640625
117339.140625
117274.345703125
117211.6162109375
117143.8583984375
117077.9443359375
117006.95166015625
116939.841796875
116877.8603515625
116811.15966796875
116753.35546875
116679.0908203125
116615.32666015625
116546.2724609375
116477.15478515625
116415.21240234375
116343.60693359375
116285.8876953125
116217.947265625
116152.72216796875
116093.990234375
116017.134765625
115890.01513671875
115752.8115234375
115659.7568359375
115590.69677734375
115509.8896484375
115449.4853515625
115375.9833984375
115319.8505859375
115262.0703125
115198.8720703125
115140.3984375
115063.7822265625
115001.7216796875
114933.59326171875
114868.4619140625
114807.55078125
114743.904296875
114682.744140625
114624.0947265625
114554.96826171875
114497.74609375
114436.865234375
114370.97998046875
114309.69580078125
114250.49169921875
114192.5556640625
114133.8369140625
114070.888671875
114010.9619140625
113947.97802734375
113887.765625
113822.46337890625
113742.548828125
113682.7841796875
113623.890625
113559.1943359375
113492.2353515625
113393.318359375
113325.4853515625
113259.49609375
113195.423828125
113125.3642578125
113046.865234375
112980.6220703125
112922.77490234375
112863.4267578125
