cost:	
682621.7075195312
151398.16845703125
130857.6181640625
105378.404296875
100199.236328125
97508.484375
95739.45458984375
94591.71533203125
93602.453125
92579.09521484375
91334.91796875
90299.53515625
89156.68701171875
87573.45556640625
86338.95654296875
84950.8251953125
83375.322265625
81905.59033203125
80391.16918945312
78936.58227539062
77570.06420898438
76140.716796875
75010.15454101562
73565.87329101562
72298.66064453125
71123.33032226562
69842.45678710938
68642.70288085938
67325.72680664062
66150.04272460938
64944.93212890625
63875.103759765625
62687.971435546875
61708.771484375
60467.44873046875
59284.863037109375
58251.471435546875
57088.675537109375
56045.7763671875
54909.0263671875
54028.71630859375
52865.24951171875
51872.231689453125
50877.56884765625
49826.2734375
48743.559326171875
47744.315185546875
46736.062255859375
45698.53076171875
44785.5068359375
43767.754638671875
42837.4375
41913.251220703125
41072.606689453125
40178.953369140625
39352.114990234375
38520.560791015625
37747.92138671875
36945.53515625
36172.950439453125
35385.24890136719
34697.546630859375
33976.51354980469
33313.58020019531
32534.718017578125
31907.364501953125
31281.109375
30632.044799804688
30039.087646484375
29403.75927734375
28835.523071289062
28256.48046875
27721.860961914062
27183.9716796875
26698.069580078125
26160.922119140625
25694.89453125
25255.589111328125
24791.404052734375
24327.24658203125
23880.072265625
23438.66455078125
23054.607543945312
22656.535522460938
22272.56787109375
21911.506713867188
21554.495483398438
21206.763061523438
20872.434814453125
20561.593017578125
20253.127197265625
19985.31884765625
19681.721557617188
19406.514770507812
19139.747802734375
18868.091796875
18594.306030273438
18355.8037109375
18108.37646484375
17886.867797851562
17658.035278320312
17445.051147460938
17269.0166015625
17055.86181640625
16877.174926757812
16690.971557617188
16514.367065429688
16350.724609375
16179.527587890625
16022.22900390625
15873.054565429688
15713.448486328125
15586.637084960938
15436.259887695312
15308.968627929688
15158.418579101562
15025.281494140625
14900.8876953125
14785.819580078125
14714.308227539062
14584.2177734375
14457.185546875
14350.727783203125
14255.123168945312
14151.554565429688
14068.027587890625
13961.905639648438
13868.553100585938
13753.08056640625
13643.592041015625
13553.853271484375
13475.00048828125
13396.875610351562
13335.040405273438
13250.968505859375
13177.74072265625
13119.592407226562
13082.732299804688
13053.571899414062
12953.3583984375
12829.007690429688
12736.877685546875
12672.649047851562
12594.254638671875
12541.48095703125
12503.6328125
12485.563354492188
12480.103881835938
12467.435180664062
12426.530517578125
12312.958618164062
12212.655395507812
12117.95654296875
12057.005615234375
11992.04541015625
11942.01171875
11897.860595703125
11856.053344726562
11813.156127929688
11771.389892578125
11736.118041992188
11700.399047851562
11652.875854492188
11638.283325195312
11625.538452148438
11594.985595703125
11599.181640625
11598.407836914062
11647.25
11726.767456054688
11638.153198242188
11643.988464355469
11663.845947265625
11703.617309570312
11607.558715820312
11594.690307617188
11558.768676757812
11447.92578125
11334.585632324219
11207.056884765625
11146.188232421875
11091.458068847656
11042.406311035156
11015.439636230469
10976.534118652344
10952.273986816406
10924.665649414062
10898.303283691406
10875.437805175781
10855.125793457031
10846.428649902344
10858.4375
10844.878173828125
10806.632141113281
10775.026123046875
10759.156860351562
10729.470703125
10691.9794921875
10675.380859375
10664.090393066406
10620.40478515625
10607.566101074219
10590.934143066406
10569.895751953125
10555.182006835938
10534.652587890625
10516.344177246094
10510.801208496094
10493.808959960938
10470.074523925781
10459.954223632812
10440.955810546875
10437.951904296875
10467.962768554688
10476.293212890625
10455.564514160156
10424.92578125
10433.842590332031
10393.700317382812
10365.403625488281
10324.21142578125
10323.790893554688
10309.690612792969
10301.449035644531
10298.715148925781
10282.995483398438
10310.995300292969
10289.906433105469
10246.681213378906
10243.353515625
10255.299499511719
10266.110290527344
10270.992736816406
10310.802612304688
10375.541748046875
10342.006103515625
10292.846984863281
10292.371765136719
10227.600158691406
10144.661010742188
10088.804077148438
10116.375427246094
10189.124206542969
10216.024658203125
10247.004211425781
10274.987365722656
10214.209411621094
10200.762390136719
10174.125793457031
10132.394470214844
10020.31494140625
9980.803833007812
9940.054077148438
9936.828247070312
9950.698547363281
9986.578979492188
10050.407104492188
10036.784423828125
9970.080871582031
9991.063781738281
9966.194030761719
10008.680969238281
9921.47705078125
9894.6396484375
9823.752624511719
9795.296020507812
9797.848205566406
9790.656677246094
9775.569274902344
9766.314208984375
9783.721801757812
9815.3955078125
9826.398193359375
9846.684326171875
9944.700988769531
9978.21044921875
10134.19873046875
10268.558288574219
10477.046203613281
10259.156433105469
10031.729064941406
9867.96240234375
9774.976440429688
9703.589599609375
9665.192810058594
9647.351928710938
9639.574523925781
9634.055908203125
9604.572875976562
9596.409912109375
9597.81884765625
9590.97265625
9589.164123535156
9583.657958984375
9567.024047851562
9567.1953125
9557.053039550781
9541.416564941406
9541.349426269531
9555.7861328125
9546.984191894531
9516.692565917969
9524.708374023438
9512.899658203125
9521.396362304688
9505.844848632812
9493.656677246094
9488.153564453125
9477.680969238281
9498.698425292969
9515.2578125
9508.005065917969
9515.685546875
9490.517639160156
9450.080810546875
9431.7373046875
9421.885375976562
9412.584045410156
9414.101806640625
9406.29638671875
9410.388061523438
9400.942810058594
9398.899536132812
9401.80712890625
9420.001220703125
9413.517761230469
9411.318908691406
9461.922424316406
9501.922790527344
9552.370788574219
9598.329223632812
9549.289245605469
9523.856994628906
9536.339965820312
9585.37109375
9536.433227539062
9453.815307617188
9390.420166015625
9351.219665527344
9336.665344238281
9340.024658203125
9334.9765625
9345.978698730469
9338.594116210938
9310.511291503906
9304.083435058594
9316.048278808594
9336.204833984375
9339.663940429688
9360.914428710938
9361.617004394531
9352.114318847656
9324.854309082031
9288.050415039062
9274.580749511719
9262.661865234375
9274.43798828125
9253.24365234375
9239.305603027344
9224.176330566406
9220.784423828125
9208.22802734375
9211.998779296875
9210.505859375
9209.24609375
9212.444152832031
9206.523071289062
9200.065795898438
9192.725463867188
9183.075012207031
9212.56689453125
9273.891784667969
9289.034301757812
9264.858459472656
9250.993591308594
9224.578186035156
9221.481506347656
9221.032043457031
9218.328918457031
9225.319519042969
9219.185485839844
9211.460693359375
9193.194702148438
9165.322692871094
9160.696594238281
9177.25048828125
9194.997009277344
9203.804565429688
9192.299072265625
9193.066223144531
9183.369384765625
9221.627136230469
9221.30419921875
9230.928039550781
9220.795715332031
9175.946105957031
9182.684020996094
9192.212890625
9172.997985839844
9166.446411132812
