cost:	
2044676.8818359375
905616.3779296875
890867.8583984375
868717.7749023438
847952.1337890625
826098.6967773438
803695.4621582031
779277.7470703125
756484.7619628906
735201.30078125
712099.3095703125
691015.5498046875
668596.0573730469
647186.9995117188
627619.9638671875
605872.7543945312
584588.7707519531
562259.7614746094
541413.7705078125
517574.59423828125
494555.5905761719
470776.97119140625
448142.80322265625
425546.1993408203
402519.9294433594
380864.67333984375
360145.65173339844
339661.6564941406
321233.509765625
302538.765625
284019.2940673828
267417.79248046875
251878.44409179688
237791.8106689453
223668.01733398438
211067.6943359375
200141.494140625
189689.98657226562
179037.10693359375
169325.11853027344
160260.2744140625
152382.67651367188
144818.72845458984
137428.77404785156
130519.94036865234
123993.0517578125
118152.12829589844
112864.86627197266
108152.36392211914
103360.56311035156
98871.02117919922
94525.50622558594
90175.99127197266
86316.97576904297
82928.23718261719
79817.16290283203
76831.60986328125
74088.72253417969
71660.24896240234
69484.95428466797
67758.9789428711
65877.5562133789
63832.39776611328
61791.497985839844
59466.35729980469
57312.75817871094
55801.454498291016
54438.50036621094
53162.31750488281
52009.29602050781
50974.92852783203
49637.77603149414
47746.17657470703
46418.20559692383
45248.8193359375
43973.481689453125
43132.16177368164
42040.760665893555
41190.55940246582
40433.77685546875
39713.0617980957
38774.885330200195
38207.97375488281
37741.37203979492
37560.12628173828
37015.737060546875
35902.72790527344
35045.64303588867
34407.754318237305
33853.23498535156
33438.82290649414
32970.286560058594
32499.41571044922
32013.01383972168
31316.514739990234
30891.861724853516
30490.219345092773
30268.099639892578
29671.183654785156
29757.24981689453
29920.206481933594
28320.13706970215
27332.02081298828
26495.705947875977
25848.352966308594
25298.636337280273
25222.378875732422
25360.554641723633
25460.513626098633
25057.2804107666
25078.63316345215
25156.361755371094
24967.711044311523
24601.81719970703
24514.940063476562
24454.619140625
23971.65793609619
23579.00193786621
23198.02214050293
23116.648345947266
22839.2783203125
22883.08657836914
22759.45523071289
22598.198028564453
22432.128387451172
22106.25395965576
21946.03775024414
22102.701400756836
22040.82292175293
21946.131103515625
21541.637672424316
20918.65887451172
20859.79722595215
20856.292190551758
20799.47412109375
20628.04151916504
20463.54507446289
20669.108276367188
20746.678649902344
20989.552337646484
20658.21990966797
19943.918548583984
19611.974006652832
19756.603706359863
19468.52089691162
19205.462631225586
18965.2166595459
18646.778289794922
18778.55079650879
18834.405380249023
18776.86915588379
18057.99267578125
17313.105758666992
16967.633331298828
16765.494110107422
16754.217742919922
17135.959854125977
17052.85760498047
17038.183616638184
17290.380096435547
17112.280197143555
17128.148956298828
17265.667053222656
17278.165901184082
17251.776245117188
17565.723663330078
17591.477981567383
17211.85707092285
17127.73162841797
16827.668716430664
16525.607788085938
16395.77131652832
16402.828536987305
16568.99716949463
16259.907287597656
16263.360221862793
16487.26969909668
16445.345245361328
16314.247192382812
16190.704330444336
16089.42180633545
16358.315444946289
16406.46240234375
16205.024780273438
15871.698974609375
15605.918548583984
15474.455917358398
15571.776443481445
15634.912841796875
15765.581596374512
15710.16421508789
15881.293930053711
15683.644546508789
15316.721939086914
15128.912712097168
15426.683555603027
15474.822448730469
15547.19450378418
15520.802169799805
15552.831527709961
