cost:	
669675.8486328125
194391.73974609375
113922.75390625
93322.12744140625
81122.85034179688
72780.08642578125
65900.50537109375
60171.9658203125
55057.335693359375
50532.15625
46235.031982421875
42179.37805175781
38439.34313964844
35073.777099609375
32061.015502929688
29309.999633789062
26717.70849609375
24398.052978515625
22323.458251953125
20516.10870361328
18808.34893798828
17245.048461914062
15765.677368164062
14502.249938964844
13419.221496582031
12366.11962890625
11317.35678100586
10517.564331054688
9849.04541015625
9174.447540283203
8425.276794433594
7797.882080078125
7193.424346923828
6556.395416259766
6133.709167480469
5623.351867675781
5242.096145629883
4851.733215332031
4531.875091552734
4259.220764160156
3907.4623260498047
3625.9000396728516
3370.8655700683594
3178.1660919189453
3012.6780700683594
2859.1788635253906
2650.987030029297
2458.161796569824
2328.8921966552734
2291.166046142578
2116.0085525512695
2127.111915588379
2135.2793579101562
2081.0786056518555
1816.084228515625
1746.749771118164
1709.7373504638672
1769.297607421875
1769.234878540039
1737.6411514282227
1634.7248878479004
1790.9468231201172
1693.8229904174805
1613.9549179077148
1709.35498046875
2043.5397338867188
1839.9067153930664
1428.0177383422852
1419.8439025878906
1179.7276153564453
1032.706974029541
914.9574546813965
870.9908714294434
932.1100807189941
916.9401092529297
834.1034870147705
737.0874481201172
703.0615291595459
652.6060829162598
657.1656742095947
581.7532997131348
583.5295505523682
551.674147605896
560.2126998901367
643.4871292114258
676.2908382415771
691.4758052825928
747.0859870910645
757.939661026001
775.0979614257812
752.9666557312012
896.5275039672852
925.6397323608398
810.1828918457031
955.3613700866699
991.7757301330566
964.885009765625
946.3709182739258
912.9845123291016
1092.3856315612793
1058.6032104492188
1044.4535865783691
853.3608016967773
853.5004692077637
866.7082633972168
934.1967144012451
1142.430061340332
1369.087661743164
1322.1719779968262
1424.3422355651855
1566.2901153564453
1389.0377159118652
1250.0182991027832
978.30322265625
911.1295318603516
861.4701385498047
747.8946685791016
628.0311851501465
620.3333492279053
577.5464172363281
512.890796661377
542.1908302307129
529.3345718383789
540.0861206054688
742.7089500427246
680.7234268188477
729.8380279541016
1054.981315612793
1015.8486366271973
947.3788871765137
1011.168514251709
828.099084854126
782.0644073486328
935.3550033569336
848.2640018463135
962.6585121154785
954.9342880249023
915.1361465454102
978.796215057373
875.4926605224609
892.7474555969238
813.7856006622314
815.3362588882446
898.6221199035645
837.3802146911621
935.6364440917969
1089.994592666626
1090.822998046875
913.9359703063965
898.3181972503662
919.791934967041
934.3004741668701
952.2055702209473
858.0114212036133
761.0956211090088
792.3019981384277
704.7585296630859
718.3500576019287
703.8109817504883
609.7378158569336
612.435152053833
626.0945472717285
578.3532123565674
740.9699783325195
714.5898284912109
861.3719291687012
973.8150100708008
884.1211471557617
922.7387962341309
849.213846206665
805.323169708252
746.1332817077637
694.3027648925781
709.5601654052734
653.7340965270996
604.8410263061523
627.4110260009766
712.3154754638672
765.4910774230957
819.3285369873047
765.8309459686279
772.9962368011475
828.8864555358887
869.0415306091309
856.659049987793
947.8241653442383
992.1897926330566
864.537670135498
908.7320175170898
785.9802284240723
733.7178802490234
778.1248788833618
767.5680141448975
800.7714729309082
874.2933902740479
915.7402992248535
933.6920890808105
1006.8970108032227
1006.9713325500488
1195.456106185913
1122.2543296813965
1083.232292175293
1133.0902976989746
1081.2595176696777
1285.3128089904785
1258.6183052062988
1132.7610778808594
1101.366527557373
1019.5690612792969
1038.1972846984863
952.1575317382812
1038.701602935791
1059.1274852752686
1036.5639381408691
916.5808200836182
934.5352554321289
927.2078247070312
878.3279495239258
762.0610656738281
818.5319347381592
801.5704231262207
774.8861694335938
815.4009838104248
855.0406951904297
817.7621994018555
831.5790882110596
863.0663375854492
907.6402778625488
955.0487899780273
943.1393814086914
1091.6955032348633
1132.345085144043
1051.0394325256348
987.8823528289795
1117.7718696594238
1056.6024475097656
1029.3434524536133
977.1796875
1045.7679996490479
999.2166595458984
992.3431091308594
989.2666130065918
1013.0404434204102
1138.0443725585938
1190.0953521728516
1362.417350769043
1346.5412216186523
1293.0530815124512
1326.391502380371
1258.5775833129883
1421.4657745361328
1348.3473587036133
1287.9774932861328
1199.116226196289
1041.9792556762695
1088.5813751220703
1057.7852630615234
1024.6881523132324
1044.198829650879
1003.5412330627441
929.0956916809082
870.7699279785156
846.7166347503662
912.0088653564453
958.6472511291504
920.3485374450684
1014.3720951080322
932.9273319244385
801.0787696838379
834.6010818481445
874.0179748535156
901.0763778686523
894.4178371429443
847.9934501647949
795.4944038391113
842.3496246337891
843.1445541381836
914.858512878418
1138.7458534240723
1149.6667442321777
995.1037616729736
1027.3323574066162
980.109375
864.9555721282959
976.6674575805664
1075.037467956543
1091.4707336425781
1284.5967330932617
1178.8815269470215
1221.3577003479004
1257.5115051269531
1370.0540008544922
1322.4128494262695
1355.4753150939941
1351.5179595947266
1284.4169120788574
1289.9931411743164
1213.9872589111328
1285.1615676879883
1163.057622909546
1057.9491882324219
987.3948554992676
894.8847427368164
913.9172782897949
861.2247123718262
851.1182842254639
765.7263526916504
758.1211605072021
703.649772644043
759.0044021606445
784.2534732818604
819.2687454223633
839.4800300598145
997.8939819335938
1075.2850914001465
1012.9001121520996
939.4304847717285
970.7042007446289
842.9615325927734
983.4693717956543
805.7081604003906
919.1342277526855
934.3072547912598
993.6060981750488
1010.1760139465332
987.3868465423584
976.1108894348145
945.517635345459
968.1141586303711
901.5824375152588
888.2529525756836
869.8257102966309
992.9021301269531
886.9787902832031
901.2134742736816
898.1910934448242
799.2941131591797
833.5297660827637
795.3959045410156
835.1908569335938
829.2546348571777
759.9274864196777
772.812427520752
761.3110885620117
841.344367980957
886.1653633117676
841.992431640625
858.806884765625
760.4845142364502
781.3064785003662
852.546459197998
789.1246566772461
827.8730316162109
811.7337646484375
765.8867454528809
706.8404293060303
686.2035541534424
700.0439910888672
803.746955871582
865.6104850769043
827.4226303100586
912.5014572143555
877.2032661437988
833.0073738098145
814.670524597168
783.0081920623779
919.502628326416
1059.939193725586
1329.4151306152344
1198.0380325317383
1272.963550567627
1220.152976989746
1229.9796447753906
1112.350414276123
1139.658555984497
1100.7461547851562
1073.327377319336
1070.658821105957
1018.5315551757812
963.1463890075684
980.360767364502
965.0140895843506
1021.6970138549805
994.0057792663574
957.6263637542725
955.259147644043
999.5779304504395
964.6740417480469
963.9459838867188
1030.4134712219238
951.4350166320801
1005.1111450195312
1042.5854568481445
980.9379272460938
973.5387763977051
960.9953994750977
1112.1095848083496
1233.4933395385742
1228.580581665039
1342.5465908050537
