cost:	
1178617.890625
946515.83203125
724610.15234375
542314.5390625
406442.1923828125
304301.318359375
230682.193359375
181548.9990234375
148066.005859375
126257.91162109375
112281.751953125
103503.998046875
98269.6708984375
95063.98828125
93194.60009765625
92040.72216796875
91416.2060546875
90998.0537109375
90778.4140625
90621.14111328125
90547.009765625
90459.41943359375
90408.5068359375
90379.15478515625
90337.388671875
90314.638671875
90287.8759765625
90279.02197265625
90256.75244140625
90252.57080078125
90243.34423828125
90222.96337890625
90228.99389648438
90216.31787109375
90199.35498046875
90201.31298828125
90212.55810546875
90177.40283203125
90170.5146484375
90167.537109375
90159.6044921875
90155.08154296875
90151.94970703125
90152.73974609375
90150.3388671875
90137.7890625
90149.73168945312
90137.56811523438
90131.19262695312
90135.8056640625
90130.3056640625
90113.52709960938
90121.61328125
90104.38037109375
90101.8388671875
90099.10791015625
90106.41796875
90087.791015625
90068.24926757812
90098.99194335938
90061.30541992188
90069.42724609375
90044.552734375
90023.28247070312
90047.64111328125
90029.62573242188
90010.08764648438
90013.1728515625
89992.81616210938
90009.7333984375
89985.048828125
89977.10278320312
89945.93896484375
89950.67065429688
89931.4853515625
89930.6650390625
89893.60302734375
89899.07690429688
89877.59521484375
89869.08740234375
89851.26416015625
89834.80810546875
89818.025390625
89809.7138671875
89800.79248046875
89814.35473632812
89796.63354492188
89759.3076171875
89771.37158203125
89743.72314453125
89730.86303710938
89696.29956054688
89705.85888671875
89709.259765625
89683.29248046875
89666.1376953125
89636.0556640625
89624.41381835938
89588.6044921875
89572.2880859375
89534.69140625
89517.625
89490.2685546875
89459.841796875
89443.619140625
89433.45141601562
89405.5185546875
89386.666015625
89367.47924804688
89350.28076171875
89316.97607421875
89287.173828125
89250.1650390625
89221.14990234375
89109.95556640625
88942.19750976562
88556.97094726562
88275.56567382812
87878.58984375
87449.70263671875
87139.64404296875
86913.599609375
86651.82006835938
86459.21264648438
86295.70190429688
86072.53759765625
85916.2373046875
85651.59423828125
85412.47998046875
85058.06103515625
84763.44921875
84532.45458984375
84250.39453125
84027.98388671875
83848.35913085938
83509.33227539062
83292.16381835938
83020.3076171875
82730.24365234375
82489.0810546875
82179.6376953125
81974.44213867188
81801.83154296875
81520.017578125
81306.041015625
81107.17065429688
80949.54663085938
80774.97436523438
80545.41137695312
80424.99169921875
80263.44555664062
80143.23046875
80000.41625976562
79869.81640625
79746.6455078125
79585.3974609375
79405.83447265625
79248.40747070312
79102.73095703125
78980.9736328125
78816.15185546875
78677.19384765625
78539.14404296875
78431.9150390625
78307.49780273438
78191.4892578125
78085.2529296875
77942.36206054688
77839.083984375
77725.74609375
77597.521484375
77405.27514648438
77290.66479492188
77156.83959960938
76991.25634765625
76855.3232421875
76706.98999023438
76584.8603515625
76452.31616210938
76346.61694335938
76236.673828125
76098.01416015625
75960.64306640625
75800.52026367188
75688.35131835938
75558.16528320312
75439.96997070312
75329.97509765625
75175.38403320312
75056.3505859375
74955.27856445312
74814.16186523438
74714.59985351562
74593.22827148438
74480.69873046875
74354.99340820312
74250.27075195312
74112.20947265625
73987.16357421875
73856.95068359375
73728.19482421875
73622.8564453125
73486.58447265625
73364.19677734375
73252.1875
73126.1181640625
73015.51293945312
72891.55541992188
72775.78686523438
72655.7294921875
72534.01513671875
72398.197265625
72231.44653320312
72110.53466796875
71994.66943359375
71860.86303710938
71746.24096679688
71617.15869140625
71493.92822265625
71377.56005859375
71260.21533203125
71122.84692382812
71021.818359375
70903.93041992188
70790.32421875
70677.853515625
70532.23022460938
70413.47534179688
70300.30590820312
70160.59619140625
70037.46655273438
69912.45092773438
69800.1728515625
69674.7529296875
69546.20751953125
69379.544921875
69205.9169921875
69079.1005859375
68915.72705078125
68760.65942382812
68639.00170898438
68508.09887695312
68379.80395507812
68267.26904296875
68142.34912109375
68035.19580078125
67920.72607421875
67793.82177734375
67655.16650390625
67538.36767578125
67414.41333007812
67309.8203125
67202.53466796875
67078.90771484375
66968.75610351562
66865.78125
66763.12841796875
66649.26684570312
66543.5390625
66418.82543945312
66296.56909179688
66172.2333984375
66067.23510742188
65976.21728515625
65851.80249023438
65736.29150390625
65635.78247070312
65516.12109375
65414.028564453125
65299.419189453125
65197.078369140625
65068.46826171875
64952.83056640625
64835.3857421875
64696.46044921875
64591.861328125
64464.7109375
64359.890625
64251.56884765625
64140.50341796875
64029.2197265625
63922.64013671875
63811.500732421875
63717.26025390625
63604.143798828125
63490.05419921875
63375.962890625
63248.156982421875
63113.828369140625
63007.07177734375
62888.479736328125
62773.4794921875
62653.544189453125
62545.946044921875
62404.0908203125
62306.54638671875
62181.61962890625
62069.42529296875
61972.70849609375
61852.454345703125
61751.585205078125
61646.421875
61539.416015625
61432.926025390625
61317.749755859375
61229.938720703125
61136.44677734375
61012.265625
60912.545166015625
60793.23400878906
60693.394775390625
60608.386474609375
60496.117919921875
60374.99267578125
60252.7236328125
60154.230712890625
60025.417236328125
59930.2685546875
59817.18212890625
59692.12451171875
59570.538330078125
59458.55322265625
59345.66943359375
59232.3740234375
59126.860107421875
59022.491455078125
58900.83056640625
58807.897705078125
58711.45556640625
58601.798583984375
58499.745361328125
58399.6298828125
58299.103759765625
58194.5625
58083.029052734375
57988.886474609375
57875.2490234375
57768.0244140625
57643.087646484375
57524.354248046875
57394.1513671875
57286.6328125
57181.85986328125
57073.45703125
56965.8544921875
56821.584228515625
56689.803955078125
56573.718994140625
56455.203125
56337.9111328125
56229.7939453125
56107.69970703125
56016.8994140625
55927.17199707031
55817.42919921875
55709.369873046875
55577.754150390625
55476.911865234375
55360.4296875
55248.407958984375
55120.824462890625
55011.174072265625
54896.47021484375
54785.60986328125
54683.609130859375
54592.58239746094
54468.665283203125
54396.124267578125
54283.740478515625
54177.429931640625
54055.340576171875
53947.28466796875
53851.41467285156
53708.7060546875
53592.251953125
53491.281005859375
53396.535888671875
53281.338134765625
53164.553955078125
53058.793212890625
52942.119384765625
52857.241455078125
52755.515380859375
52650.752685546875
52571.732421875
52440.607177734375
52351.768798828125
52227.71728515625
52097.79931640625
51997.543701171875
51890.9443359375
51783.43359375
51694.061767578125
51588.484375
51475.31689453125
51345.814208984375
51243.680419921875
51142.201904296875
51044.604736328125
50928.270263671875
