cost:	
10767187.78515625
7527211.234375
5228402.8203125
3631535.6796875
2560472.3251953125
1867554.0302734375
1437547.650390625
1181118.0390625
1033639.2934570312
952047.7495117188
908033.5336914062
884731.2153320312
872426.8171386719
865949.1850585938
862372.3466796875
860308.7807617188
859022.1079101562
858202.8100585938
857593.498046875
857112.314453125
856744.69921875
856395.6411132812
856108.5971679688
855830.4379882812
855556.0346679688
855316.3583984375
854691.9956054688
854116.291015625
853627.40625
852802.5830078125
851985.1420898438
851203.7255859375
850402.8334960938
849288.5395507812
847850.2797851562
845967.3549804688
843334.0249023438
842478.943359375
842258.3623046875
838881.9995117188
837234.62890625
838124.4536132812
837375.2802734375
832990.3503417969
830469.8325195312
828865.2768554688
826959.7368164062
825745.1884765625
824337.3410644531
823141.935546875
822159.4780273438
821116.828125
820178.1801757812
819466.7021484375
818235.01171875
816480.6088867188
815046.5825195312
813830.2641601562
812621.8149414062
811755.6708984375
810270.21484375
809322.8173828125
807992.7543945312
807092.11328125
807543.8310546875
805660.0134277344
804373.9189453125
803173.9833984375
801795.3735351562
800890.31640625
799920.3315429688
799015.783203125
798364.330078125
797237.2788085938
796461.6826171875
797175.9106445312
795194.0717773438
793793.1259765625
793217.6572265625
792012.833984375
791480.0751953125
790747.2998046875
790198.7084960938
789217.7172851562
788629.9453125
787826.9165039062
787276.6323242188
786166.498046875
785599.0400390625
785190.1875
784608.46875
784008.8530273438
783579.5263671875
783500.0981445312
782938.4780273438
782518.3701171875
782105.384765625
781649.1923828125
781323.1962890625
781145.5581054688
780857.96484375
780362.0075683594
779877.810546875
779679.7431640625
778685.2919921875
778157.0341796875
777465.2072753906
777241.3125
776735.6928710938
776408.01953125
776141.0390625
775312.1108398438
775132.8325195312
775143.2451171875
774197.2741699219
773948.6967773438
773822.7495117188
773726.939453125
773140.1225585938
772829.9868164062
772744.3188476562
772424.1586914062
773909.2548828125
773181.6354980469
772017.1865234375
771993.9155273438
772937.0307617188
771592.201171875
771118.9284667969
770706.380859375
770018.0493164062
770081.9375
769482.7221679688
769357.30859375
769050.6064453125
768738.3349609375
768565.255859375
768567.6015625
768441.4794921875
767588.1059570312
767265.5971679688
767605.5068359375
767258.8413085938
766809.8017578125
766396.4892578125
766342.359375
765695.8896484375
765617.373046875
765333.0932617188
765121.3090820312
764698.4501953125
764513.7944335938
764216.5170898438
764058.5981445312
763774.7592773438
763854.1899414062
764024.017578125
763535.970703125
763104.7895507812
762951.3994140625
763044.5512695312
762849.24609375
762598.1967773438
761921.0859375
761987.4792480469
761987.142578125
761647.9340820312
761440.9685058594
761180.8249511719
761422.744140625
761537.56640625
760854.5209960938
760702.5463867188
761007.1694335938
760514.5590820312
759996.5444335938
760332.3173828125
760787.666015625
760283.0102539062
760195.3713378906
759355.1030273438
759502.1196289062
759035.23828125
758471.685546875
758096.9873046875
758519.0991210938
758611.7114257812
758858.2016601562
757994.37109375
758415.5151367188
757942.701171875
757458.7282714844
757261.6079101562
757396.9665527344
757065.9475097656
757586.9226074219
756463.744140625
755969.5141601562
756036.9526367188
755719.8388671875
