cost:	
1177947.0078125
946454.7109375
722973.447265625
542568.28515625
406502.5966796875
304302.5810546875
231390.234375
181763.185546875
147966.69287109375
126157.55810546875
112003.3798828125
103434.71240234375
98012.1083984375
94954.0439453125
92999.447265625
91874.49340820312
91198.681640625
90806.8125
90557.91650390625
90406.15087890625
90319.12426757812
90249.73291015625
90183.01416015625
90149.552734375
90104.12255859375
90090.96484375
90071.60693359375
90042.4501953125
90035.72290039062
90010.72900390625
90000.42553710938
89988.1787109375
89976.42578125
89983.14599609375
89974.98828125
89967.73266601562
89948.27856445312
89961.59130859375
89942.2958984375
89935.2421875
89928.15649414062
89938.6943359375
89920.10009765625
89906.43408203125
89910.53076171875
89905.22290039062
89930.64819335938
89876.6015625
89886.61572265625
89880.00146484375
89869.3876953125
89866.68798828125
89860.96704101562
89845.57421875
89859.3369140625
89846.9677734375
89844.21435546875
89830.92504882812
89831.77490234375
89831.21044921875
89817.75830078125
89801.46435546875
89799.50146484375
89782.3955078125
89771.80859375
89762.2578125
89750.01196289062
89734.8017578125
89730.43701171875
89726.361328125
89697.73486328125
89682.37866210938
89667.8203125
89644.833984375
89650.66845703125
89642.8564453125
89612.9462890625
89615.62036132812
89607.48046875
89626.0634765625
89579.91064453125
89552.80615234375
89544.08642578125
89538.130859375
89517.34033203125
89498.76489257812
89483.91943359375
89460.90454101562
89440.361328125
89408.32763671875
89393.2041015625
89397.44287109375
89378.2216796875
89347.88525390625
89337.44384765625
89327.16162109375
89318.51733398438
89334.6201171875
89264.98095703125
89251.076171875
89208.46508789062
89192.76220703125
89177.8720703125
89170.08349609375
89127.17163085938
89106.35546875
89084.69140625
89040.56982421875
89028.015625
88971.74780273438
88900.21044921875
88816.98559570312
88640.345703125
88355.265625
88091.7109375
87957.71337890625
87815.49462890625
87694.16455078125
87525.72045898438
87434.56713867188
87301.7138671875
87177.69018554688
87007.0234375
86755.1103515625
86374.48876953125
86034.68481445312
85813.7529296875
85505.0048828125
85129.11962890625
84766.90747070312
84520.44873046875
84187.25366210938
83781.5498046875
83478.60424804688
83257.7314453125
83056.89233398438
82836.75073242188
82658.81762695312
82482.7587890625
82340.83447265625
82195.91650390625
82085.72241210938
81897.1708984375
81727.36303710938
81604.53466796875
81490.69018554688
81347.28833007812
81199.44189453125
81090.54638671875
80954.91479492188
80821.85278320312
80693.125
80573.5009765625
80438.5009765625
80203.59545898438
80058.74536132812
79854.09155273438
79686.12353515625
79514.62646484375
79357.84301757812
79237.39868164062
79091.787109375
78868.44921875
78710.29370117188
78490.55712890625
78330.65380859375
78175.33032226562
78018.95434570312
77844.72143554688
77716.61254882812
77527.2490234375
77421.45458984375
77274.12768554688
77160.8984375
77037.1376953125
76900.71484375
76791.75146484375
76660.15087890625
76543.91381835938
76433.7958984375
76269.2255859375
76175.06469726562
76049.68701171875
75937.08813476562
75749.50415039062
75589.00903320312
75485.798828125
75311.13623046875
75144.814453125
75015.978515625
74896.12670898438
74771.015625
74647.60986328125
74526.03564453125
74411.4931640625
74280.64453125
74165.3037109375
74026.63330078125
73893.15234375
73727.21118164062
73603.62109375
73455.84155273438
73274.99682617188
73140.921875
73016.75756835938
72801.16284179688
72680.63671875
72541.1240234375
72403.07446289062
72240.47265625
72110.46704101562
71992.16723632812
71845.23974609375
71740.65551757812
71610.05322265625
71489.08227539062
71376.01416015625
71244.50048828125
71118.93603515625
70983.53051757812
70861.63012695312
70762.50170898438
70634.1259765625
70501.359375
70391.11181640625
70275.302734375
70169.20849609375
70036.552734375
69934.49291992188
69805.46362304688
69693.33764648438
69578.08276367188
69456.08813476562
69340.66528320312
69223.01025390625
69118.5986328125
68998.18994140625
68873.14306640625
68744.57104492188
68621.11108398438
68507.08740234375
68386.5087890625
68257.11987304688
68150.84252929688
68017.62084960938
67904.69555664062
67780.607421875
67664.81982421875
67558.66259765625
67433.78955078125
67311.06762695312
67197.1845703125
67091.75927734375
66972.97631835938
66854.51025390625
66760.37866210938
66654.1025390625
66524.51025390625
66420.10302734375
66280.24169921875
66142.98315429688
66038.91284179688
65924.50073242188
65812.3544921875
65707.25170898438
65574.96948242188
65472.48388671875
65355.94677734375
65246.791259765625
65116.663330078125
65011.579833984375
64903.9892578125
64775.142333984375
64679.655029296875
64566.15234375
64453.888916015625
64334.203369140625
64223.123779296875
64119.18115234375
63996.839599609375
63875.446044921875
63753.68896484375
63645.419189453125
63545.478759765625
63426.62060546875
63336.3779296875
63209.36572265625
63111.841064453125
62963.504150390625
62836.844482421875
62720.46337890625
62598.488037109375
62495.635009765625
62391.76806640625
62276.880126953125
62171.025146484375
62037.226806640625
61928.565185546875
61811.8896484375
61710.23095703125
61589.76123046875
61480.370849609375
61372.090576171875
61255.79833984375
61136.284912109375
61023.561279296875
60903.929931640625
60776.249755859375
60657.697021484375
60555.95068359375
60430.969970703125
60336.46240234375
60232.194091796875
60138.384033203125
60061.655029296875
59943.929931640625
59850.077880859375
59730.967041015625
59624.424072265625
59521.66845703125
59393.784423828125
59300.472900390625
59203.627197265625
59090.7080078125
58978.9189453125
58870.6240234375
58776.979736328125
58680.3564453125
58551.0810546875
58410.419921875
58304.421142578125
58199.689453125
58081.34326171875
57970.272216796875
57884.57861328125
57732.2041015625
57623.35693359375
57528.35986328125
57392.05517578125
57269.04248046875
57186.613037109375
57067.612548828125
56940.69189453125
56831.447265625
56729.759765625
56624.163330078125
56512.028076171875
56401.32421875
56278.515625
56176.102294921875
56078.644775390625
55954.49755859375
55834.47314453125
55719.697509765625
55614.670654296875
55510.05578613281
55386.308837890625
55290.795166015625
55178.28662109375
55065.926025390625
54972.4130859375
54863.74401855469
54754.8251953125
54654.086669921875
54528.978271484375
54412.88830566406
54311.08642578125
54205.27099609375
54087.58837890625
53981.229248046875
53885.43994140625
53790.665771484375
53694.81591796875
53619.49560546875
53509.417724609375
53417.313720703125
53280.893798828125
53198.242431640625
53094.7685546875
53009.839599609375
52879.86669921875
52763.30969238281
52678.51171875
52545.844482421875
52455.588623046875
52367.979248046875
52283.622314453125
52173.4013671875
52078.328125
51968.1279296875
51868.440185546875
51757.578369140625
51702.1669921875
51586.414306640625
51472.224853515625
51397.33984375
51309.87353515625
51185.059326171875
51093.792236328125
50979.531005859375
