cost:	
634835.9580078125
164811.76220703125
111824.29931640625
101366.31396484375
94504.8115234375
91592.87426757812
89227.14965820312
87842.1875
86308.47216796875
84861.3447265625
83279.59814453125
81849.25561523438
80180.30419921875
78485.19799804688
76849.24560546875
74808.17749023438
72795.30297851562
70949.22119140625
69105.45336914062
67157.60205078125
65208.350830078125
63359.365234375
61573.8515625
59906.1806640625
58092.914306640625
56599.140869140625
54762.95849609375
53131.31628417969
51417.147216796875
49811.34375
48237.77844238281
46653.563232421875
45257.614013671875
43748.7265625
42163.0849609375
40655.642333984375
39237.62292480469
37822.31591796875
36531.31298828125
35099.160400390625
33777.655029296875
32542.333862304688
31204.53369140625
29958.186645507812
28693.233520507812
27636.684936523438
26505.70196533203
25469.349975585938
24370.01904296875
23294.98583984375
22278.035034179688
21414.22052001953
20493.450561523438
19661.665771484375
18844.124145507812
18042.17803955078
17306.63836669922
16572.844787597656
15840.599426269531
15218.812316894531
14542.301818847656
13927.556762695312
13360.470581054688
12750.867980957031
12203.021026611328
11676.744506835938
11174.539642333984
10699.69775390625
10240.151184082031
9793.071228027344
9389.963134765625
8980.141662597656
8615.433288574219
8226.291290283203
7898.158355712891
7572.395660400391
7243.752014160156
6907.724884033203
6625.622497558594
6337.603668212891
6053.4068603515625
5803.1802978515625
5540.283843994141
5320.948989868164
5082.825256347656
4863.225891113281
4662.806442260742
4477.4237060546875
4287.847595214844
4110.680221557617
3935.7467346191406
3778.4464111328125
3623.9603576660156
3476.157485961914
3330.9054260253906
3203.9798736572266
3063.1294555664062
2941.415084838867
2826.459686279297
2712.710662841797
2610.683639526367
2495.4811477661133
2406.2593383789062
2318.931838989258
2234.670684814453
2154.294792175293
2066.6414642333984
1993.1153259277344
1914.2836303710938
1854.6354904174805
1784.7047882080078
1717.0259246826172
1654.1288146972656
1592.7245178222656
1540.62890625
1488.7537155151367
1437.4197158813477
1393.3782043457031
1342.0350952148438
1303.33154296875
1261.7860717773438
1218.6114196777344
1180.8841094970703
1147.4575805664062
1109.3004760742188
1075.543758392334
1041.94677734375
1012.670726776123
989.1701698303223
955.2816352844238
930.5404434204102
894.8184585571289
871.3624610900879
846.716911315918
839.8671646118164
810.8455123901367
802.8185005187988
780.911678314209
745.3542938232422
731.7276153564453
707.9737854003906
689.9884643554688
673.4312782287598
662.2356872558594
649.8492202758789
631.6412506103516
629.1173248291016
610.5467147827148
599.8379287719727
590.350227355957
567.9320526123047
557.1608657836914
544.4979286193848
538.3025207519531
530.5677795410156
513.7459907531738
505.0507469177246
495.67794036865234
485.2451057434082
478.8783760070801
467.80249786376953
455.28456115722656
450.30058670043945
445.4372138977051
441.63692474365234
435.6546821594238
429.82173919677734
425.1483612060547
419.04735946655273
408.45116806030273
405.79384994506836
407.5613441467285
411.0416374206543
415.2654800415039
402.3820571899414
438.4325714111328
393.32357025146484
398.966495513916
384.9795551300049
383.58246994018555
396.35854721069336
386.8596725463867
395.625
391.84601974487305
401.4303321838379
406.43337059020996
419.9668159484863
431.9376163482666
430.406681060791
417.63397216796875
413.1597709655762
409.6994438171387
414.7340030670166
436.7128791809082
456.05749893188477
453.6949577331543
518.3511428833008
512.6127700805664
493.2196979522705
430.75687408447266
420.985502243042
427.9737606048584
401.0687675476074
399.74620246887207
389.9848346710205
405.58288955688477
422.3128604888916
411.4480972290039
380.22235107421875
368.54137802124023
352.59730529785156
337.31910133361816
327.3332042694092
322.67271614074707
324.1096706390381
328.9412155151367
326.38183784484863
330.552095413208
320.63411712646484
323.07229804992676
325.10997200012207
320.11955070495605
322.98020935058594
316.7242088317871
326.0311031341553
322.20175552368164
320.97920417785645
329.9542465209961
341.7062225341797
357.0314254760742
360.9252815246582
360.22026443481445
359.4387893676758
382.3921604156494
447.27296447753906
542.0211696624756
585.5933570861816
617.9612579345703
656.1268844604492
704.5329208374023
587.0068473815918
502.7135925292969
454.400390625
432.04394149780273
410.6977939605713
364.9205131530762
355.1957530975342
327.77358627319336
325.59313201904297
334.1472568511963
340.13473320007324
322.4528751373291
328.0208549499512
314.7491264343262
305.13089179992676
299.66868019104004
295.2852478027344
284.91506576538086
280.221399307251
276.8731060028076
282.58937644958496
279.6988182067871
278.55009841918945
270.73045921325684
270.4820976257324
267.3198585510254
263.7900810241699
261.21725273132324
264.6563243865967
264.0205307006836
268.4366970062256
270.7507724761963
274.90597343444824
280.98870277404785
286.448881149292
290.6056270599365
301.6907768249512
300.6931324005127
303.97694206237793
323.1162929534912
346.30009841918945
374.2862129211426
395.58121490478516
414.57971572875977
503.06562423706055
614.2674522399902
569.2355308532715
507.5926284790039
441.8617286682129
396.541166305542
370.6177558898926
366.65925216674805
355.9967784881592
350.34697341918945
348.13001823425293
343.06560134887695
316.6792449951172
313.72430419921875
313.3383159637451
301.63182830810547
304.99941062927246
295.6058826446533
286.78064918518066
302.65505599975586
308.53515243530273
305.6798629760742
296.1017894744873
287.27385902404785
290.600154876709
284.5400695800781
278.42856216430664
274.56961822509766
272.6352996826172
275.32152366638184
277.74585914611816
278.5102195739746
280.3714656829834
282.2856693267822
282.6494941711426
273.44178009033203
274.6480007171631
268.0116329193115
275.69945907592773
283.9238929748535
303.1066646575928
299.8696689605713
291.45276832580566
297.32887840270996
302.0294418334961
320.37150382995605
338.03237533569336
351.98211669921875
366.0753993988037
369.33739280700684
390.3158187866211
408.671630859375
388.64512062072754
403.52115058898926
390.13993072509766
377.53061294555664
357.82616233825684
343.7901782989502
350.2689628601074
355.85781478881836
416.3375473022461
433.9163188934326
459.84548568725586
441.44407844543457
457.8504886627197
489.31066131591797
516.6970710754395
464.9103660583496
444.6831741333008
432.2422637939453
391.5792598724365
359.0533447265625
336.91051483154297
320.4540386199951
305.18688774108887
300.2290287017822
298.87464332580566
285.49401473999023
297.40632820129395
281.7272834777832
308.94188690185547
301.9922790527344
289.6371879577637
286.91955947875977
281.45885467529297
268.35438537597656
257.3396759033203
254.03521347045898
256.7326412200928
251.0972843170166
255.27593421936035
259.277156829834
248.41436576843262
248.91152954101562
254.7087459564209
246.4985694885254
242.38662910461426
245.3949489593506
253.42556762695312
252.79592323303223
259.78388595581055
277.001989364624
284.31563568115234
290.2516441345215
276.2550964355469
290.76352882385254
305.45780754089355
305.9416027069092
287.60840034484863
303.4720878601074
311.5870170593262
319.9511318206787
324.71705627441406
327.9003601074219
347.9040336608887
373.3917465209961
