cost:	
1047571.15625
586878.328125
276199.04296875
140065.26513671875
99679.2890625
93726.08251953125
92942.60546875
91787.96044921875
91153.7333984375
90837.64794921875
90723.2958984375
90645.27709960938
90594.927734375
90563.45141601562
90531.18994140625
90493.2978515625
90480.029296875
90425.58422851562
90413.49169921875
90426.4970703125
90432.7275390625
90420.99926757812
90393.68212890625
90407.01416015625
90374.869140625
90438.06298828125
90373.8427734375
90346.21899414062
90344.98461914062
90344.599609375
90337.57470703125
90365.32470703125
90341.08862304688
90240.48608398438
90252.60693359375
90277.23828125
90323.74755859375
90263.12255859375
90243.82568359375
90284.40576171875
90238.31909179688
90202.98120117188
90233.61474609375
90311.142578125
90183.77099609375
90239.42114257812
90236.90380859375
90198.41650390625
90124.53076171875
90147.23095703125
90111.41650390625
90086.68115234375
90087.1083984375
90011.77978515625
90068.27905273438
90037.40380859375
90041.31201171875
89950.5166015625
89963.32861328125
89943.24951171875
89951.75463867188
89959.2421875
89928.5859375
89908.97436523438
89823.13427734375
89859.310546875
89837.466796875
89783.24462890625
89780.77587890625
89739.30029296875
89709.49267578125
89653.23071289062
89642.17114257812
89644.82666015625
89583.958984375
89580.14868164062
89576.474609375
89532.494140625
89531.080078125
89444.86987304688
89443.94580078125
89400.5068359375
89308.0
89245.55737304688
89145.53784179688
88962.89599609375
88751.38549804688
88539.62915039062
88348.53759765625
88200.30419921875
87967.76245117188
87733.58935546875
87494.0654296875
87273.4033203125
86857.7919921875
86545.171875
86268.1142578125
85967.77099609375
85746.73583984375
85306.2607421875
84969.8837890625
84662.875
84451.80078125
84211.27197265625
83810.04956054688
83492.404296875
83239.88525390625
82913.27734375
82643.71728515625
82261.11254882812
81783.5009765625
81490.5107421875
81167.45263671875
80845.7109375
80505.68359375
80125.45556640625
79753.32592773438
79370.42822265625
79070.421875
78732.79052734375
78407.93432617188
78083.58666992188
77802.05786132812
77473.08471679688
77136.88671875
76795.9580078125
76530.54077148438
76192.3037109375
75885.52270507812
75590.70434570312
75268.7841796875
74942.64794921875
74639.14013671875
74360.82690429688
74046.751953125
73748.47680664062
73455.36376953125
73146.37719726562
72855.83251953125
72462.498046875
72188.3408203125
72019.23754882812
71654.30590820312
71370.61328125
71034.48852539062
70826.10327148438
70499.46606445312
70190.3828125
69895.67749023438
69601.16821289062
69280.18310546875
68986.78930664062
68715.96801757812
68438.578125
68190.77856445312
67888.56323242188
67630.57348632812
67354.82299804688
67077.6767578125
66817.51416015625
66558.94067382812
66276.9150390625
66007.81396484375
65718.72412109375
65510.517578125
65165.242431640625
64901.64794921875
64612.420654296875
64361.312255859375
64129.22021484375
63852.2431640625
63554.2509765625
63316.91064453125
62998.649658203125
62736.36865234375
62482.07275390625
62178.721435546875
61885.86181640625
61617.1650390625
61388.527587890625
61095.826416015625
60785.70751953125
60523.9169921875
60278.527587890625
60046.947021484375
59714.4658203125
59446.20166015625
59209.3896484375
58972.301513671875
58642.554443359375
58414.13671875
58132.814208984375
57870.649169921875
57597.11181640625
57321.5517578125
57064.5771484375
56787.319091796875
56457.4580078125
56209.19482421875
55959.62841796875
55671.076171875
55362.0625
55118.490234375
54820.044921875
54553.001220703125
54266.70458984375
54036.96044921875
53752.53076171875
53491.5546875
53222.811279296875
52951.013427734375
52665.2314453125
52393.464599609375
52135.806884765625
51858.0078125
51566.03039550781
51304.22180175781
51013.2119140625
50756.46435546875
50475.856201171875
50203.86669921875
49936.9765625
49636.05603027344
49364.75158691406
49090.6103515625
48842.85046386719
48546.214599609375
48263.051513671875
47974.857666015625
47732.1005859375
47452.75390625
47165.93212890625
46923.86950683594
46648.45361328125
46371.7470703125
46075.05419921875
45817.897216796875
45541.212158203125
45264.472900390625
45017.592041015625
44736.51110839844
44450.755859375
44209.383056640625
43927.739990234375
43668.416259765625
43383.045166015625
43140.514404296875
42859.73669433594
42600.50012207031
42351.227294921875
42076.55871582031
41818.82373046875
41578.64221191406
41313.10205078125
41059.895263671875
40800.44592285156
40567.15625
40335.321044921875
40082.38854980469
39855.34558105469
39591.251708984375
39360.69787597656
39120.85693359375
38846.618408203125
38628.384521484375
38358.43615722656
38131.604736328125
37895.01794433594
37636.57287597656
37427.84069824219
37190.14697265625
36951.65295410156
36725.56311035156
36477.86633300781
36253.10302734375
36000.8447265625
35773.15771484375
35536.61633300781
35308.99890136719
35072.15576171875
34843.96765136719
34636.24548339844
34396.22106933594
34152.78430175781
33939.32800292969
33726.67138671875
33492.9248046875
33274.765869140625
33056.42468261719
32827.405517578125
32622.990112304688
32389.767944335938
32169.933227539062
31972.66455078125
31775.8203125
31555.18359375
31318.096069335938
31103.659912109375
30902.5751953125
30689.113159179688
30482.345703125
30295.948486328125
30100.42236328125
29906.7607421875
29699.102478027344
29508.800659179688
29324.681030273438
29125.979614257812
28925.043579101562
28738.590087890625
28537.8916015625
28347.532653808594
28166.625122070312
27993.653076171875
27821.07861328125
27663.4521484375
27466.892211914062
27291.979614257812
27117.619750976562
26922.502563476562
26760.391479492188
26578.398010253906
26409.217041015625
26238.353881835938
26067.02392578125
25895.192138671875
25727.7490234375
25546.158081054688
25368.51239013672
25194.560546875
25025.748413085938
24871.81964111328
24721.380981445312
24574.353149414062
24388.888061523438
24240.699279785156
24086.53271484375
23951.884033203125
23772.12255859375
23633.7138671875
23492.2685546875
23335.14422607422
23173.758850097656
23033.016662597656
22897.713623046875
22760.43408203125
22601.400451660156
22442.054809570312
22270.994750976562
22139.76318359375
21991.859985351562
21856.626892089844
21723.95458984375
21585.69500732422
21464.00909423828
21343.92156982422
21203.494689941406
21046.42413330078
20944.950805664062
20808.973999023438
20686.464233398438
20539.57012939453
20398.115112304688
20280.771484375
20156.779907226562
20036.055725097656
19936.63330078125
19813.227172851562
19710.808532714844
19615.705017089844
19496.165771484375
19388.529174804688
19234.172241210938
19116.092163085938
18979.508728027344
18851.686767578125
18709.197875976562
18609.932861328125
18489.594787597656
18367.31951904297
18275.726684570312
18177.44512939453
18096.148071289062
18000.552612304688
17914.804077148438
17797.50323486328
17685.677673339844
17577.33331298828
17450.145141601562
17339.09344482422
17234.184997558594
17129.57159423828
17018.410583496094
16918.570739746094
16785.54571533203
16687.127014160156
16552.389038085938
16439.60760498047
16356.932250976562
16273.241455078125
