cost:	
2293480.3305664062
999915.41015625
900464.859375
811371.3935546875
734530.4829101562
665409.28125
601521.7958984375
543197.7905273438
498442.7404785156
464338.09375
428997.783203125
396562.7175292969
373947.70166015625
353037.568359375
333267.3371582031
320652.509765625
304023.0817871094
287354.64306640625
275241.380859375
263087.5070800781
253671.82641601562
245787.16455078125
242196.57055664062
233070.8564453125
226607.19409179688
226138.26977539062
226639.31884765625
229867.708984375
222872.82397460938
218296.97583007812
215507.5693359375
210336.24536132812
208498.55700683594
205909.4647216797
203039.58618164062
199755.5379638672
200314.2822265625
200018.06079101562
201364.80993652344
203995.34545898438
202847.7156982422
204059.03515625
202143.2335205078
200397.47387695312
197491.01171875
193984.02490234375
192521.9248046875
198541.49951171875
194076.09838867188
191368.85876464844
190971.68530273438
181144.93005371094
175701.9970703125
170258.07946777344
166806.26708984375
166434.3585205078
169341.74438476562
171662.04138183594
175181.77172851562
175806.20703125
176582.64208984375
179999.52697753906
175764.42114257812
173786.98608398438
169682.99182128906
172015.57946777344
178722.63220214844
180617.1746826172
179948.46923828125
182055.9024658203
179004.31115722656
175319.17797851562
172759.2802734375
173170.56787109375
173286.18432617188
177743.89916992188
179006.1378173828
175343.2781982422
176773.8565673828
178190.80627441406
176321.4951171875
176292.6571044922
173844.63232421875
172071.81115722656
167600.8653564453
164051.2657470703
160450.01611328125
162334.8876953125
168446.1942138672
169552.87756347656
171784.8017578125
171220.35473632812
171100.36657714844
168438.9501953125
169671.09350585938
169147.99487304688
173704.8966064453
172514.77770996094
170399.3983154297
165458.60791015625
162184.84411621094
155874.6650390625
149833.6953125
145856.3123779297
142172.5557861328
140810.5302734375
145957.98181152344
147923.2567138672
147826.3466796875
150484.11547851562
153421.29125976562
159591.703125
166141.13549804688
161362.7041015625
162198.8878173828
161979.4716796875
160059.0498046875
160465.1993408203
160421.43420410156
156582.2918701172
153956.8223876953
152266.54663085938
148948.86865234375
146025.16796875
145234.6873779297
149474.4161376953
153499.79541015625
155502.44177246094
160008.35693359375
163144.90942382812
165266.73583984375
163208.126953125
161208.92810058594
160017.33081054688
163332.52661132812
158005.76135253906
153668.3670654297
145207.8126220703
145191.2381591797
147685.94763183594
152826.3348388672
154828.18322753906
158258.4552001953
158293.05688476562
156007.99072265625
150028.0517578125
148134.37036132812
145606.6866455078
146409.86694335938
146321.59228515625
148228.1883544922
140308.62182617188
140445.96826171875
141200.2900390625
145585.546875
141705.0625
143689.2010498047
139479.19787597656
140295.32543945312
138033.82678222656
142493.5499267578
138621.46130371094
138954.56994628906
138238.91662597656
142022.36645507812
142437.65173339844
142576.6123046875
142222.90161132812
145066.90295410156
146315.76098632812
145135.64001464844
145910.45727539062
148423.78125
145750.81713867188
144738.91748046875
143941.06311035156
142786.27587890625
141555.65856933594
139710.2900390625
136641.57849121094
133802.32788085938
135739.44995117188
136914.1776123047
138486.30895996094
141434.2159423828
142457.41284179688
144129.9744873047
143940.5284423828
147027.44946289062
146757.10107421875
145530.4814453125
145408.9989013672
141585.02172851562
142286.53466796875
143488.00659179688
139984.7393798828
140154.72778320312
139406.13720703125
140574.50720214844
141610.39624023438
146556.5399169922
137095.2166748047
127855.5302734375
126168.0517578125
124242.60290527344
123111.85205078125
123666.37048339844
125040.56665039062
126958.15002441406
127374.52258300781
127884.33557128906
126815.8095703125
128354.42883300781
127893.21484375
129564.53637695312
131223.6787109375
132168.5408935547
134358.42919921875
135307.75170898438
132431.60815429688
137177.22338867188
142163.36962890625
140838.82360839844
140057.30297851562
144380.81982421875
145375.80895996094
145403.76220703125
140001.23950195312
137369.55212402344
131812.34985351562
127635.99243164062
128592.24169921875
130558.07189941406
126958.76538085938
124069.78442382812
123789.95849609375
126001.68798828125
126902.17553710938
128176.06506347656
130556.83703613281
132932.23986816406
133574.60412597656
134385.82080078125
134623.72033691406
135273.06970214844
136495.4493408203
135032.3800048828
132289.07385253906
135078.83276367188
133943.27697753906
132457.04663085938
128091.84729003906
117905.21130371094
111798.64184570312
112319.95141601562
113714.4638671875
117145.75842285156
120259.67761230469
124293.14575195312
125261.18640136719
126129.33837890625
125487.56359863281
123631.87805175781
122749.32275390625
121194.60693359375
120451.97875976562
119338.48815917969
119379.42639160156
122311.76940917969
124686.93969726562
126248.14599609375
126351.55883789062
128524.88439941406
129067.16125488281
131217.2950439453
133190.90588378906
129410.47241210938
125183.21069335938
123479.64990234375
120004.04077148438
119899.91687011719
121330.00769042969
121817.484375
123786.84680175781
121794.69348144531
120051.38916015625
120641.107421875
122842.00341796875
126008.91235351562
127684.66149902344
127912.31286621094
128451.61022949219
128613.853515625
127856.78405761719
123942.28234863281
123380.02978515625
122974.14282226562
122799.8955078125
121314.35388183594
121495.93103027344
119125.13635253906
112800.73809814453
108140.49389648438
105790.23779296875
104857.14465332031
105005.83276367188
106898.17346191406
108697.00476074219
113890.54614257812
118774.19787597656
119702.15002441406
121949.85791015625
121198.78576660156
118099.43151855469
117701.7109375
116961.24645996094
117366.10241699219
116829.19836425781
118617.07080078125
120162.96667480469
120793.34924316406
119366.25561523438
116926.60595703125
112656.39526367188
112434.37487792969
115000.2412109375
119012.40148925781
122417.07116699219
124419.79479980469
128000.06237792969
124211.22680664062
121672.7451171875
122395.458984375
122568.12280273438
119064.6083984375
120800.85900878906
117452.68103027344
116268.72619628906
113832.119140625
111914.97326660156
112970.74792480469
112012.9345703125
113863.26208496094
113976.75854492188
118623.59313964844
122718.57250976562
122355.70251464844
123194.73852539062
124940.74011230469
120478.32043457031
114162.86889648438
105603.40124511719
100638.58837890625
100766.93005371094
100178.40551757812
102317.97229003906
102722.90496826172
104855.8857421875
106910.63659667969
106423.63781738281
110089.66003417969
112034.99865722656
114964.19213867188
116301.21520996094
115189.66369628906
111770.10498046875
110795.21301269531
109817.7744140625
111339.9091796875
115057.6611328125
116647.90454101562
116177.12127685547
113272.30340576172
111451.23120117188
110256.591796875
113156.03625488281
113595.04406738281
114281.79321289062
112274.04248046875
109865.47692871094
107186.11254882812
107774.34008789062
107308.65502929688
107095.9482421875
107521.65319824219
107843.80712890625
108512.77160644531
110064.28295898438
113252.97143554688
115633.93408203125
116112.77355957031
115763.90380859375
112390.56665039062
111274.55078125
111265.54443359375
109204.90319824219
108127.10913085938
106168.51879882812
105831.11169433594
106245.2568359375
