cost:	
1101311.22265625
694628.05078125
380253.7529296875
210401.8427734375
129322.66796875
101613.443359375
94109.14990234375
92093.37524414062
91395.05322265625
91002.44653320312
90794.185546875
90678.7421875
90611.67700195312
90572.09033203125
90494.4931640625
90469.98291015625
90423.17578125
90443.40087890625
90396.3701171875
90367.78173828125
90341.97021484375
90350.1962890625
90361.76879882812
90356.71630859375
90316.19921875
90351.72705078125
90287.05859375
90264.1572265625
90282.775390625
90235.61889648438
90249.95629882812
90270.43286132812
90266.79248046875
90251.1337890625
90230.41064453125
90224.23193359375
90199.25439453125
90205.41577148438
90171.23852539062
90228.392578125
90233.45947265625
90165.60400390625
90210.15673828125
90191.64501953125
90170.5615234375
90179.763671875
90141.564453125
90118.83715820312
90090.45434570312
90117.40771484375
90113.7744140625
90077.05517578125
90047.5771484375
90096.732421875
90046.1669921875
90078.14404296875
90023.00146484375
90052.111328125
90009.37353515625
90037.34814453125
89990.3369140625
89968.08203125
89964.64453125
89924.36596679688
89916.21533203125
89899.93701171875
89833.68676757812
89838.76245117188
89857.33642578125
89766.05908203125
89711.09716796875
89765.615234375
89744.63720703125
89663.44702148438
89687.36572265625
89633.26513671875
89625.03540039062
89597.95654296875
89583.31591796875
89569.3095703125
89511.77978515625
89392.42407226562
89261.64965820312
89238.79248046875
89029.92578125
88866.22021484375
88743.90209960938
88572.4853515625
88405.19677734375
88167.36547851562
88000.1328125
87738.7744140625
87640.87841796875
87429.41528320312
87283.77392578125
87182.095703125
87032.833984375
86862.62060546875
86713.5908203125
86596.14404296875
86396.15771484375
86176.2890625
85950.314453125
85792.44604492188
85572.88354492188
85372.96142578125
85177.06323242188
84990.166015625
84748.17138671875
84487.208984375
84164.2451171875
83881.0107421875
83506.67578125
83278.56005859375
83069.56030273438
82799.5615234375
82544.15258789062
82346.73974609375
82049.15063476562
81839.07153320312
81605.67504882812
81323.92114257812
81099.28295898438
80893.50317382812
80648.89819335938
80452.76831054688
80231.0341796875
79959.29809570312
79711.22924804688
79431.37548828125
79216.8671875
78991.50708007812
78734.37060546875
78526.626953125
78360.4833984375
78117.04052734375
77916.13647460938
77728.26586914062
77460.82885742188
77310.8427734375
77048.61474609375
76823.41284179688
76644.97998046875
76417.75512695312
76229.94018554688
76020.81713867188
75855.95581054688
75636.07666015625
75413.88989257812
75254.310546875
75000.39428710938
74777.24755859375
74495.37182617188
74275.40966796875
74062.00073242188
73855.8515625
73625.94262695312
73426.90234375
73127.720703125
72896.91162109375
72647.19799804688
72412.62915039062
72174.71313476562
71952.13037109375
71712.63525390625
71441.123046875
71211.44995117188
70956.28784179688
70687.59155273438
70479.92700195312
70184.02392578125
69919.08374023438
69682.62548828125
69416.22998046875
69169.064453125
68907.6337890625
68628.17700195312
68363.35498046875
68116.11059570312
67858.85327148438
67644.1318359375
67397.29321289062
67145.8544921875
66915.53247070312
66674.1376953125
66431.41137695312
66176.94458007812
65922.5693359375
65681.0244140625
65430.89111328125
65181.056884765625
64907.547119140625
64709.345458984375
64435.16357421875
64230.89697265625
63987.238037109375
63747.4228515625
63534.51953125
63289.36376953125
63048.00244140625
62791.177490234375
62543.3935546875
62328.607421875
62077.526611328125
61878.141357421875
61656.524169921875
61410.776123046875
61176.12109375
60997.174072265625
60744.769287109375
60516.967529296875
60307.4619140625
60061.078125
59871.52880859375
59646.173583984375
59391.573974609375
59115.353515625
58906.781494140625
58682.6572265625
58437.411376953125
58235.205810546875
57987.76904296875
57754.282958984375
57575.008544921875
57328.26416015625
57101.89990234375
56871.184814453125
56648.8818359375
56409.6044921875
56212.5830078125
55953.107666015625
55727.221923828125
55513.031982421875
55296.833984375
55092.83740234375
54830.48779296875
54605.74658203125
54403.3486328125
54167.13952636719
53947.92175292969
53696.681396484375
53464.921142578125
53247.248291015625
53021.051025390625
52815.5693359375
52562.23046875
52338.6865234375
52133.7353515625
51911.83349609375
51703.79150390625
51467.00927734375
51253.9482421875
51014.996826171875
50786.444091796875
50583.314208984375
50367.02587890625
50150.5966796875
49930.862060546875
49695.94580078125
49513.245849609375
49285.446044921875
49048.718017578125
48846.27734375
48666.389404296875
48455.480224609375
48224.767822265625
48000.3515625
47785.440185546875
47575.177490234375
47349.90283203125
47161.62756347656
46954.5732421875
46727.021484375
46514.309814453125
46313.373291015625
46114.04235839844
45893.00537109375
45687.0927734375
45469.57373046875
45272.364990234375
45044.42907714844
44860.85461425781
44666.736328125
44460.467529296875
44266.336669921875
44022.43408203125
43812.92810058594
43586.65270996094
43374.901123046875
43185.56213378906
42979.96862792969
42786.1220703125
42579.0810546875
42402.258056640625
42196.57189941406
41992.478271484375
41788.23571777344
41599.91345214844
41390.90686035156
41200.25244140625
40973.127685546875
40791.41442871094
40597.2119140625
40397.729248046875
40223.83142089844
40032.94226074219
39851.80456542969
39662.99670410156
39499.96826171875
39304.935546875
39135.05517578125
38938.84130859375
38759.622802734375
38585.9638671875
38416.635498046875
38227.032958984375
38083.47937011719
37931.65441894531
37742.52783203125
37579.37072753906
37400.03466796875
37229.52111816406
37038.17932128906
36839.595458984375
36666.137451171875
36486.608154296875
36312.47204589844
36163.75451660156
35991.747802734375
35836.77307128906
35677.01574707031
35493.10778808594
35345.197265625
35143.64855957031
34993.64831542969
34840.983642578125
34671.85498046875
34485.49499511719
34338.373779296875
34151.98669433594
33988.978759765625
33865.929443359375
33716.718017578125
33514.968994140625
33360.18786621094
33209.22033691406
33028.14367675781
32866.392333984375
32708.726440429688
32565.5927734375
32430.75927734375
32283.986083984375
32123.0712890625
31984.48486328125
31832.554321289062
31674.254272460938
31535.658203125
31411.68017578125
31285.595092773438
31155.208129882812
30995.786865234375
30820.393432617188
30663.015869140625
30517.1083984375
30382.158203125
30244.67236328125
30115.831481933594
29996.200805664062
29841.588134765625
29708.353149414062
29562.12939453125
29419.17169189453
29300.961303710938
29168.298583984375
29021.292114257812
28895.040161132812
28751.623657226562
28621.680725097656
28480.603393554688
28370.66650390625
28239.62890625
28132.928344726562
28015.481323242188
27881.651977539062
27745.840454101562
27590.791381835938
27460.944580078125
27345.55126953125
27238.100952148438
27114.545043945312
26996.020629882812
26880.525390625
26753.840087890625
26640.172241210938
26504.906005859375
26375.7001953125
26254.313598632812
26133.390380859375
26017.638916015625
25902.987426757812
