cost:	
789714.8349609375
153939.61328125
141133.923828125
105778.07275390625
101556.1650390625
97737.6279296875
96178.2578125
95419.861328125
94812.80688476562
94345.61279296875
93911.89428710938
93332.720703125
92679.619140625
91913.22119140625
91107.54296875
90277.4365234375
89332.13134765625
88552.26123046875
87662.16455078125
86534.84619140625
85670.0625
84959.4794921875
83805.05786132812
82707.99072265625
81910.62451171875
80747.17749023438
79913.67138671875
78872.75317382812
77911.41430664062
76822.43774414062
76065.74365234375
74996.95361328125
74135.04541015625
73185.61279296875
72297.8603515625
71597.69750976562
70655.4853515625
69874.84106445312
69036.92919921875
68199.12939453125
67449.82006835938
66635.13500976562
65912.65893554688
65111.734619140625
64306.312255859375
63636.03271484375
62978.09912109375
62197.575927734375
61358.72216796875
60687.09423828125
59923.177001953125
59254.28369140625
58538.166015625
57968.927001953125
57135.2119140625
56508.21533203125
55838.781494140625
55196.99755859375
54413.733642578125
53686.03173828125
53096.52587890625
52390.52294921875
51739.481689453125
51108.48779296875
50447.0498046875
49771.416748046875
49117.910888671875
48453.23388671875
47756.0458984375
47093.51806640625
46462.5302734375
45759.985595703125
45128.3935546875
44482.30810546875
43864.107666015625
43232.78173828125
42553.889892578125
41922.23046875
41279.833740234375
40636.915283203125
40061.53466796875
39490.294189453125
38851.68896484375
38275.348388671875
37727.799072265625
37183.476806640625
36570.64306640625
36010.30407714844
35521.9423828125
34924.828125
34378.25830078125
33851.781005859375
33360.732666015625
32864.91357421875
32341.945068359375
31827.044921875
31335.320068359375
30838.222045898438
30408.727416992188
29936.408325195312
29474.7080078125
29043.546875
28603.545166015625
28201.453002929688
27837.418701171875
27418.8251953125
27057.277465820312
26701.07373046875
26316.707397460938
25964.386596679688
25618.629150390625
25290.4912109375
24962.835693359375
24643.548950195312
24277.572265625
23997.922119140625
23680.289306640625
23367.347045898438
23098.063720703125
22802.088623046875
22534.7197265625
22264.1611328125
21995.555786132812
21720.68505859375
21465.950805664062
21213.421997070312
20976.344360351562
20753.83642578125
20538.20556640625
20339.30517578125
20101.655517578125
19863.468994140625
19660.693115234375
19467.830932617188
19280.025268554688
19094.1943359375
18899.239990234375
18708.3330078125
18533.443237304688
18375.460693359375
18196.401245117188
18056.688842773438
17879.8251953125
17745.252319335938
17606.528076171875
17479.140747070312
17355.97021484375
17196.29736328125
17046.431274414062
16877.2978515625
16718.203735351562
16567.913330078125
16452.30712890625
16335.723999023438
16198.777465820312
16084.46826171875
15976.538452148438
15882.002197265625
15778.682373046875
15675.782836914062
15562.979736328125
15475.772338867188
15384.218383789062
15289.510620117188
15204.234375
15138.494750976562
15030.83251953125
14944.5595703125
14881.53466796875
14818.873413085938
14755.699462890625
14712.406860351562
14586.556396484375
14494.57275390625
14413.865234375
14340.22509765625
14266.07763671875
14188.69677734375
14116.709106445312
14064.170166015625
13998.9736328125
13918.021240234375
13874.48876953125
13838.001220703125
13782.009887695312
13723.498046875
13639.53955078125
13583.095458984375
13535.402587890625
13487.549438476562
13416.0009765625
13351.014282226562
13295.440673828125
13246.840454101562
13194.331909179688
13179.106689453125
13172.598754882812
13201.87109375
13219.307250976562
13276.943969726562
13530.765380859375
13742.750244140625
13511.168334960938
13274.235717773438
13005.616943359375
12955.835205078125
12863.193481445312
12797.291748046875
12762.291625976562
12678.403930664062
12601.03662109375
12539.494018554688
12474.867065429688
12432.493286132812
12394.02197265625
12356.574462890625
12320.55517578125
12284.9033203125
12258.501220703125
12248.279663085938
12245.653930664062
12234.097045898438
12191.538208007812
12172.305419921875
12126.84423828125
12094.810424804688
12054.204467773438
12019.593505859375
11984.994140625
11962.932495117188
11929.696899414062
11912.095458984375
11883.94384765625
11862.261596679688
11842.064697265625
11842.52099609375
11810.8193359375
11781.108276367188
11753.470092773438
11739.203247070312
11727.47265625
11721.406860351562
11706.764404296875
11684.604125976562
11680.565673828125
11680.199096679688
11660.677856445312
11638.059326171875
11599.005981445312
11593.831665039062
11552.4228515625
11541.832275390625
11563.466064453125
11541.084594726562
11501.444702148438
11497.057006835938
11468.63671875
11419.524536132812
11396.322265625
11383.826904296875
11382.57373046875
11349.723876953125
11323.333374023438
11295.822631835938
11276.087646484375
11265.905639648438
11238.605346679688
11225.806518554688
11207.634765625
11193.057739257812
11190.114501953125
11186.410522460938
11171.416259765625
11181.40869140625
11195.002197265625
11254.794311523438
11253.6767578125
11207.244018554688
11197.716674804688
11197.941162109375
11146.9287109375
11154.015808105469
11224.510620117188
11254.154663085938
11182.250732421875
11171.148681640625
11187.709228515625
11155.101684570312
11126.396728515625
11093.80322265625
11044.272583007812
11002.381286621094
10947.02978515625
10935.424011230469
10908.557373046875
10880.729858398438
10864.808227539062
10842.209594726562
10846.607971191406
10843.698608398438
10824.442260742188
10813.531494140625
10829.703735351562
10806.01708984375
10787.652770996094
10778.2802734375
10755.559143066406
10739.820983886719
10734.534240722656
10723.509338378906
10722.326599121094
10723.734802246094
10740.809509277344
10867.902770996094
10942.092163085938
10844.168090820312
10782.3515625
10718.877136230469
10695.480529785156
10671.304077148438
10662.03662109375
10653.062744140625
10652.637084960938
10631.736694335938
10613.558898925781
10595.878540039062
10587.405151367188
10584.740905761719
10583.990478515625
10577.824523925781
10560.999816894531
10556.614501953125
10553.649291992188
10561.790466308594
10557.008972167969
10562.708129882812
10554.541015625
10561.86669921875
10559.724243164062
10555.956176757812
10579.382202148438
10591.943725585938
10587.707214355469
10580.267333984375
10557.723327636719
10526.767700195312
10529.81005859375
10503.11328125
10476.51025390625
10458.386657714844
10443.106384277344
10443.644958496094
10461.597106933594
10450.702941894531
10434.630554199219
10431.031372070312
10416.555419921875
10413.127807617188
10406.523742675781
10384.982849121094
10369.493225097656
10358.1669921875
10348.294006347656
10344.332580566406
10327.647583007812
10324.217651367188
10314.874084472656
10309.6240234375
10302.932495117188
10302.0908203125
10299.158264160156
10314.002075195312
10314.31396484375
10335.115844726562
10366.123840332031
10368.422729492188
10355.934020996094
10326.279174804688
10305.15087890625
10338.866943359375
10355.4931640625
10327.767639160156
10321.653869628906
10299.470092773438
10347.963745117188
10323.107421875
10269.685546875
10263.515441894531
10241.735290527344
10226.076599121094
10211.235961914062
10194.019470214844
10184.189819335938
10172.183776855469
10176.848571777344
10183.952514648438
10172.731872558594
10169.233947753906
10157.483337402344
10145.964660644531
