cost:	
1010219.07421875
407053.3173828125
240151.4296875
179411.85546875
139490.8486328125
118326.7021484375
106859.25927734375
98745.34399414062
92814.65649414062
88294.5166015625
84642.89965820312
81557.5029296875
78999.13916015625
76810.1982421875
74734.3759765625
72973.66381835938
71297.234375
69822.8994140625
68630.49047851562
67263.98852539062
65930.20166015625
64819.235595703125
63491.25390625
62435.307373046875
61355.69091796875
60283.098876953125
59334.02783203125
58379.7861328125
57456.290283203125
56567.79638671875
55650.504638671875
54844.454833984375
53967.32373046875
53155.798828125
52342.548583984375
51584.547119140625
50820.77587890625
50050.93994140625
49294.994384765625
48584.99658203125
47842.7490234375
47150.206298828125
46465.5244140625
45794.668212890625
45129.76123046875
44476.37841796875
43880.85607910156
43262.497314453125
42631.9443359375
42075.259765625
41537.07958984375
40902.721923828125
40388.54455566406
39839.91662597656
39312.470703125
38784.880859375
38276.937255859375
37825.655517578125
37324.788818359375
36869.283935546875
36407.835205078125
35937.114013671875
35513.64514160156
35052.792236328125
34657.8427734375
34254.58825683594
33866.288818359375
33469.940673828125
33079.84362792969
32729.615600585938
32346.188110351562
31978.886352539062
31608.681396484375
31287.64306640625
30925.103149414062
30575.583251953125
30280.184204101562
29951.063110351562
29662.856689453125
29384.882690429688
29065.556884765625
28782.525634765625
28501.999145507812
28205.404296875
27901.711791992188
27638.913330078125
27395.05419921875
27164.508056640625
27083.63330078125
26819.88720703125
26583.251586914062
26296.887451171875
25984.181030273438
25687.4189453125
25432.764526367188
25234.485717773438
25048.938110351562
24818.456909179688
24598.915649414062
24410.599731445312
24185.096923828125
23976.428100585938
23756.99169921875
23556.408203125
23369.938598632812
23176.642333984375
22995.280029296875
22835.40234375
22638.032592773438
22508.396118164062
22339.63800048828
22169.974243164062
22036.891052246094
21858.375061035156
21725.689880371094
21574.502197265625
21390.81622314453
21261.59747314453
21112.47479248047
20998.69158935547
20871.828491210938
20709.141357421875
20578.464599609375
20489.814697265625
20321.4677734375
20208.256958007812
20063.808715820312
19953.671875
19813.483520507812
19710.78839111328
19606.57177734375
19445.344970703125
19403.92108154297
19376.86572265625
19378.776977539062
19465.806640625
19610.440795898438
19019.002014160156
19255.863159179688
18889.475708007812
18664.124389648438
18419.64666748047
18430.639526367188
18215.927795410156
18114.180603027344
17923.803833007812
17834.99365234375
17732.580505371094
17580.81085205078
17458.41357421875
17356.014892578125
17266.65118408203
17175.18768310547
17047.33282470703
16980.024169921875
16881.64617919922
16786.926635742188
16719.73193359375
16623.922973632812
16537.10528564453
16447.88201904297
16382.194152832031
16312.483215332031
16246.802307128906
16177.774658203125
16124.790222167969
16017.866760253906
15954.257781982422
15907.483276367188
15828.914611816406
15775.044189453125
15694.055603027344
15674.290710449219
15594.509643554688
15535.571350097656
15457.878112792969
15384.412414550781
15328.575378417969
15244.306579589844
15184.026489257812
15106.175231933594
15023.39892578125
14971.55126953125
14968.029724121094
15008.863342285156
15002.023559570312
14887.191711425781
14874.657165527344
14771.871887207031
14708.698181152344
14657.511291503906
14730.894104003906
14772.06591796875
14636.802856445312
15150.929382324219
14887.963745117188
14765.079528808594
14694.524353027344
14399.953918457031
14493.848754882812
14315.045227050781
14331.803283691406
14565.270812988281
15137.260864257812
15504.905700683594
15964.081115722656
16618.758544921875
15618.147277832031
14576.707275390625
14042.175048828125
13812.916198730469
13764.261901855469
13522.605712890625
13393.815673828125
13260.596008300781
13133.473510742188
13054.779479980469
12975.036193847656
12936.805419921875
12873.537170410156
12835.450134277344
12798.274047851562
12765.7841796875
12743.504150390625
12672.201293945312
12636.240539550781
12591.154113769531
12505.259399414062
12445.321685791016
12412.083129882812
12360.98828125
12301.412841796875
12259.549011230469
12221.753845214844
12180.747619628906
12138.760375976562
12088.624633789062
12056.384552001953
12035.906982421875
11987.992553710938
11939.178924560547
11931.732299804688
11899.513916015625
11844.528747558594
11819.72412109375
11765.041442871094
11735.143981933594
11710.999633789062
11687.720153808594
11682.593139648438
11621.979309082031
11567.414184570312
11551.994995117188
11496.252685546875
11472.170227050781
11451.55078125
11442.388305664062
11399.507202148438
11344.646087646484
11317.103759765625
11276.786163330078
11266.940185546875
11270.327941894531
11281.521209716797
11271.260681152344
11322.123626708984
11526.451538085938
11395.685089111328
11419.424743652344
11431.403259277344
11325.500854492188
11151.659057617188
11149.444274902344
11236.799285888672
11175.86068725586
11155.791778564453
11157.679565429688
11252.331359863281
11352.515930175781
11850.210998535156
11927.303161621094
11966.163452148438
11816.397766113281
11661.704956054688
11505.738586425781
11294.076721191406
11073.056396484375
10974.492401123047
10820.639465332031
10658.714782714844
10661.601806640625
10555.377716064453
10497.19287109375
10416.703002929688
10341.68798828125
10286.625518798828
10253.329406738281
10203.110107421875
10175.225402832031
10201.823547363281
10146.042724609375
10077.596466064453
10075.175506591797
10045.294311523438
10026.385345458984
9995.520965576172
9971.897338867188
9920.695129394531
9920.424896240234
9931.893188476562
9910.156677246094
9874.741271972656
9813.591766357422
9819.24169921875
9825.866485595703
9827.401336669922
9819.756286621094
9782.901306152344
9736.110809326172
9746.455657958984
9822.793273925781
9751.783966064453
9733.01351928711
9776.865051269531
9716.890655517578
9733.838928222656
9726.863586425781
9687.040710449219
9657.536651611328
9641.024353027344
9555.914825439453
9618.406280517578
9654.72720336914
9576.574096679688
9576.179565429688
9638.699768066406
9783.836364746094
10328.2666015625
10256.825622558594
10077.408233642578
10110.316467285156
9851.539001464844
10042.121063232422
9950.335876464844
9837.145477294922
9723.628234863281
9638.504913330078
9854.900909423828
9639.537841796875
9442.141632080078
9371.444763183594
9213.74038696289
9142.046447753906
9059.310180664062
9057.18392944336
8971.501556396484
8990.722381591797
8858.17398071289
8817.373779296875
8788.353302001953
8736.30746459961
8695.504638671875
8690.570343017578
8656.090087890625
8589.402435302734
8596.473388671875
8577.594665527344
8569.605072021484
8521.557739257812
8522.056884765625
8584.281799316406
8594.454528808594
8570.319305419922
8589.293518066406
8605.14208984375
8696.462097167969
8797.222930908203
9302.507507324219
9220.520324707031
8908.332702636719
9065.8935546875
8873.13363647461
8800.95816040039
8738.000793457031
8728.647033691406
8754.352600097656
8953.315856933594
9186.24154663086
9079.558197021484
9061.310089111328
8857.892059326172
8638.734130859375
8694.685333251953
8721.479461669922
8759.03695678711
8597.952117919922
8521.432708740234
8379.172271728516
8397.368743896484
8286.770751953125
