cost:	
1230443.765625
1218022.45703125
1206038.2890625
1193029.0625
1179625.15625
1165375.29296875
1150698.56640625
1135780.52734375
1120702.3515625
1106233.96484375
1091839.3359375
1078184.5546875
1064762.05859375
1051926.359375
1039435.22265625
1027293.5390625
1015452.23828125
1003848.703125
992564.14453125
981444.484375
970493.15234375
959660.97265625
949112.40625
938588.828125
928441.1484375
918188.35546875
908228.22265625
898231.92578125
888465.546875
878871.513671875
869191.83984375
859765.365234375
850449.8828125
841251.14453125
832206.625
822978.625
814225.64453125
805234.63671875
796667.41796875
787944.16015625
779473.453125
770899.87890625
762648.50390625
754324.720703125
746157.78515625
737874.91796875
729891.7734375
722087.3671875
714077.587890625
706400.38671875
698814.5234375
691441.35546875
684204.63671875
676995.525390625
669956.05078125
662882.69921875
655911.45703125
649055.2578125
642258.076171875
635410.091796875
628634.7421875
622104.431640625
615513.828125
609073.025390625
602550.78125
596193.65625
589873.162109375
583581.65625
577531.1796875
571304.763671875
565190.8359375
559251.302734375
553315.859375
547373.134765625
541560.23046875
535793.439453125
530096.236328125
524475.3046875
518827.78515625
513296.421875
507856.255859375
502380.1171875
497012.1875
491655.634765625
486410.32421875
481278.697265625
476013.275390625
470977.7265625
465981.154296875
460918.982421875
455985.91015625
451029.107421875
446288.140625
441471.072265625
436776.654296875
431994.78515625
427415.359375
422778.798828125
418278.701171875
413759.00390625
409389.83203125
405149.28125
400982.154296875
396847.5546875
392784.474609375
388717.5986328125
384711.8779296875
380696.978515625
376807.5205078125
372951.36328125
369081.072265625
365266.5
361507.6455078125
357751.6875
354097.11328125
350479.517578125
346803.291015625
343270.78125
339773.5234375
336252.9140625
332752.0927734375
329387.9833984375
325969.28515625
322619.763671875
319358.8818359375
316032.880859375
312749.8671875
309509.625
306319.6083984375
303162.01953125
300040.0263671875
296875.859375
293839.46484375
290801.0556640625
287795.31640625
284788.81640625
281884.537109375
278978.1494140625
276143.3017578125
273286.2099609375
270492.1953125
267733.275390625
265037.1591796875
262296.5498046875
259676.005859375
257030.7333984375
254428.6162109375
251863.673828125
249367.994140625
246872.4033203125
244424.65234375
242099.103515625
239790.10546875
237487.388671875
235259.4912109375
233022.5029296875
230815.1240234375
228660.2880859375
226542.064453125
224380.927734375
222325.611328125
220231.3212890625
218220.8740234375
216198.2890625
214207.24609375
212235.9443359375
210302.830078125
208410.08984375
206498.67626953125
204658.611328125
202800.3505859375
200967.95703125
199169.537109375
197409.2939453125
195690.380859375
193949.9892578125
192236.078125
190594.47021484375
188917.14892578125
187273.52880859375
185668.7529296875
184079.61669921875
182517.9814453125
180952.8037109375
179439.9306640625
177926.115234375
176444.07421875
174985.40771484375
173537.2392578125
172092.287109375
170702.63818359375
169316.5234375
167954.46484375
166587.1337890625
165286.09619140625
163969.66796875
162671.82958984375
161409.693359375
160146.3681640625
158921.16650390625
157721.08251953125
156541.0322265625
155440.53955078125
154308.50732421875
153197.9375
152107.54736328125
151022.267578125
149985.283203125
148938.17431640625
147892.88037109375
146874.69384765625
145892.36669921875
144885.8671875
143933.77587890625
142964.05419921875
142031.45068359375
141100.10302734375
140178.76904296875
139268.19384765625
138385.57861328125
137517.72802734375
136645.8720703125
135791.61279296875
134967.140625
134130.34375
133312.822265625
132521.453125
131723.53515625
130954.60205078125
130190.91943359375
129429.259765625
128693.5712890625
127966.40234375
127250.68017578125
126546.458984375
125849.3037109375
125157.22607421875
124489.314453125
123829.44580078125
123169.6630859375
122532.78466796875
121895.4462890625
121279.29443359375
120658.40185546875
120067.064453125
119479.763671875
118887.69970703125
118312.65576171875
117761.07177734375
117190.2197265625
116666.79833984375
116152.7939453125
115639.95361328125
115147.37890625
114655.85107421875
114171.5673828125
113692.7294921875
113237.9306640625
112766.81689453125
112310.25732421875
111865.99340820312
111430.0712890625
110996.63134765625
110573.23779296875
110153.63720703125
109744.38403320312
109345.21435546875
108957.28173828125
108565.5380859375
108180.45654296875
107813.609375
107443.15625
107080.24462890625
106730.78466796875
106368.96435546875
106030.01318359375
105692.57202148438
105360.8134765625
105033.38525390625
104717.34130859375
104396.50390625
104090.30908203125
103787.45361328125
103494.02587890625
103202.14111328125
102924.6962890625
102633.794921875
102357.80615234375
102090.8115234375
101821.36865234375
101559.12646484375
101302.23876953125
101057.197265625
100812.3623046875
100561.4892578125
100332.85107421875
100100.0048828125
99873.64111328125
99644.8447265625
99427.76611328125
99215.44873046875
99009.2705078125
98810.90478515625
98612.974609375
98418.3984375
98231.333984375
98042.7451171875
97859.42578125
97691.91918945312
97514.58813476562
97340.36474609375
97173.255859375
97004.4736328125
96846.765625
96685.0185546875
96527.87719726562
96380.50732421875
96232.43725585938
96078.412109375
95940.94165039062
95793.84033203125
95657.568359375
95518.1650390625
95383.1435546875
95249.9384765625
95126.890625
95002.76904296875
94872.85986328125
94756.95336914062
94593.3369140625
94479.802734375
94363.57202148438
94237.1806640625
94169.75927734375
94022.7158203125
93919.8310546875
93813.5634765625
93716.55322265625
93598.24243164062
93519.65844726562
93407.60864257812
93311.9140625
93222.55908203125
93118.40771484375
93033.48266601562
92943.00048828125
92862.6708984375
92781.00537109375
92697.10009765625
92606.33544921875
92531.3037109375
92437.06762695312
92350.84228515625
92285.8193359375
92210.3974609375
92140.2646484375
92078.298828125
92006.005859375
91925.80517578125
91823.59228515625
91777.51171875
91708.314453125
91646.8310546875
91586.63427734375
91538.931640625
91476.26245117188
91428.30615234375
91370.04345703125
91317.8642578125
91265.15087890625
91220.462890625
91172.01318359375
91120.46435546875
91075.27612304688
91033.36303710938
90983.986328125
90943.0771484375
90901.2880859375
90856.4619140625
90816.54809570312
90774.5498046875
90736.63208007812
90699.93359375
90662.4912109375
90623.96313476562
90588.27319335938
90546.0673828125
90583.60546875
90540.01904296875
90504.07495117188
90451.33618164062
90410.107421875
90379.86059570312
90341.10522460938
90312.5400390625
90281.7138671875
90249.9609375
90216.35791015625
90236.06079101562
90163.69555664062
