cost:	
1205597.640625
967487.4609375
623835.40625
421813.7099609375
336964.0908203125
293529.875
270833.4609375
249757.12890625
231563.611328125
216916.9169921875
203546.3701171875
191348.70263671875
180554.7705078125
171634.00390625
163568.8759765625
157139.1513671875
150851.24658203125
145680.13671875
141385.37744140625
137422.57958984375
133168.7529296875
129937.30322265625
126834.20166015625
124004.0068359375
121418.58447265625
119143.85986328125
116887.3466796875
114823.740234375
113048.51318359375
111294.8916015625
109576.93359375
108065.36083984375
106685.68017578125
105342.04150390625
104036.04248046875
102827.00634765625
101793.0859375
100705.55786132812
99745.32177734375
98705.99780273438
97792.27880859375
96946.1435546875
96104.509765625
95363.03662109375
94599.37133789062
93859.3251953125
93148.349609375
92485.64306640625
91856.44262695312
91267.98046875
90673.57421875
90131.5263671875
89546.0029296875
89075.42700195312
88518.99096679688
88069.236328125
87564.322265625
87110.3486328125
86644.07397460938
86236.35668945312
