cost:	
1230100.9609375
1217702.5546875
1205303.93359375
1192792.63671875
1180467.98046875
1168013.33984375
1155684.3125
1143845.77734375
1131832.34375
1120143.6640625
1108579.1796875
1096979.21875
1085345.974609375
1073785.53515625
1062421.8828125
1051372.78125
1039931.8359375
1028898.91015625
1017803.48828125
1006706.40625
995814.93359375
985263.34765625
974679.72265625
964193.453125
953874.98046875
943704.86328125
933797.87109375
923871.8359375
913939.22265625
904247.24609375
894618.87109375
885343.703125
875757.82421875
866494.546875
857300.46875
848225.70703125
839284.6015625
830265.35546875
821506.86328125
812784.12890625
804079.46484375
795467.67578125
787221.380859375
778717.541015625
770425.66015625
762179.376953125
754048.763671875
745986.29296875
738093.45703125
730004.015625
722536.1171875
714966.59765625
707644.43359375
700392.341796875
693159.513671875
685938.375
678901.837890625
671877.4375
664921.130859375
658038.4296875
651145.57421875
644420.7890625
637682.8125
631136.802734375
624508.830078125
618008.01953125
611587.71875
605115.48046875
598874.98046875
592656.65625
586340.1171875
580277.953125
574184.419921875
568128.3046875
562132.2421875
556252.033203125
550419.619140625
544640.46875
538891.705078125
533186.83203125
527653.525390625
522063.17578125
516469.12890625
511065.029296875
505662.53515625
500307.39453125
495032.65234375
489730.943359375
484595.224609375
479448.986328125
474405.857421875
469346.51171875
464388.412109375
459376.638671875
454604.05859375
449760.85546875
444871.318359375
440237.181640625
435536.390625
430944.6748046875
426385.126953125
422043.7255859375
417753.46484375
413489.080078125
409212.16015625
405097.23828125
400927.470703125
396828.1806640625
392798.205078125
388771.3203125
384756.107421875
380843.3994140625
377003.2001953125
373099.90234375
369311.359375
365537.1796875
361843.0830078125
358090.1259765625
354469.849609375
350826.705078125
347255.1875
343700.259765625
340266.7119140625
336766.244140625
333350.583984375
329987.306640625
326572.2548828125
323307.7412109375
320010.490234375
316758.712890625
313585.4091796875
310365.4423828125
307273.125
304120.873046875
301091.470703125
298033.80859375
295059.2216796875
292084.3203125
289116.0244140625
286275.029296875
283401.40625
280574.2392578125
277754.5703125
274983.5615234375
272239.19140625
269563.4775390625
266865.181640625
264266.40234375
261628.5166015625
259057.46875
256561.865234375
254113.7646484375
251723.0107421875
249385.509765625
247063.3662109375
244704.2421875
242453.748046875
240177.87109375
237940.0498046875
235766.4794921875
233597.287109375
231397.880859375
229306.591796875
227189.6162109375
225106.4169921875
223066.611328125
221008.029296875
219037.3271484375
217043.1162109375
215099.5146484375
213158.24951171875
211239.3515625
209351.490234375
207512.8759765625
205659.763671875
203845.990234375
202063.2001953125
200280.06787109375
198526.6396484375
196813.498046875
195115.71435546875
193418.5126953125
191740.642578125
190113.60546875
188486.1904296875
186894.63134765625
185319.5146484375
183774.3974609375
182236.994140625
180696.87890625
179216.568359375
177737.73046875
176272.53515625
174828.94140625
173430.17529296875
172027.7275390625
170645.20751953125
169270.61865234375
167938.9130859375
166611.82861328125
165325.20361328125
164087.787109375
162867.57470703125
161657.05078125
160484.2607421875
159300.83740234375
158138.0634765625
157000.3623046875
155870.2978515625
154765.75
153672.85888671875
152588.017578125
151515.1103515625
150476.6181640625
149436.77734375
148392.791015625
147384.62158203125
146416.1572265625
145422.4609375
144450.7333984375
143509.65673828125
142566.953125
141630.005859375
140741.28759765625
139823.47705078125
138943.7763671875
138064.8193359375
137203.6474609375
136365.2138671875
135526.1259765625
134703.51513671875
133883.509765625
133091.36083984375
132307.3115234375
131520.16064453125
130769.57470703125
130025.2470703125
129276.02685546875
128536.6962890625
127826.5654296875
127122.2763671875
126426.39453125
125744.55419921875
125070.3798828125
124400.61083984375
123752.17919921875
123104.25
122472.671875
121851.81201171875
121247.11181640625
120650.6142578125
120072.21630859375
119509.9111328125
118960.3056640625
118412.068359375
117878.46337890625
117352.6806640625
116837.78515625
116322.4404296875
115821.431640625
115331.24951171875
114838.080078125
114369.2578125
113896.33740234375
113437.7822265625
112974.5947265625
112530.900390625
112094.9013671875
111663.42138671875
111235.95727539062
110805.50341796875
110400.13671875
109998.224609375
109600.34912109375
109211.2294921875
108822.654296875
108448.12939453125
108075.30395507812
107694.65576171875
107342.1494140625
106988.80810546875
106644.27587890625
106294.0205078125
105971.71118164062
105633.392578125
105315.73046875
105006.87744140625
104682.26293945312
104379.19140625
104083.44384765625
103781.638671875
103500.00537109375
103212.04223632812
102931.75708007812
102657.216796875
102384.5693359375
102122.14892578125
101859.4267578125
101601.1044921875
101349.62573242188
101100.525390625
100859.810546875
100637.703125
100407.6845703125
100184.099609375
99963.7861328125
99747.30712890625
99536.56884765625
99335.0615234375
99125.95751953125
98917.556640625
98710.5947265625
98531.013671875
98329.9384765625
98143.87890625
97957.79370117188
97777.55029296875
97602.6787109375
97425.9140625
97257.345703125
97081.97314453125
96917.49780273438
96755.58642578125
96607.3193359375
96444.29541015625
96296.28369140625
96150.74609375
96002.65405273438
95859.86279296875
95727.75830078125
95592.70703125
95455.529296875
95326.0078125
95195.46630859375
95075.29052734375
94948.955078125
94826.3564453125
94712.87915039062
94595.900390625
94477.421875
94366.14819335938
94257.75
94159.1630859375
94042.0546875
93943.0166015625
93835.2998046875
93723.6171875
93628.74609375
93528.5380859375
93428.06274414062
