cost:	
634874.2421875
301374.72265625
199702.5419921875
137629.8603515625
108788.98876953125
89434.26904296875
73816.12670898438
61622.23876953125
51950.99853515625
44866.897705078125
38596.1669921875
33444.86584472656
28947.421142578125
25603.471069335938
22775.313598632812
22540.19256591797
26781.206665039062
25076.78466796875
21860.12646484375
22878.05108642578
20553.008666992188
18485.220642089844
14257.201751708984
12703.927673339844
14944.592254638672
14380.886779785156
11505.001373291016
11686.272216796875
9188.837493896484
6994.414733886719
6087.956008911133
5194.481750488281
4672.41796875
4210.268020629883
3831.364547729492
3446.6184844970703
3126.239288330078
2866.313522338867
2690.71337890625
2537.1795501708984
2284.003143310547
2179.2875442504883
2086.241630554199
1964.8526611328125
2108.740463256836
2065.7150497436523
1842.9028854370117
1681.6926879882812
1878.3322525024414
1975.7541809082031
1751.1593627929688
1732.110481262207
1704.9444274902344
1483.3623809814453
1424.4685287475586
1316.1198806762695
1236.0208358764648
1197.522777557373
1149.2033004760742
1178.8403854370117
1256.8092422485352
1114.207015991211
1490.0022201538086
2332.087677001953
2826.622848510742
3115.7062377929688
3369.2691497802734
4624.356399536133
6555.728210449219
7861.7054443359375
7448.082214355469
6317.214050292969
8085.342254638672
8125.31672668457
7604.499893188477
6667.434158325195
6859.362884521484
10852.723449707031
19060.052307128906
30840.404235839844
24008.559326171875
24463.72900390625
21201.01025390625
15978.146545410156
11005.414245605469
7796.150665283203
8135.664581298828
6714.493545532227
5909.370666503906
5190.752593994141
4500.587051391602
4030.2806701660156
2854.988609313965
2835.245933532715
1909.454921722412
2290.650665283203
2065.3950271606445
1663.086067199707
1309.71293258667
1187.621452331543
969.8591766357422
838.4797515869141
688.557050704956
764.569019317627
728.2385063171387
676.2322387695312
587.9783344268799
607.224573135376
621.4210739135742
583.7934856414795
627.9980602264404
682.0726051330566
845.0907897949219
1026.801155090332
1056.1721420288086
1406.0713005065918
1500.5272064208984
1452.18013381958
1663.2597770690918
1416.6426162719727
1368.4144744873047
1213.211280822754
1206.0055656433105
1100.2556991577148
1032.6092338562012
870.7713088989258
899.0429649353027
827.1205196380615
762.767879486084
810.1796340942383
836.9641723632812
1103.4351196289062
1129.633113861084
1132.8567237854004
1041.0864791870117
1183.9141235351562
1488.4068717956543
1461.3210372924805
1506.6073684692383
1412.056224822998
1439.492431640625
1391.9150466918945
1259.5072402954102
1308.6801834106445
1402.039665222168
1485.214096069336
1705.1398849487305
1765.8289108276367
1962.3902435302734
2681.855712890625
3879.234390258789
3978.65625
5394.854553222656
4791.386940002441
5467.358901977539
4763.737503051758
3695.747657775879
3272.9727172851562
2780.841842651367
2384.363212585449
1965.0639457702637
2062.8621826171875
2050.9828491210938
1934.4496459960938
2109.7383728027344
2190.3804473876953
2514.0773849487305
2542.683174133301
4039.4947509765625
4220.455596923828
4174.688980102539
4300.069580078125
4196.256103515625
4241.710662841797
4155.503509521484
4119.254455566406
5218.276901245117
5840.659637451172
7123.298034667969
7419.0301513671875
7133.943084716797
6615.76350402832
6548.952896118164
7479.013381958008
6709.943359375
6901.508880615234
7436.839218139648
6818.601470947266
5294.183532714844
4484.647674560547
3804.400863647461
3605.4886016845703
3544.7559204101562
3156.7401962280273
2953.036346435547
2833.3703842163086
3110.3911666870117
3120.925621032715
2361.8690490722656
2282.175521850586
2097.6615447998047
2040.7021179199219
2302.91650390625
2362.1352462768555
1856.1479034423828
1651.2978744506836
1633.4538612365723
1695.6793518066406
2347.9781799316406
3116.9406356811523
2910.755645751953
2347.6461639404297
2343.9291458129883
1912.737564086914
1876.647663116455
1837.913860321045
1815.7780151367188
1791.954933166504
1783.4219512939453
1653.5338821411133
1336.3458099365234
1451.3936042785645
1578.4366416931152
1644.4556350708008
1600.7684707641602
1754.958854675293
1651.8477783203125
1783.3155822753906
1678.906394958496
1744.887710571289
1585.7846221923828
1269.6275463104248
1131.6545677185059
1021.7311859130859
1043.6742935180664
913.6985816955566
858.8806571960449
704.0151786804199
703.6737060546875
661.7695655822754
669.2071189880371
649.2096424102783
579.2005157470703
745.6819610595703
747.850133895874
914.1548652648926
1061.4600410461426
1143.411678314209
1741.6188735961914
1837.9102516174316
2348.287498474121
1918.9244003295898
1933.2195510864258
1926.7480773925781
2455.902374267578
2476.181869506836
2370.8705139160156
2037.8084030151367
1955.6700286865234
1804.5387115478516
1681.953742980957
1550.9345016479492
1625.2816162109375
1455.909854888916
1534.7396926879883
1579.9595909118652
1605.1571578979492
1711.9030570983887
1773.7998428344727
1738.9658317565918
1750.827995300293
1716.7008361816406
1684.2326202392578
1651.5735397338867
1522.3162422180176
1703.049201965332
1573.257480621338
2073.3662109375
2352.6170349121094
2231.863700866699
2183.4061431884766
2143.7891540527344
2292.1147384643555
2510.7671279907227
2752.917526245117
2646.8213653564453
2554.941764831543
2330.1282272338867
2455.3750915527344
2109.560302734375
2591.915657043457
2539.132194519043
2956.787452697754
2733.133659362793
2906.752716064453
3244.1120376586914
3370.5010375976562
4645.958999633789
5253.5692138671875
5598.493072509766
5404.994064331055
5227.813888549805
4499.735977172852
4019.2451782226562
3754.526580810547
3166.611831665039
2900.9486923217773
2466.606399536133
2063.796661376953
2055.544319152832
1894.156723022461
2374.5153884887695
2520.437156677246
2650.8583602905273
2233.0672760009766
2024.5274276733398
1832.1314697265625
2024.06201171875
1883.8314895629883
1668.4706420898438
1701.3376998901367
1460.3151588439941
1219.0435409545898
1052.1619262695312
1181.4827499389648
991.0188808441162
1155.532569885254
997.9953308105469
992.6402969360352
995.868782043457
967.4337539672852
952.3468189239502
1213.2572479248047
1156.775104522705
1378.4774169921875
1195.173568725586
1410.703369140625
1373.0186309814453
1312.1948471069336
1576.804801940918
1574.6902809143066
2033.7795028686523
2251.164680480957
2413.1739501953125
2278.0652923583984
2387.959442138672
2346.8892517089844
2433.1975021362305
2438.251396179199
2370.1511306762695
2024.3468475341797
1759.0150260925293
1638.6437873840332
1472.1286544799805
1333.0156707763672
1421.8174285888672
1391.259864807129
1129.328670501709
1325.9568405151367
1218.3717041015625
1415.1833610534668
2073.750587463379
2693.9955978393555
3930.402015686035
4308.46418762207
3650.173240661621
3647.4916229248047
3432.5828247070312
3204.588394165039
2908.0247192382812
2955.6509399414062
2424.2343826293945
2559.5912170410156
2263.718894958496
2041.5406112670898
1938.5508728027344
1828.2650680541992
1891.8119812011719
1874.8583335876465
1668.5974617004395
1646.8725204467773
1436.875617980957
1460.3828048706055
1421.6053771972656
1310.9460830688477
1288.1961860656738
1182.657485961914
1448.4250869750977
1704.546745300293
1777.0651550292969
1784.3976364135742
1850.3000564575195
2048.732765197754
2046.9132537841797
1722.705955505371
1793.1940650939941
1791.405906677246
1793.8641510009766
1650.0134811401367
1596.2876663208008
