cost:	
1166841.48828125
926758.640625
716502.30078125
544574.86328125
414582.828125
316555.248046875
248237.765625
199897.048828125
167268.0537109375
145633.2548828125
131771.1923828125
123292.0693359375
117864.87158203125
114667.484375
112739.96533203125
111536.3017578125
110823.134765625
110363.810546875
110072.91455078125
109875.85107421875
109700.3232421875
109575.15966796875
109478.67822265625
109386.82421875
109293.51708984375
109212.06982421875
109137.181640625
109056.3017578125
108982.13037109375
108919.673828125
108852.7333984375
108803.4482421875
108736.8671875
108672.6943359375
108628.55029296875
108570.41796875
108506.1884765625
108466.17236328125
108407.9248046875
108358.2138671875
108305.2646484375
108249.041015625
108210.8876953125
108172.94482421875
108114.97021484375
108071.50634765625
108033.2939453125
108000.123046875
107955.18408203125
107906.01171875
107866.58447265625
107824.7900390625
107775.97119140625
107614.66015625
107484.328125
107322.71435546875
107155.18359375
107073.970703125
106863.9736328125
106753.64990234375
106598.68505859375
106493.29833984375
106292.65966796875
106069.60888671875
105767.55517578125
105529.77197265625
105322.0302734375
105102.4814453125
104897.3125
104689.3583984375
104514.1484375
104332.2099609375
104189.052734375
104043.7724609375
103913.44970703125
103757.923828125
103616.06884765625
103497.50927734375
103376.8515625
103257.49609375
103102.82373046875
102931.0595703125
102758.40966796875
102580.68896484375
102461.2255859375
102333.7978515625
102208.57177734375
102108.4921875
101957.009765625
101851.83740234375
101750.548828125
101661.53125
101571.859375
101518.6611328125
101424.0498046875
101328.96337890625
101262.5439453125
101199.755859375
101148.30126953125
101011.60302734375
100867.54541015625
100826.3779296875
100731.58984375
100663.259765625
100605.11572265625
100557.26611328125
100489.048828125
100418.1044921875
100375.80810546875
100321.8369140625
100249.09619140625
100191.4375
100029.60546875
100005.3359375
99937.099609375
99883.5439453125
99846.046875
99804.46875
99749.21435546875
99708.2646484375
99676.9248046875
99622.1328125
99567.8798828125
99519.16650390625
99488.61474609375
99431.37353515625
99384.265625
99348.701171875
99293.86962890625
99238.8740234375
99194.73876953125
99108.20458984375
99041.15087890625
99015.0908203125
98955.83251953125
98907.85595703125
98856.89453125
98825.560546875
98788.23046875
98736.6005859375
98695.60693359375
98651.19140625
98629.0078125
98574.32421875
98542.82958984375
98492.6640625
98451.62646484375
98407.767578125
98366.84619140625
98321.7958984375
98271.51806640625
98263.05078125
98201.8759765625
98170.013671875
98136.8330078125
98102.24755859375
98060.19921875
98021.18994140625
97980.228515625
97954.1669921875
97884.99609375
97861.20068359375
97806.876953125
97775.98583984375
97732.26171875
97691.8798828125
97642.97900390625
97607.697265625
97557.67236328125
97512.1455078125
97480.70068359375
97411.890625
97349.35546875
97303.9560546875
97282.314453125
97225.31689453125
97171.787109375
97138.80810546875
97094.2763671875
97041.4091796875
97025.900390625
96955.40478515625
96915.5029296875
96853.3203125
96793.8271484375
96744.3603515625
96715.919921875
96659.37646484375
96603.087890625
96592.4501953125
96519.44287109375
96473.04150390625
96433.7119140625
96391.33251953125
96358.197265625
96313.9912109375
96251.25390625
96225.8955078125
96190.51318359375
96138.6533203125
96088.2060546875
96049.365234375
96012.26953125
95957.8544921875
95931.10986328125
95890.515625
95838.6376953125
95807.1240234375
95781.8017578125
95723.6337890625
95696.396484375
95669.921875
95617.9775390625
95577.7431640625
95539.767578125
95513.05517578125
95473.3095703125
95438.630859375
95411.15234375
95378.76904296875
95346.5703125
95304.9541015625
95267.572265625
95209.72802734375
95176.2685546875
95157.79052734375
95103.244140625
95052.38232421875
95021.359375
94973.845703125
94937.5673828125
94905.80517578125
94857.9853515625
94837.0205078125
94798.4873046875
94714.423828125
94687.60986328125
94640.90234375
94593.630859375
94553.08935546875
94510.6826171875
94470.38330078125
94423.5791015625
94386.59228515625
94325.7373046875
94310.9892578125
94269.56787109375
94227.6484375
94194.37744140625
94147.29833984375
94102.4921875
94065.86572265625
94030.46630859375
93977.56982421875
93948.6865234375
93900.841796875
93883.65576171875
93838.07421875
93797.5146484375
93781.12109375
93736.7646484375
93713.6630859375
93659.23828125
93629.8759765625
93609.8466796875
93552.6787109375
93505.4501953125
93487.28125
93463.92578125
93441.708984375
93413.14794921875
93368.107421875
93350.640625
93334.5771484375
93256.8349609375
93239.048828125
93210.9541015625
93185.5771484375
93142.814453125
93095.0517578125
93107.546875
93066.36572265625
93025.70166015625
92993.4853515625
92979.02392578125
92973.650390625
92923.24267578125
92886.009765625
92870.28662109375
92845.3916015625
92803.93603515625
92795.75048828125
92761.265625
92736.50634765625
92691.5107421875
92672.53515625
92631.62548828125
92614.12841796875
92597.06298828125
92524.416015625
92493.0703125
92461.9794921875
92439.9541015625
92417.9482421875
92400.1962890625
92373.99951171875
92343.9169921875
92315.8916015625
92265.97265625
92244.88671875
92234.490234375
92198.5029296875
92179.99462890625
92161.16796875
92117.6171875
92092.5380859375
92081.05029296875
92053.888671875
92035.73388671875
92003.16455078125
91994.8994140625
91955.6298828125
91937.17822265625
91913.802734375
91884.1875
91867.5146484375
91839.26220703125
91799.36083984375
91782.0205078125
91768.7666015625
91739.0263671875
91707.3994140625
91679.40380859375
91661.71533203125
91638.0703125
91615.5927734375
91584.91455078125
91580.3984375
91525.69384765625
91510.61474609375
91487.564453125
91458.14013671875
91450.1650390625
91429.1767578125
91388.1953125
91366.24462890625
91305.95703125
91303.751953125
91280.6630859375
91254.52197265625
91231.9052734375
91205.0595703125
91159.28955078125
91139.427734375
91121.73193359375
91097.099609375
91078.248046875
91067.9482421875
91016.021484375
90996.67041015625
90992.986328125
90969.443359375
90935.0322265625
90927.22119140625
90885.86376953125
90860.49560546875
90838.96630859375
90829.63623046875
90779.18359375
90753.30322265625
90744.55615234375
90697.6142578125
90685.53515625
90661.5166015625
90631.7421875
90605.861328125
90590.6328125
90557.2451171875
90537.03515625
90510.46923828125
90502.4306640625
90476.6298828125
90433.7666015625
90423.46044921875
90396.8623046875
90374.18212890625
90336.3583984375
90338.64453125
90318.4921875
90299.1396484375
90272.0087890625
90249.42041015625
90231.265625
90216.9912109375
90197.22412109375
90177.0927734375
90161.66064453125
90108.96630859375
90096.66552734375
90089.53173828125
