cost:	
631516.5185546875
160150.13525390625
110249.91064453125
100031.93505859375
92987.8935546875
90581.86767578125
88570.88525390625
86848.75073242188
85325.41796875
84012.6865234375
81905.30932617188
80314.77734375
78656.6767578125
76868.10327148438
75044.9970703125
73181.27978515625
71288.4375
69588.62475585938
67929.92724609375
66121.49267578125
64370.150390625
62722.2998046875
61020.784423828125
59355.42919921875
57830.26953125
56290.787841796875
54663.220703125
53107.814208984375
51623.96142578125
50077.580078125
48711.2333984375
47175.989990234375
45744.796142578125
44180.03918457031
42820.408447265625
41297.189208984375
40017.224609375
38574.953857421875
37203.18127441406
35891.911376953125
34615.41259765625
33420.95080566406
32135.93310546875
30907.901977539062
29714.9130859375
28565.422241210938
27378.38916015625
26329.9228515625
25223.12255859375
24250.330932617188
23291.063842773438
22361.622436523438
21481.488159179688
20590.29473876953
19795.42529296875
19049.896545410156
18243.517944335938
17514.412841796875
16793.923400878906
16113.611938476562
15470.869323730469
14827.984802246094
14188.716491699219
13617.271606445312
13050.83657836914
12524.489135742188
11988.670532226562
11486.197021484375
11025.185913085938
10548.527740478516
10086.837585449219
9683.15023803711
9259.831665039062
8880.601776123047
8507.536163330078
8139.270538330078
7820.484649658203
7506.496276855469
7165.812164306641
6887.5869140625
6582.862060546875
6302.2138671875
6045.753845214844
5780.1842041015625
5545.33447265625
5335.441024780273
5088.1905517578125
4877.583587646484
4684.476303100586
4501.622787475586
4309.718399047852
4136.329391479492
3956.772735595703
3799.9293212890625
3647.9584045410156
3502.4588775634766
3362.617630004883
3240.352279663086
3106.4417572021484
2990.1732482910156
