cost:	
1970720.0307617188
909086.2436523438
891866.5444335938
864861.0668945312
835206.4516601562
805973.6811523438
772210.4995117188
741238.76171875
707052.7932128906
671788.447265625
639098.1635742188
607601.564453125
576264.2993164062
543530.7692871094
510630.5778808594
478767.23974609375
446607.7346191406
416683.4553222656
387349.4206542969
359776.1572265625
333850.01953125
309380.4133300781
286282.86083984375
264862.1394042969
245789.36486816406
228119.845703125
211198.45263671875
195624.77026367188
182156.03833007812
169504.91333007812
158404.0411376953
148515.8994140625
139224.92028808594
130029.72717285156
121954.92407226562
115107.56732177734
107985.12591552734
101031.13885498047
95435.63983154297
90395.33996582031
85017.96813964844
80727.19592285156
76616.09521484375
73055.23486328125
69475.53918457031
66407.75503540039
63634.3466796875
60825.47006225586
58392.98947143555
56216.543212890625
53201.90496826172
50887.42025756836
49055.94854736328
47748.5400390625
45662.95764160156
44000.3408203125
43426.99639892578
43434.60009765625
42454.360443115234
40535.01873779297
38428.05014038086
36960.73403930664
35888.14468383789
34758.52951049805
34360.969665527344
33995.90017700195
33400.06820678711
33002.90866088867
31967.020751953125
31359.053100585938
31055.909271240234
30662.617584228516
30003.495391845703
29676.91958618164
28834.8818359375
28655.08267211914
27972.52554321289
27677.547943115234
27495.20034790039
27269.9091796875
27023.364303588867
26772.95036315918
26138.088317871094
25796.75668334961
25808.708892822266
25595.77816772461
25587.349670410156
25366.23519897461
25366.18492126465
25084.052825927734
24867.819931030273
24070.294403076172
23902.502319335938
23831.289138793945
23525.32957458496
23318.502960205078
23380.453216552734
23313.546875
23118.198791503906
22842.976959228516
21921.20654296875
21027.408966064453
20757.948013305664
20749.209869384766
20407.864868164062
20000.89520263672
20088.73631286621
20127.03839111328
20198.733795166016
20169.640655517578
20026.513214111328
20136.703887939453
20268.604064941406
20571.057525634766
20769.13818359375
21088.07096862793
21190.67901611328
20912.632202148438
20794.566818237305
20188.51382446289
19687.720092773438
19506.186981201172
19532.78092956543
19647.735870361328
19397.194732666016
19128.37612915039
19473.42430114746
19367.853759765625
19346.118408203125
19438.036743164062
19438.045166015625
19353.725494384766
18993.604537963867
18502.03192138672
18805.215377807617
19205.34910583496
19339.891159057617
19415.287475585938
19123.205993652344
18850.565307617188
18792.252059936523
18536.001953125
18236.883224487305
18141.740188598633
18281.482696533203
18204.232345581055
17866.02751159668
17922.202667236328
17707.065536499023
17454.874465942383
17004.366821289062
16318.716491699219
16178.602920532227
15884.877578735352
15552.152359008789
15479.219665527344
15638.344421386719
15913.042846679688
16091.326431274414
16424.856185913086
16591.413146972656
16536.261611938477
17135.477005004883
17349.171920776367
17100.38592529297
16918.469787597656
16966.2013092041
17209.74642944336
17127.847137451172
17119.07679748535
16980.087448120117
16586.734085083008
16376.934341430664
16146.591125488281
15791.021575927734
15901.346466064453
16049.060806274414
16411.310470581055
16695.020446777344
16709.248580932617
16757.857635498047
16765.981964111328
16723.95672607422
16243.326248168945
15717.709930419922
15366.914291381836
15229.52099609375
15176.941116333008
15537.183792114258
15731.24333190918
16027.804107666016
16104.334182739258
16279.42251586914
15939.807586669922
15966.847915649414
16142.657089233398
16122.483444213867
16357.068405151367
16462.318084716797
16014.385818481445
15464.586700439453
14987.140060424805
14314.50570678711
13774.710571289062
13446.541473388672
13303.09504699707
13301.149932861328
13384.37661743164
13723.305236816406
14162.784683227539
14758.3408203125
15467.364639282227
15908.534225463867
15752.943496704102
15297.858657836914
14832.163833618164
14703.134117126465
14373.855102539062
14242.623550415039
13932.689231872559
14058.616760253906
14230.097900390625
14063.500549316406
14228.353332519531
14379.168655395508
14648.221771240234
14744.016632080078
14804.796310424805
14966.574890136719
14787.417297363281
14931.959426879883
14774.021347045898
14895.853424072266
14785.709716796875
14923.286849975586
14773.209365844727
14603.634567260742
14853.649002075195
14606.469802856445
14207.83317565918
13979.294189453125
13749.778579711914
13622.979507446289
13725.980163574219
13827.428199768066
13883.544845581055
14326.069046020508
14543.382736206055
14420.752014160156
14155.34487915039
13686.286254882812
12785.506546020508
12064.823822021484
11759.648178100586
11801.803298950195
11791.955520629883
12061.326354980469
12454.510940551758
12880.135940551758
13616.39274597168
14020.579360961914
14380.498977661133
14450.761627197266
14661.49105834961
14108.795166015625
13660.463272094727
13445.326431274414
13247.37173461914
13218.443557739258
13428.02963256836
13600.369003295898
13725.126663208008
13620.347579956055
13622.217422485352
13571.090316772461
13179.643157958984
13474.130279541016
13233.857299804688
13214.108016967773
12924.148162841797
12866.90544128418
12970.808883666992
12920.655685424805
13047.116455078125
13078.597793579102
13289.74333190918
13874.624099731445
14459.020782470703
14180.035537719727
13992.482009887695
13659.558013916016
13415.930191040039
13019.195037841797
12706.690574645996
12447.428817749023
12383.979019165039
12338.178527832031
12362.022491455078
12874.92788696289
13073.560241699219
12687.358703613281
12191.295013427734
11832.55744934082
11256.390769958496
11206.076644897461
11297.069030761719
11519.630340576172
11810.982513427734
11976.4140625
12835.693176269531
13192.77783203125
13434.544815063477
13273.767547607422
13144.820693969727
12823.382583618164
12361.486618041992
12173.76528930664
11982.301879882812
12002.509826660156
12155.408111572266
12213.616607666016
12505.868041992188
12523.353416442871
12485.346984863281
12333.861618041992
12200.45873260498
12198.753189086914
12227.78385925293
12249.548049926758
12018.018936157227
11927.515014648438
12097.2232131958
12292.910522460938
12387.183532714844
12414.866409301758
12583.454002380371
12902.82260131836
13367.577560424805
13270.094856262207
12739.779876708984
12277.774635314941
11903.34578704834
11658.049011230469
11463.227409362793
11566.08657836914
11812.252944946289
11754.068069458008
11664.212341308594
11908.00407409668
12051.68423461914
11903.288139343262
11362.501358032227
11040.473556518555
10720.087005615234
10658.428718566895
10786.850891113281
10993.976425170898
11095.311294555664
11160.721176147461
11453.93798828125
11461.029121398926
11851.019790649414
12192.57470703125
12141.939331054688
12050.681999206543
11884.962921142578
11641.243698120117
11453.700691223145
11357.0810546875
11362.511169433594
11385.754318237305
11374.09262084961
11450.530822753906
11666.99919128418
11952.664909362793
11908.26579284668
11859.034301757812
11673.997344970703
11488.271774291992
11523.857223510742
11620.898880004883
11456.376724243164
11328.218612670898
11158.682571411133
11358.953674316406
11441.76057434082
11542.539649963379
11800.797790527344
11571.657180786133
11673.339065551758
11673.692321777344
11554.22915649414
11706.819229125977
11931.573425292969
11938.53239440918
11647.604049682617
11405.302001953125
11201.35514831543
10883.330459594727
10886.14926147461
