cost:	
1230257.75390625
1217360.55078125
1204673.21484375
1191079.3828125
1177044.88671875
1162514.6640625
1147688.26171875
1132628.1171875
1117426.59375
1102678.3515625
1088121.328125
1074210.22265625
1060658.74609375
1047393.671875
1034586.47265625
1022256.7578125
1009982.7109375
997985.515625
986278.7734375
974823.03125
963511.03515625
952497.1796875
941328.98828125
930557.796875
919970.1484375
909363.546875
899069.302734375
888622.18359375
878583.10546875
868748.6015625
858779.3203125
848991.1484375
839365.68359375
829882.3671875
820294.03515625
811034.73046875
801776.828125
792715.044921875
783686.16015625
774780.8984375
766030.669921875
757179.9296875
748585.962890625
740201.11328125
731630.234375
723312.361328125
715055.142578125
706892.171875
698822.14453125
690834.88671875
683092.26171875
675567.591796875
668086.376953125
660759.421875
653379.80078125
646288.15625
639114.9609375
632047.724609375
625062.484375
618248.5390625
611309.748046875
604487.859375
597860.365234375
591133.8515625
584619.255859375
578084.181640625
571677.162109375
565308.673828125
559015.939453125
552762.58984375
546573.53125
540454.08984375
534424.23046875
528457.880859375
522583.845703125
516690.857421875
510880.158203125
505199.28125
499509.322265625
493917.224609375
488499.1484375
482812.865234375
477394.078125
472132.232421875
466761.587890625
461527.02734375
456306.111328125
451257.2412109375
446115.935546875
441070.021484375
436125.234375
431190.521484375
426370.83984375
421546.75
416839.8740234375
412109.3486328125
407453.92578125
402862.41015625
398401.99609375
393814.8203125
389496.3984375
385247.234375
381164.234375
376975.48828125
372891.0703125
368896.2509765625
364897.994140625
360940.048828125
357062.388671875
353244.2216796875
349410.9013671875
345633.3359375
341860.359375
338180.2783203125
334469.466796875
330884.8515625
327282.740234375
323726.4404296875
320212.99609375
316714.056640625
313246.837890625
309834.423828125
306442.4833984375
303114.0634765625
299820.6796875
296528.3935546875
293315.8896484375
290151.90625
287015.0302734375
283927.4755859375
280824.6376953125
277811.0966796875
274859.63720703125
271881.9970703125
268990.3642578125
266124.07421875
263288.9345703125
260498.5361328125
257746.841796875
255031.638671875
252363.0927734375
249667.21484375
247068.541015625
244488.5615234375
241948.0068359375
239425.2451171875
236967.8681640625
234518.076171875
232099.0986328125
229680.6376953125
227420.8505859375
225211.0087890625
222979.5595703125
220854.6748046875
218716.63671875
216575.7138671875
214493.9306640625
212441.69921875
210429.42578125
208435.1982421875
206451.666015625
204498.0634765625
202586.8955078125
200717.7080078125
198819.45703125
196985.251953125
195163.7587890625
193371.76806640625
191615.111328125
189857.04541015625
188148.99169921875
186458.83203125
184767.43310546875
183126.90625
181512.5263671875
179913.14990234375
178332.8408203125
176761.447265625
175226.8291015625
173740.109375
172246.01416015625
170762.82373046875
169327.44873046875
167888.5771484375
166486.154296875
165106.47802734375
163747.03271484375
162402.2392578125
161091.5888671875
159774.66162109375
158482.2587890625
157253.13427734375
155974.3505859375
154757.85595703125
153540.93212890625
152365.28271484375
151187.5537109375
150028.8564453125
148914.11181640625
147799.16015625
146700.6123046875
145665.5322265625
144648.18359375
143637.09619140625
142652.515625
141667.30810546875
140712.0576171875
139759.51708984375
138829.94482421875
137916.8359375
136999.146484375
136117.583984375
135232.296875
134386.52099609375
133518.419921875
132691.91796875
131880.85693359375
131054.00341796875
130254.20751953125
129481.20703125
128710.61181640625
127960.419921875
127206.93017578125
126464.900390625
125741.4453125
125036.93212890625
124340.962890625
123654.6328125
122978.74560546875
122318.63623046875
121662.60205078125
121015.48486328125
120385.45703125
119767.29541015625
119153.79443359375
118566.73779296875
117971.06201171875
117385.85961914062
116819.59814453125
116267.89794921875
115707.50830078125
115175.0732421875
114638.4130859375
114121.97509765625
113610.578125
113108.703125
112608.6923828125
112131.615234375
111648.63793945312
111183.88720703125
110731.39599609375
110303.78149414062
109879.181640625
109456.0419921875
109048.14697265625
108655.72509765625
108245.24951171875
107871.66162109375
107490.8525390625
107110.5576171875
106738.92578125
106386.70947265625
106028.95654296875
105686.57275390625
105341.64111328125
105006.43212890625
104679.0859375
104360.76928710938
104042.55249023438
103735.47265625
103425.88427734375
103120.89794921875
102827.7060546875
102527.55224609375
102230.03002929688
101957.08447265625
101672.51782226562
101405.087890625
101134.54638671875
100881.73095703125
100617.1611328125
100377.38696289062
100133.84716796875
99899.974609375
99664.951171875
99439.7763671875
99219.494140625
98993.44970703125
98774.54931640625
98571.841796875
98365.990234375
98162.6416015625
97964.90087890625
97772.15283203125
97583.6220703125
97398.73559570312
97215.0576171875
97036.9091796875
96865.25048828125
96688.357421875
96529.49975585938
96375.30419921875
96219.09497070312
96068.21435546875
95919.7119140625
95779.92236328125
95633.4892578125
95499.4345703125
95362.17724609375
95232.79248046875
95100.50219726562
94966.5380859375
94843.2392578125
94726.85107421875
94599.5888671875
94480.49877929688
94373.99755859375
94243.46630859375
94134.50244140625
94026.64697265625
93918.32177734375
93818.28784179688
93709.4013671875
93609.63159179688
93462.55224609375
93404.12329101562
93287.4609375
93182.69921875
93101.09765625
93007.763671875
92912.70581054688
92822.9365234375
92729.908203125
92646.00756835938
92576.45166015625
92492.4501953125
92417.04443359375
92339.7421875
92249.13159179688
92187.12744140625
92058.9052734375
91967.98486328125
91874.25048828125
91820.85205078125
91753.85205078125
91693.22607421875
91621.19311523438
91571.5712890625
91505.71142578125
91447.54028320312
91387.75830078125
91335.11669921875
91283.14599609375
91237.287109375
91185.2080078125
91138.615234375
91086.8349609375
91035.45263671875
90975.10034179688
90956.9345703125
90897.27612304688
90865.2939453125
90823.57373046875
90776.85791015625
90730.125
90676.83715820312
90640.4619140625
90602.65258789062
90562.27685546875
90526.6484375
90485.53442382812
90449.03515625
90419.30029296875
90404.65551757812
90358.80029296875
90321.89916992188
90293.23291015625
90259.8173828125
90228.12182617188
90202.29028320312
90172.26953125
90146.5576171875
90118.80029296875
90100.58154296875
90070.11767578125
90041.63452148438
90016.93334960938
89997.5830078125
89970.39013671875
89943.958984375
89916.30444335938
90274.78491210938
89899.98779296875
89874.40209960938
89870.10546875
89830.39868164062
89802.98681640625
89783.03125
89764.16015625
89741.94311523438
