cost:	
1230425.1484375
1217910.63671875
1205932.125
1193554.23828125
1181624.50390625
1169627.05859375
1157835.48828125
1146243.203125
1134595.2890625
1123293.2109375
1111919.7265625
1100910.73046875
1089802.80078125
1078901.3046875
1068060.08203125
1057324.4765625
1046687.12109375
1036133.03125
1025757.6484375
1015436.10546875
1005190.12890625
994981.30078125
984978.75
974938.24609375
965196.01171875
955272.46875
945526.80078125
935654.6484375
925954.33203125
916383.81640625
906712.83203125
897274.26171875
887932.14453125
878696.6015625
869602.89453125
860319.1328125
851498.83984375
842431.70703125
833779.85546875
824967.1015625
816396.8046875
807719.3828125
799356.33203125
790914.81640625
782625.021484375
774212.93359375
766095.53125
758152.05859375
749999.94921875
742176.5234375
734440.4921875
726917.26953125
719528.29296875
712161.912109375
704963.9140625
697727.71484375
690591.6796875
683569.046875
676600.85546875
669578.400390625
662626.69140625
655922.2578125
649150.228515625
642529.96875
635821.7734375
629280.361328125
622771.72265625
616292.193359375
610054.978515625
603635.060546875
597326.1171875
591194.595703125
585063.62109375
578923.927734375
572914.044921875
566949.205078125
561053.173828125
555234.48046875
549384.9765625
543653.81640625
538011.166015625
532331.95703125
526759.068359375
521198.537109375
515749.93359375
510414.873046875
504940.94921875
499702.3671875
494501.455078125
489231.146484375
484092.5546875
478926.02734375
473981.923828125
468958.2109375
464057.56640625
459066.12109375
454282.970703125
449437.87890625
444738.208984375
440012.513671875
435441.3125
431002.494140625
426637.056640625
422305.958984375
418044.958984375
413780.861328125
409578.0068359375
405364.455078125
401281.6328125
397232.021484375
393168.8310546875
389159.666015625
385208.154296875
381256.330078125
377409.5703125
373601.29296875
369729.197265625
366007.556640625
362325.3271484375
358616.302734375
354928.8212890625
351385.947265625
347783.642578125
344258.921875
340828.7392578125
337337.8623046875
333896.3310546875
330504.625
327170.3447265625
323878.9365234375
320625.19140625
317329.4638671875
314167.12890625
311005.0029296875
307871.0439453125
304735.16796875
301702.78125
298664.1064453125
295699.873046875
292706.361328125
289778.6982421875
286883.2109375
284052.7646484375
281173.2119140625
278415.03125
275630.5732421875
272884.8681640625
270177.9599609375
267543.4404296875
264902.068359375
262310.349609375
259846.091796875
257395.1953125
254950.7646484375
252582.1025390625
250201.869140625
247851.0009765625
245553.71875
243293.744140625
240985.060546875
238787.7548828125
236545.4365234375
234392.5380859375
232224.5576171875
230087.6337890625
227969.4189453125
225891.1083984375
223854.171875
221796.1435546875
219810.2177734375
217806.6201171875
215826.88671875
213882.4169921875
211977.845703125
210115.017578125
208229.2373046875
206368.98681640625
204585.4912109375
202762.9931640625
200974.6767578125
199226.298828125
197494.83056640625
195791.32080078125
194081.8798828125
192428.1220703125
190772.03515625
189150.24560546875
187550.70263671875
185963.16015625
184377.29296875
182850.3232421875
181326.091796875
179826.552734375
178320.2138671875
176885.00830078125
175432.125
173998.3212890625
172602.78271484375
171205.228515625
169847.2578125
