cost:	
1191973.578125
944160.94140625
591777.296875
411860.373046875
332537.7294921875
292392.99609375
268316.7509765625
247683.1484375
230484.259765625
214836.076171875
201683.8662109375
190191.41796875
180485.013671875
171418.3837890625
163837.2802734375
157172.681640625
151294.8740234375
146138.46435546875
141482.79931640625
137584.18115234375
133533.8076171875
130351.11376953125
127194.00634765625
124391.20263671875
121839.31005859375
119733.57177734375
117319.29345703125
115155.8896484375
113282.8095703125
111654.75146484375
109932.46923828125
108415.44140625
106938.0712890625
105531.154296875
104334.63671875
103108.8056640625
102021.6064453125
100944.15771484375
99957.0400390625
98973.794921875
98161.84033203125
97236.86474609375
96423.205078125
95616.00146484375
94928.92431640625
94216.27490234375
93556.205078125
92890.63037109375
92252.48388671875
91634.91528320312
91087.1904296875
90561.8564453125
89999.7236328125
89560.18725585938
89002.06494140625
88552.85009765625
88114.34765625
87696.99243164062
87158.982421875
86666.91333007812
86342.25708007812
85878.71606445312
85448.85302734375
84960.0068359375
84544.76977539062
84106.53759765625
83719.583984375
83295.22607421875
82890.73388671875
82489.96142578125
82103.33056640625
81767.11596679688
81383.41455078125
80995.68212890625
80700.0712890625
80328.232421875
79977.09936523438
79619.0419921875
79284.5625
79006.14770507812
78682.08984375
78365.00048828125
78083.77465820312
77792.5751953125
77514.3505859375
77245.42431640625
76977.34692382812
76741.08544921875
76477.15747070312
76240.17504882812
75997.74072265625
75788.38549804688
75566.00048828125
75371.837890625
75140.34887695312
74948.5673828125
74725.9072265625
74527.43408203125
74334.44458007812
74136.9716796875
73963.01220703125
73775.623046875
73603.82470703125
73433.69897460938
73277.4296875
73102.90625
72947.72924804688
72790.4404296875
72613.78540039062
72479.53515625
72315.07177734375
72176.37890625
72029.01025390625
71893.63037109375
71750.609375
71605.82055664062
71475.9580078125
71349.83422851562
71202.45361328125
71083.51049804688
70948.87426757812
70824.35278320312
70691.41430664062
70578.17895507812
70443.90893554688
70330.1396484375
70212.26513671875
70103.0693359375
69985.83154296875
69869.23046875
69759.451171875
69648.7919921875
69532.25927734375
69426.404296875
69320.76489257812
69227.38940429688
69118.15380859375
69015.06982421875
68909.34887695312
68820.52490234375
68713.86328125
68617.9677734375
68523.791015625
68416.27197265625
68337.40209960938
68234.42041015625
68148.78930664062
68061.53149414062
67973.58154296875
67878.04272460938
67791.068359375
67700.93310546875
67628.13232421875
67541.88891601562
67456.15112304688
67392.14624023438
67306.09399414062
67233.58984375
67153.36376953125
67082.40478515625
67008.8916015625
66931.25073242188
66862.74829101562
66793.82080078125
66707.44140625
66638.88525390625
66574.51538085938
66498.91821289062
66434.5634765625
66369.16430664062
66309.44946289062
66235.02075195312
66169.380859375
66110.43969726562
66041.29174804688
65969.76782226562
65918.18334960938
65861.18530273438
65783.4326171875
65718.56396484375
65662.98266601562
65607.39282226562
65545.04956054688
65490.06201171875
65419.6220703125
65362.337158203125
65310.29699707031
65254.617919921875
65197.869873046875
65146.66064453125
65091.039306640625
65032.65234375
64987.620849609375
64944.49951171875
64870.7041015625
64827.2255859375
64773.06396484375
64721.582275390625
64660.072509765625
64617.405517578125
64568.879150390625
64526.89599609375
64468.3037109375
64425.46728515625
64374.051513671875
64340.58837890625
64287.17919921875
64242.307373046875
64214.83447265625
64151.555419921875
64113.322509765625
64074.3046875
64037.935302734375
63986.02783203125
63941.52587890625
63903.64404296875
63858.756591796875
63819.45263671875
63778.820556640625
63743.28564453125
63707.268798828125
63688.76513671875
63654.472900390625
63615.75341796875
63558.96533203125
63522.633056640625
63492.716064453125
63459.432861328125
63402.65185546875
63370.7041015625
63328.417236328125
63300.6171875
63267.81298828125
63228.76025390625
63193.25341796875
63141.934326171875
63123.607666015625
63084.736328125
63045.91162109375
63020.796142578125
62979.78515625
62947.5703125
62921.58935546875
62908.000244140625
62874.391845703125
62843.192626953125
62800.233642578125
62769.9287109375
62734.499267578125
62698.805908203125
62670.311279296875
62646.975341796875
62617.001708984375
62591.21875
62563.01220703125
62526.210693359375
62493.92626953125
62468.185791015625
62433.993896484375
62412.853759765625
62389.486572265625
62358.85595703125
62331.60693359375
62313.455810546875
62296.509521484375
62268.963623046875
62222.05322265625
62194.8125
62163.7275390625
62137.203857421875
62110.341552734375
62084.431640625
62054.83544921875
62044.5009765625
62011.197998046875
61989.016845703125
61966.41455078125
61954.421875
61938.991943359375
61972.353271484375
61940.046875
61941.247314453125
61896.339111328125
61874.470703125
61848.591064453125
61789.73828125
61758.477783203125
61740.16796875
61714.555908203125
61725.3857421875
61760.71337890625
61671.90966796875
61696.476318359375
61736.764892578125
61768.081298828125
61912.00244140625
61954.88720703125
61741.601806640625
62067.96142578125
61963.16748046875
61864.2255859375
61766.35009765625
61607.607177734375
61585.491943359375
61697.294677734375
61602.8681640625
61537.288330078125
61419.45361328125
61383.729736328125
61301.664306640625
61253.461181640625
61222.98046875
61198.308837890625
61164.561767578125
61153.992919921875
61138.76806640625
61114.380126953125
61095.977294921875
61060.9541015625
61057.054931640625
61029.501220703125
61014.85107421875
60995.979248046875
60977.988037109375
60955.601806640625
60948.769775390625
60924.3203125
60908.48291015625
60898.948486328125
60874.099609375
60857.292236328125
60834.889892578125
60818.341552734375
60801.35791015625
60785.602294921875
60762.904541015625
60753.88671875
60734.269287109375
60717.96533203125
60704.84228515625
60686.770751953125
60669.709716796875
60655.85595703125
60642.91943359375
60624.569580078125
60606.6064453125
60591.27197265625
60579.413818359375
60561.701904296875
60551.056640625
60524.95849609375
60523.10595703125
60505.560546875
60482.157470703125
60478.14306640625
60460.530517578125
60434.35888671875
60432.538818359375
60414.876708984375
60399.71875
60379.477783203125
60371.760986328125
60351.01220703125
60337.153564453125
60324.2265625
60305.34765625
60291.7548828125
60282.706787109375
60270.49658203125
60270.594482421875
60259.01025390625
60233.541015625
60213.87353515625
60204.5498046875
60184.638427734375
60181.4853515625
60161.64697265625
60153.03955078125
60143.221435546875
60105.951904296875
60087.80517578125
60085.587646484375
60065.04296875
60065.529052734375
60037.200927734375
60032.7412109375
60033.265869140625
60013.765625
60008.781005859375
60011.6123046875
60014.34814453125
59996.03271484375
59998.1103515625
59995.183837890625
59997.295654296875
60002.850830078125
60067.814697265625
60425.573486328125
61147.70703125
60694.27099609375
