cost:	
1067852.7890625
578429.04296875
265253.8837890625
135320.24169921875
101296.8125
96697.7177734375
95306.87573242188
93954.98681640625
93311.0244140625
93050.9970703125
92943.38330078125
92845.17236328125
92769.20263671875
92708.35107421875
92659.68530273438
92600.23046875
92553.68041992188
92585.5830078125
92539.91650390625
92497.10498046875
92467.25439453125
92420.0234375
92409.42724609375
92393.74072265625
92371.173828125
92393.0517578125
92317.609375
92265.32202148438
92264.62573242188
92226.43603515625
92310.04052734375
92277.0849609375
92249.33984375
92310.3857421875
92184.2548828125
92211.81005859375
92131.34765625
92118.50561523438
92163.4287109375
92143.55932617188
92172.95361328125
92113.44262695312
92083.4892578125
92125.841796875
92094.357421875
92041.0185546875
92044.6904296875
92013.783203125
92046.12939453125
91948.26879882812
91859.63330078125
91985.15844726562
91938.86865234375
91879.91333007812
91866.2705078125
91904.748046875
91876.52734375
91840.609375
91848.58642578125
91847.837890625
91847.50927734375
91836.390625
91880.294921875
91776.1884765625
91732.97802734375
91761.87451171875
91780.67626953125
91740.77490234375
91743.52392578125
91708.69384765625
91692.37841796875
91686.2275390625
91643.5166015625
91664.36303710938
91643.84912109375
91582.90087890625
91517.37915039062
91545.46362304688
91459.11572265625
91478.8828125
91500.931640625
91283.91357421875
91210.927734375
91090.328125
90875.0498046875
90787.05419921875
90548.38671875
90289.97241210938
89866.67041015625
89606.29272460938
89107.900390625
88746.2861328125
88339.69506835938
88145.12475585938
87753.33984375
87461.21728515625
87176.24365234375
86845.43725585938
86393.34716796875
86150.01025390625
85745.97290039062
85430.42919921875
84994.7783203125
84684.17919921875
84304.68627929688
84034.2392578125
83664.31469726562
83350.54663085938
83018.80151367188
82716.962890625
82440.51416015625
82145.87939453125
81904.37451171875
81556.83349609375
81273.10693359375
81040.04052734375
80816.46826171875
80529.16552734375
80283.28588867188
80018.96875
79813.27319335938
79542.47924804688
79266.58154296875
78922.3671875
78721.03955078125
78476.6201171875
78168.92041015625
77956.97509765625
77616.3935546875
77350.2607421875
77086.87548828125
76870.43969726562
76525.9609375
76224.00732421875
75954.40649414062
75669.6552734375
75406.28955078125
75113.82788085938
74860.81225585938
74587.46630859375
74253.61596679688
73942.939453125
73656.69018554688
73348.9814453125
73074.1923828125
72778.57421875
72525.66748046875
72221.03442382812
71948.9951171875
71620.05151367188
71347.93237304688
71032.1591796875
70803.19848632812
70535.06201171875
70336.73413085938
70013.83984375
69768.3291015625
69511.0361328125
69234.15087890625
69008.76416015625
68723.77124023438
68440.791015625
68174.1162109375
67967.03393554688
67730.08032226562
67417.54443359375
67157.50927734375
66911.83935546875
66635.32373046875
66375.29345703125
66146.17724609375
65893.341796875
65607.32983398438
65337.57373046875
65069.428466796875
64811.792724609375
64536.6884765625
64320.36669921875
64011.389404296875
63762.68310546875
63520.7685546875
63225.28759765625
62956.7861328125
62703.064697265625
62454.38720703125
62153.90966796875
61891.61767578125
61628.302001953125
61336.144287109375
61084.177734375
60824.849365234375
60565.978271484375
60296.3544921875
60015.356201171875
59780.900390625
59523.487060546875
59265.79736328125
58933.15380859375
58676.752685546875
58414.54345703125
58151.991943359375
57863.696533203125
57607.591796875
57339.81787109375
57075.8125
56816.491455078125
56585.730712890625
56310.60595703125
56061.90576171875
55794.989990234375
55544.783203125
55290.884521484375
55022.64599609375
54738.888916015625
54500.257568359375
54243.3896484375
53994.181884765625
53716.49267578125
53457.907470703125
53196.193359375
52924.619140625
52669.529296875
52432.361572265625
52159.55126953125
51921.3427734375
51645.6923828125
51396.34375
51165.0986328125
50914.646240234375
50637.527587890625
50373.6220703125
50113.85107421875
49859.0732421875
49637.7529296875
49382.43896484375
49104.54736328125
48847.798828125
48620.192626953125
48369.9248046875
48113.74072265625
47860.49462890625
47616.835205078125
47389.271728515625
47119.545654296875
46887.581787109375
46653.1005859375
46412.19677734375
46160.12548828125
45946.419189453125
45712.09521484375
45466.21923828125
45245.794921875
45024.443359375
44792.259765625
44606.822021484375
44369.610107421875
44136.0126953125
43922.46533203125
43718.138671875
43505.142822265625
43309.952392578125
43076.047119140625
42894.869140625
42653.52978515625
42458.321533203125
42256.41259765625
42062.8720703125
41843.461669921875
41637.45556640625
41442.89733886719
41243.373291015625
41030.1630859375
40852.680908203125
40660.781982421875
40479.201904296875
40262.57824707031
40071.4951171875
39883.438720703125
39685.44482421875
39498.812255859375
39334.35302734375
39134.963134765625
38933.577392578125
38750.427734375
38587.7041015625
38405.72314453125
38267.17041015625
38091.970703125
37897.91455078125
37711.290771484375
37559.529541015625
37378.66906738281
37206.95056152344
37029.190673828125
36847.201904296875
36711.115478515625
36550.859619140625
36384.74719238281
36199.8486328125
36043.970458984375
35864.4091796875
35731.91357421875
35566.499267578125
35431.99206542969
35280.4609375
35125.607177734375
34978.021484375
34819.364501953125
34698.505859375
34535.660888671875
34382.8193359375
34274.07666015625
34135.26123046875
33991.064208984375
33841.909912109375
33708.7001953125
33566.933349609375
33430.63671875
33325.96484375
33172.76599121094
33047.90563964844
32930.459228515625
32801.038330078125
32688.60302734375
32561.858154296875
32437.84765625
32317.12109375
32186.954345703125
32044.43310546875
31925.958740234375
31821.888671875
31705.3974609375
31602.9921875
31492.038818359375
31367.54052734375
31253.1640625
31131.26513671875
31017.23291015625
30898.95703125
30780.819213867188
30698.13623046875
30590.224365234375
30480.494262695312
30399.475708007812
30297.161865234375
30224.875610351562
30120.02734375
30024.11572265625
29918.620849609375
29798.967041015625
29696.05908203125
29571.45361328125
29459.6494140625
29355.582763671875
29283.109252929688
29200.801513671875
29125.1328125
29020.212646484375
28931.230712890625
28831.95361328125
28731.638427734375
28653.989501953125
28564.096435546875
28507.93701171875
28434.794677734375
28331.37548828125
28249.087524414062
28165.232788085938
28075.632568359375
28007.585205078125
27936.670166015625
27838.08056640625
27749.36328125
27692.083740234375
27625.900024414062
27543.79296875
27509.946044921875
27448.90966796875
27375.485595703125
27315.986083984375
27240.53564453125
27174.71484375
27054.7314453125
26994.879638671875
26891.834228515625
26841.218505859375
26739.258544921875
26660.919799804688
26591.117309570312
26534.075317382812
26485.0908203125
26397.857177734375
26340.675903320312
26294.542114257812
26240.879272460938
26222.51708984375
26123.17431640625
26020.924438476562
25968.629638671875
25907.174682617188
