cost:	
1212551.140625
1089139.35546875
953420.68359375
834028.00390625
728839.58984375
635034.013671875
554006.369140625
484286.185546875
422344.087890625
369831.806640625
325360.7158203125
286186.259765625
252680.2763671875
225213.462890625
201309.2255859375
181337.3701171875
164779.33349609375
151034.95361328125
139440.6396484375
130054.05224609375
122272.51806640625
116010.85986328125
110846.47509765625
106762.75390625
103343.25341796875
100682.7509765625
98555.03759765625
96850.33935546875
95461.07006835938
94422.45263671875
93573.39501953125
92906.1650390625
92366.39306640625
91971.44116210938
91631.3828125
91377.55419921875
91167.57373046875
91021.62890625
90885.63647460938
90784.3876953125
90694.44653320312
90635.38623046875
90590.04858398438
90536.95068359375
90510.265625
90464.47998046875
90447.900390625
90419.7099609375
90398.41040039062
90394.3125
90368.18408203125
90346.15307617188
90337.22094726562
90328.2705078125
90310.3486328125
90307.30908203125
90294.37915039062
90284.77026367188
90281.12841796875
90273.00341796875
90263.10400390625
90255.4306640625
90251.306640625
90242.1796875
90242.04956054688
90233.29858398438
90226.31396484375
90223.3701171875
90211.1416015625
90205.91528320312
90196.95263671875
90188.38745117188
90188.16796875
90176.2041015625
90168.73583984375
90155.6015625
90147.9111328125
90142.26123046875
90123.08422851562
90120.998046875
90105.45874023438
90090.64233398438
90075.04467773438
90065.0244140625
90046.83862304688
90039.35498046875
90028.54907226562
90011.2275390625
89996.67626953125
89984.97338867188
89971.81982421875
89943.63647460938
89919.25048828125
89885.80810546875
89867.14208984375
89845.72924804688
89831.64990234375
89800.484375
89742.78125
89710.73388671875
89658.619140625
89602.7666015625
89525.9267578125
88967.22802734375
88730.61376953125
88370.2880859375
88193.22802734375
88033.65893554688
87777.912109375
87466.06396484375
87174.64404296875
86865.59838867188
86471.67602539062
86265.13354492188
86057.98095703125
85915.45703125
85789.4765625
85669.26171875
85473.75170898438
85249.98950195312
85122.7724609375
84999.48120117188
84780.1923828125
84672.11962890625
84482.22436523438
84362.0849609375
84259.44555664062
84165.89624023438
84091.01635742188
84032.51806640625
83956.35473632812
83883.64892578125
83793.64453125
83652.67333984375
83471.73681640625
83371.65063476562
83273.3154296875
83188.84399414062
83081.18505859375
82992.11694335938
82896.31518554688
82823.05737304688
82643.11254882812
82482.81982421875
82210.47875976562
82028.70068359375
81870.43994140625
81751.63427734375
81632.6884765625
81526.4208984375
81417.94897460938
81319.58349609375
81229.265625
81145.990234375
81065.169921875
80992.4111328125
80923.24169921875
80845.44995117188
80780.13110351562
80716.38232421875
80656.87719726562
80616.68701171875
80545.87255859375
80494.80712890625
80419.83447265625
80358.78295898438
80305.59326171875
80250.1083984375
80196.84619140625
80140.85498046875
80082.75415039062
80025.7734375
79954.43212890625
79878.7666015625
79818.45434570312
79763.09448242188
79709.20239257812
79654.21704101562
79602.22241210938
79549.3310546875
79461.869140625
79406.80786132812
79353.24731445312
79304.55810546875
79252.43969726562
79203.37744140625
79149.6337890625
78973.96337890625
78861.69287109375
78799.8544921875
78751.58642578125
78692.72973632812
78644.69458007812
78589.6083984375
78548.56640625
78490.59497070312
78433.009765625
78358.1611328125
78320.642578125
78253.49584960938
78197.76416015625
78143.68896484375
78098.65307617188
78051.818359375
77995.62329101562
77953.66723632812
77900.0322265625
77855.36572265625
77808.1376953125
77753.26416015625
77708.13427734375
77659.32006835938
77612.31469726562
77563.36474609375
77524.2607421875
77479.85888671875
77430.02587890625
77388.08251953125
77343.712890625
77299.68579101562
77249.87060546875
77202.61938476562
77158.81469726562
77112.05249023438
76976.0126953125
76921.77587890625
76883.41650390625
76827.43676757812
76776.27368164062
76734.10278320312
76685.0673828125
76635.61010742188
76592.39965820312
76555.07958984375
76504.373046875
76458.06616210938
76410.90869140625
76370.11645507812
76318.94653320312
76264.84716796875
76192.38793945312
76135.009765625
76082.25537109375
75997.86010742188
75908.56909179688
75846.28247070312
75787.85986328125
75724.447265625
75680.21240234375
75622.91845703125
75569.7919921875
75488.38110351562
75440.6357421875
75383.93774414062
75199.54516601562
75102.48876953125
75059.80859375
75002.96630859375
74923.44702148438
74864.24853515625
74809.15356445312
74770.83471679688
74725.6005859375
74660.76733398438
74596.779296875
74548.11083984375
74496.77685546875
74440.76000976562
74374.15502929688
74316.00122070312
74260.22265625
74199.07592773438
74147.2734375
74096.14306640625
74044.69580078125
73993.5107421875
73933.1181640625
73878.53564453125
73803.55395507812
73746.86474609375
73689.59497070312
73636.07080078125
73585.75268554688
73544.0615234375
73481.16137695312
73429.708984375
73366.22802734375
73322.34545898438
73275.86938476562
73240.38037109375
73168.83569335938
73116.13793945312
72973.39501953125
72910.44873046875
72846.224609375
72752.88720703125
72695.29223632812
72638.38134765625
72575.5390625
72523.17919921875
72451.79321289062
72392.02075195312
72333.103515625
72275.02905273438
72242.9853515625
72181.53930664062
72112.03588867188
72075.98901367188
72023.67822265625
71948.00830078125
71880.228515625
71770.37963867188
71708.13623046875
71647.47607421875
71591.25219726562
71530.6552734375
71473.15185546875
71402.31298828125
71352.84619140625
71295.91015625
71262.7802734375
71239.85009765625
71192.88891601562
71133.95532226562
71054.271484375
71004.74877929688
70936.7783203125
70873.224609375
70746.11010742188
70671.65966796875
70600.9052734375
70535.36401367188
70508.95849609375
70463.06396484375
70442.75561523438
70342.89501953125
70286.85498046875
70229.15625
70113.44067382812
70031.00146484375
69962.41137695312
69915.13623046875
69856.7763671875
69787.46044921875
69747.49633789062
69680.51977539062
69633.05029296875
69560.26635742188
69490.5673828125
69441.1259765625
69378.68090820312
69335.22705078125
69308.46069335938
69239.54638671875
69207.96875
69109.166015625
69058.01879882812
68991.26318359375
68932.64331054688
68883.38916015625
68835.08251953125
68763.4072265625
68703.35009765625
68639.30029296875
68571.43505859375
68521.4677734375
68479.333984375
68425.8037109375
68381.84204101562
68322.63989257812
68257.85620117188
68213.29345703125
68145.083984375
68106.7880859375
68053.54736328125
68015.18969726562
67955.04833984375
67925.92236328125
67829.1005859375
67778.02099609375
67723.51904296875
67677.99682617188
67612.5771484375
67556.78076171875
67505.2958984375
67458.38647460938
67397.58325195312
67360.48901367188
67299.24853515625
67270.78125
67207.89697265625
67118.92309570312
67060.59936523438
67000.45654296875
66937.43579101562
66889.17651367188
66844.85791015625
66774.61596679688
66717.71826171875
66675.74731445312
