cost:	
1230836.5234375
1218613.74609375
1206603.796875
1193958.03125
1181661.34375
1169253.28515625
1157042.80078125
1145059.46875
1133062.61328125
1121466.28125
1109843.109375
1098626.7265625
1087340.703125
1076294.37890625
1065325.64453125
1054482.46484375
1043755.0859375
1033123.83984375
1022683.6640625
1012306.15234375
1002013.70703125
991767.21875
981734.60546875
971672.5625
961928.515625
952043.5546875
942404.375
932697.27734375
923185.39453125
913813.58203125
904332.7109375
895077.3359375
885910.1796875
876837.69921875
867898.92578125
858760.890625
850079.04296875
841144.14453125
832617.06640625
823921.7578125
815464.58203125
806892.765625
798632.33203125
790287.4296875
782091.14453125
773766.56640625
765734.30859375
757872.14453125
749795.828125
742046.78125
734380.203125
726922.5625
719595.75390625
712289.294921875
705148.91796875
697967.306640625
690883.7265625
683911.06640625
676991.978515625
670016.908203125
663109.23828125
656446.44921875
649716.169921875
643135.20703125
636465.109375
629959.8125
623486.595703125
617039.5625
610834.61328125
604445.544921875
598166.43359375
592063.33984375
585960.01171875
579845.36328125
573861.13671875
567919.65234375
562047.166015625
556250.0390625
550420.83203125
544709.248046875
539086.07421875
533424.765625
527869.55859375
522324.87890625
516891.66796875
511571.150390625
506111.845703125
500886.080078125
495697.623046875
490439.60546875
485312.119140625
480156.10546875
475221.650390625
470207.13671875
465314.822265625
460331.1953125
455554.935546875
450716.791015625
446023.28125
441302.6875
436736.685546875
432301.748046875
427939.689453125
423610.8046875
419351.748046875
415089.984375
410888.7841796875
406676.990234375
402594.94140625
398546.24609375
394483.630859375
390474.494140625
386522.8115234375
382570.6796875
378722.94140625
374913.6376953125
371040.294921875
367316.998046875
363632.689453125
359921.64453125
356231.521484375
352686.08984375
349080.814453125
345552.955078125
342119.52734375
338624.7587890625
335179.3388671875
331783.59765625
328445.5361328125
325149.150390625
321891.03125
318590.1220703125
315422.876953125
312254.984375
309115.2412109375
305973.626953125
302934.26953125
299885.6337890625
296914.1201171875
293912.4208984375
290977.6826171875
288074.7177734375
285237.1611328125
282350.2041015625
279584.8515625
276792.4111328125
274038.8994140625
271324.3447265625
268681.05078125
266031.638671875
263430.0068359375
260957.41796875
258497.033203125
256042.47265625
253664.87890625
251274.0947265625
248912.6396484375
246604.5771484375
244333.416015625
242011.9287109375
239799.3876953125
237542.2373046875
235372.7666015625
233188.4990234375
231034.8193359375
228898.115234375
226800.8564453125
224743.9716796875
222663.2626953125
220654.5927734375
218626.763671875
216621.9189453125
214648.638671875
212716.298828125
210824.0224609375
208908.35546875
207018.97705078125
205205.60205078125
203353.654296875
201535.6845703125
199756.9306640625
197993.806640625
196259.0615234375
194518.302734375
192832.9091796875
191143.2431640625
189488.06298828125
187856.490234375
186237.17919921875
184620.091796875
183064.17041015625
181510.1513671875
179983.06640625
178448.7666015625
176985.71240234375
175506.7861328125
174048.0009765625
172627.787109375
171206.9765625
169826.6796875
168475.9033203125
167147.6533203125
165905.26904296875
164628.7001953125
163375.6865234375
162145.22021484375
160920.1337890625
159747.427734375
158563.88232421875
157381.83740234375
156229.27880859375
155116.33251953125
153977.810546875
152896.7041015625
151798.4296875
150739.2744140625
149681.55126953125
148635.3642578125
147600.87158203125
146596.17529296875
145609.9677734375
144616.60791015625
143643.8056640625
142703.9267578125
141751.68701171875
140820.82470703125
139918.90014648438
139008.27001953125
138129.33740234375
137256.26708984375
136385.4794921875
135542.70361328125
134709.77734375
133889.02734375
133081.45751953125
132280.62158203125
131487.29833984375
130720.423828125
129963.3310546875
129205.18017578125
128472.6015625
127740.26171875
127029.95751953125
126315.95947265625
125634.2958984375
124957.50439453125
124274.92333984375
123612.16015625
122975.1494140625
122318.3564453125
121713.7392578125
121119.61669921875
120526.728515625
119955.9384765625
119387.8134765625
118827.126953125
118285.6005859375
117735.7431640625
117212.21044921875
116685.025390625
116171.84619140625
115659.2880859375
115161.57373046875
114672.8662109375
114185.68603515625
113710.67626953125
113245.12744140625
112792.3134765625
112335.2939453125
111885.51513671875
111456.16552734375
111021.9638671875
110595.69384765625
110185.81591796875
109763.9462890625
109368.59326171875
108975.27294921875
108585.22998046875
108201.93481445312
107830.541015625
107457.56298828125
107096.11181640625
106737.8583984375
106387.40576171875
106039.2041015625
105713.16845703125
105371.3564453125
105047.67578125
104733.79248046875
104416.04541015625
104106.62939453125
103801.970703125
103510.759765625
103220.45458984375
102923.63793945312
102652.08984375
102375.31689453125
102105.9775390625
101835.046875
101575.7705078125
101324.38427734375
101080.75927734375
100846.05322265625
100611.25317382812
100379.44384765625
100159.37939453125
99932.853515625
99714.15185546875
99510.9912109375
99296.77954101562
99092.76025390625
98891.6953125
98692.82177734375
98503.0927734375
98308.75048828125
98120.46850585938
97942.7734375
97765.54736328125
97583.51904296875
97418.45166015625
97244.9560546875
97081.86376953125
96918.646484375
96758.47216796875
96597.62939453125
96449.46606445312
96302.62426757812
96148.70849609375
96011.52563476562
95864.970703125
95731.3583984375
95591.4384765625
95463.3779296875
95326.7783203125
95207.85546875
95078.42797851562
94955.431640625
94836.099609375
94714.333984375
94602.10791015625
94476.88696289062
94375.17626953125
94262.8837890625
94154.31176757812
94055.798828125
93951.47705078125
93849.9951171875
93755.77978515625
93660.2734375
93569.091796875
93485.05932617188
93393.3291015625
93306.81689453125
93228.44921875
93147.16455078125
93066.7060546875
92994.671875
92916.40673828125
92842.04443359375
92770.685546875
92699.5400390625
92630.82885742188
92561.35205078125
92496.5517578125
92430.20556640625
92368.1962890625
92303.6298828125
92243.78686523438
92186.60498046875
92126.0673828125
92070.66259765625
92015.95263671875
91958.3505859375
91906.60766601562
91853.52221679688
91801.00048828125
91752.1904296875
91706.16845703125
91656.3681640625
91611.8564453125
91562.966796875
91519.38159179688
91476.6865234375
91434.45361328125
91390.8671875
91351.12939453125
91310.01879882812
91270.82348632812
91232.92138671875
91189.81396484375
91135.30249023438
91102.26708984375
91061.45678710938
91028.24267578125
90996.48486328125
90962.9814453125
90926.220703125
90894.3076171875
90860.28515625
90827.71899414062
