cost:	
1211273.0
1091514.32421875
959583.0625
837703.783203125
730219.89453125
638098.658203125
555172.544921875
484775.310546875
422993.505859375
370010.1142578125
325166.869140625
286150.44921875
252690.380859375
224642.0546875
201241.759765625
181102.11083984375
164391.396484375
150636.81494140625
139292.966796875
129606.658203125
121933.4541015625
115670.70825195312
110532.39306640625
106335.72314453125
103045.1611328125
100377.6259765625
98140.80810546875
96512.20874023438
95134.80078125
94062.91357421875
93203.64282226562
92522.07788085938
92048.50927734375
91598.2978515625
91264.529296875
91026.01000976562
90817.69018554688
90655.8671875
90534.2099609375
90429.6259765625
90353.55908203125
90285.8701171875
90228.51904296875
90185.17919921875
90152.6396484375
90125.357421875
90096.27734375
90072.3857421875
90055.64306640625
90035.64477539062
90020.64208984375
90002.15991210938
89996.49487304688
89987.9794921875
89972.49560546875
89967.71728515625
89954.49926757812
89952.98291015625
89936.85522460938
89933.2890625
89931.21997070312
89922.47314453125
89917.24853515625
89905.111328125
89899.00659179688
89890.55297851562
89880.97290039062
89874.93383789062
89874.0986328125
89861.69653320312
89855.16040039062
89848.49609375
89843.87548828125
89849.45483398438
89826.81982421875
89817.38232421875
89808.38134765625
89803.00317382812
89796.70703125
89788.09521484375
89782.9921875
89770.60986328125
89762.31640625
89751.3037109375
89746.4111328125
89729.92651367188
89716.77880859375
89700.00927734375
89683.67529296875
89680.04833984375
89657.150390625
89647.56225585938
89626.1923828125
89624.1298828125
89605.81469726562
89573.08447265625
89565.35522460938
89539.6220703125
89515.82763671875
89483.77368164062
89457.9208984375
89420.01708984375
89388.21411132812
89370.509765625
89351.4833984375
89338.37255859375
89319.14013671875
89284.98364257812
89237.40625
89151.20532226562
88682.36181640625
88249.4580078125
87940.97998046875
87712.90502929688
87447.33032226562
87261.54541015625
87073.04150390625
86881.88623046875
86729.51098632812
86623.26123046875
86541.10717773438
86446.10278320312
86345.4755859375
86255.70043945312
86169.30981445312
86097.11181640625
86025.7626953125
85957.31201171875
85903.11865234375
85828.20483398438
85744.341796875
85672.95581054688
85621.0234375
85552.482421875
85484.45532226562
85412.62548828125
85354.87060546875
85286.50024414062
85181.34765625
85043.037109375
84867.04541015625
84684.73974609375
84267.25830078125
84014.23315429688
83660.8642578125
83379.96484375
83106.68090820312
82890.32250976562
82664.10961914062
82537.61279296875
82341.1806640625
82160.20654296875
82048.0712890625
81913.66748046875
81774.35986328125
81650.697265625
81527.453125
81283.80932617188
81145.52734375
81054.88989257812
80970.80224609375
80868.31689453125
80776.54223632812
80692.10693359375
80607.81567382812
80530.32275390625
80469.74951171875
80403.5830078125
80348.60693359375
80285.96215820312
80225.35229492188
80162.923828125
80098.76782226562
80040.15014648438
79969.79931640625
79874.833984375
79798.626953125
79732.05053710938
79635.27954101562
79564.48608398438
79496.79907226562
79436.48999023438
79381.341796875
79323.875
79269.8486328125
79201.54052734375
79136.63110351562
79042.21801757812
78938.96826171875
78888.67260742188
78823.84545898438
78765.53857421875
78705.9912109375
78638.32397460938
78590.71630859375
78539.56591796875
78489.63037109375
78443.712890625
78385.4599609375
78331.63110351562
78271.12841796875
78224.24658203125
78172.25366210938
78116.32763671875
77909.24560546875
77856.77075195312
77785.265625
77722.93676757812
77669.81884765625
77613.1220703125
77554.82104492188
77485.17138671875
77404.28076171875
77300.37109375
77252.38452148438
77195.66357421875
77142.20483398438
77088.81176757812
77016.8125
76820.048828125
76723.85302734375
76674.76098632812
76606.68798828125
76551.28491210938
76489.38720703125
76438.1748046875
76378.619140625
76322.12841796875
76263.80444335938
76200.6240234375
76150.60668945312
76086.833984375
76033.07275390625
75988.98828125
75933.3115234375
75874.26220703125
75795.10107421875
75746.86401367188
75688.01708984375
75630.44775390625
75563.181640625
75514.2646484375
75459.7529296875
75404.2685546875
75343.96875
75296.07177734375
75232.44287109375
75183.78662109375
75133.595703125
75065.04711914062
75009.84375
74960.6083984375
74912.2158203125
74862.56274414062
74803.7216796875
74730.5185546875
74665.90478515625
74603.28662109375
74541.35815429688
74476.33740234375
74408.04516601562
74347.34326171875
74286.46752929688
74240.546875
74173.76977539062
74118.52319335938
74044.28125
73905.40551757812
73844.04052734375
73775.03662109375
73711.50805664062
73653.83276367188
73579.54711914062
73524.04296875
73463.26806640625
73414.57788085938
73363.75366210938
73308.18090820312
73244.84765625
73187.74096679688
73078.646484375
72994.97412109375
72941.11279296875
72885.48217773438
72831.93139648438
72763.75854492188
72678.75366210938
72622.06005859375
72550.57373046875
72484.16918945312
72421.96240234375
72362.0078125
72299.3310546875
72235.04809570312
72184.87060546875
72125.59008789062
72060.95922851562
72013.60791015625
71942.12426757812
71882.34985351562
71828.87451171875
71773.060546875
71721.82641601562
71668.2685546875
71621.43115234375
71560.13525390625
71506.73559570312
71444.939453125
71397.11157226562
71342.05126953125
71286.27075195312
71235.67944335938
71167.3994140625
71111.7646484375
71057.15307617188
71008.51416015625
70948.25146484375
70883.61279296875
70811.50610351562
70772.9072265625
70705.12060546875
70643.96411132812
70599.806640625
70534.91821289062
70471.359375
70416.314453125
70369.65380859375
70312.001953125
70254.75463867188
70206.09057617188
70145.97412109375
70121.95068359375
70055.29516601562
70009.81591796875
69949.1953125
69903.37084960938
69849.4306640625
69783.38330078125
69726.56982421875
69678.29467773438
69634.74584960938
69575.17456054688
69520.41650390625
69471.20336914062
69424.4775390625
69373.43627929688
69317.07055664062
69258.51416015625
69225.02465820312
69171.79077148438
69119.224609375
69072.52954101562
69008.19873046875
68964.5087890625
68935.06420898438
68878.98315429688
68823.86987304688
68776.40063476562
68736.91772460938
68677.39916992188
68630.79565429688
68573.94604492188
68539.10888671875
68490.12451171875
68443.16552734375
68398.39868164062
68361.7109375
68319.57250976562
68276.7470703125
68229.052734375
68169.41748046875
68145.6015625
68099.92944335938
68045.86791992188
68005.931640625
67959.90234375
67930.22924804688
67881.61401367188
67818.37963867188
67776.02758789062
67739.44506835938
67688.45483398438
67644.478515625
67586.2333984375
67533.79370117188
67478.51245117188
67452.60913085938
67412.80224609375
67371.39819335938
67319.39965820312
67276.99194335938
67230.60693359375
67176.30712890625
67121.8232421875
67096.357421875
67054.2109375
67020.97900390625
66987.85668945312
66953.45385742188
66870.61376953125
