cost:	
626637.00390625
182649.3955078125
114734.3359375
88471.4287109375
77139.8466796875
65622.79956054688
57912.34375
51477.688232421875
45713.677001953125
40760.46594238281
36436.21911621094
32387.897583007812
28869.015014648438
25877.91973876953
23023.383056640625
20589.219970703125
18431.075134277344
16511.485412597656
14723.884338378906
13212.676635742188
11931.562072753906
10700.380065917969
9666.827117919922
8678.770904541016
7961.044006347656
7108.887115478516
6419.158905029297
5871.749664306641
5269.278671264648
4849.279449462891
4505.044906616211
4174.3634033203125
3806.7271118164062
3449.966812133789
3217.176712036133
3005.0882263183594
2839.888313293457
2675.737503051758
2469.460433959961
2278.0071334838867
2139.2769470214844
2122.228157043457
2278.440963745117
2177.9286041259766
2112.908462524414
2141.0731887817383
2015.897315979004
1830.0816040039062
1694.326286315918
1619.7613372802734
