cost:	
1111944.390625
595389.56640625
426207.927734375
342040.560546875
282677.53125
243202.60546875
216376.2978515625
196514.177734375
182015.8779296875
170796.10546875
161510.408203125
154256.7001953125
148442.1796875
143584.232421875
139716.787109375
136118.302734375
133579.072265625
130740.3701171875
128837.169921875
127126.3115234375
125434.8720703125
124087.3251953125
123149.4375
121750.68408203125
121348.634765625
120186.3779296875
119557.5908203125
119179.3994140625
118743.095703125
118400.0810546875
117720.974609375
117510.951171875
117290.244140625
116561.818359375
116299.4365234375
116052.5263671875
116110.7734375
115576.134765625
115825.2626953125
115593.5537109375
115397.0380859375
115296.21142578125
114954.015625
114921.4248046875
114880.3037109375
114754.1533203125
115049.89404296875
114314.5107421875
114374.13671875
114604.6083984375
114215.90625
113809.9443359375
113617.09521484375
113668.791015625
113860.90625
113777.5771484375
113219.8349609375
112908.1455078125
112973.0595703125
112997.70703125
113141.39990234375
112755.9912109375
112809.60791015625
112673.3681640625
113065.5224609375
112909.87890625
113510.333984375
113154.88818359375
113357.115234375
113344.3046875
112639.0556640625
112640.56591796875
112854.39453125
112447.70458984375
112436.86328125
112140.341796875
111950.6123046875
111800.8232421875
112260.7685546875
112137.78955078125
112257.6767578125
111928.369140625
112415.2353515625
113726.595703125
112292.27197265625
112261.111328125
112707.697265625
112639.41796875
111742.271484375
111578.48779296875
111475.2294921875
111510.6572265625
112144.576171875
111231.228515625
110975.025390625
111016.5361328125
111256.4296875
111247.03076171875
110774.6123046875
111507.6728515625
110901.3154296875
110971.54296875
110570.87744140625
110587.81640625
110724.3681640625
110351.84375
110340.8994140625
110344.97265625
110355.5029296875
110861.623046875
110436.890625
110727.4990234375
110327.990234375
110194.3466796875
110256.294921875
109969.0166015625
109906.091796875
109958.083984375
110081.58349609375
110209.70556640625
109647.1669921875
109478.9228515625
109665.7236328125
110364.056640625
109984.52294921875
109750.40625
109673.6337890625
109736.3408203125
109238.994140625
109183.20703125
109435.42333984375
109399.8955078125
109492.6904296875
109408.98046875
109764.1259765625
109978.8955078125
110397.201171875
109722.90380859375
109684.5341796875
109130.4345703125
108791.54052734375
109118.6005859375
109132.708984375
109326.234375
109274.10205078125
109609.4873046875
109052.267578125
108848.0361328125
108614.662109375
108599.70947265625
108429.615234375
108236.724609375
108071.67431640625
108137.7705078125
108376.9560546875
108321.02392578125
107850.35888671875
108439.14306640625
108768.2607421875
108051.0
108120.82421875
108034.62890625
108102.41845703125
107985.404296875
108185.8212890625
107798.7333984375
107803.212890625
108049.1162109375
107811.9658203125
107697.33349609375
107229.3193359375
107363.8212890625
107817.15771484375
108293.92529296875
107978.5732421875
107598.111328125
107653.16796875
107267.5888671875
107517.4716796875
107324.0869140625
107435.6416015625
107512.7626953125
107365.62109375
107719.14599609375
107260.7666015625
107705.7841796875
107222.5029296875
107269.9501953125
107198.03125
106919.7236328125
107291.3486328125
107275.03662109375
107507.1025390625
108320.5693359375
109282.3369140625
108723.3876953125
108511.66650390625
107541.0927734375
106892.138671875
106986.41650390625
106691.20703125
106475.09033203125
106591.2392578125
106617.4365234375
106251.6220703125
106273.58837890625
106714.30859375
106445.07421875
106452.9033203125
106234.982421875
106017.3046875
106482.40234375
106219.2763671875
106320.046875
105988.298828125
105944.41796875
106380.3837890625
106093.0400390625
105758.8955078125
106294.9375
106530.51708984375
106393.36865234375
106133.2236328125
105909.21044921875
106907.068359375
106767.85546875
105941.87744140625
106265.3330078125
106818.025390625
106827.361328125
106227.8466796875
105829.6669921875
106762.4794921875
106930.13427734375
106394.75732421875
106009.919921875
105945.751953125
105928.6259765625
105919.83251953125
105597.15380859375
105837.6494140625
106059.5498046875
106595.9619140625
106293.130859375
105619.5849609375
105520.0224609375
105485.23974609375
105387.83935546875
107340.2978515625
107418.64990234375
105892.1435546875
105191.623046875
105343.94921875
105226.2626953125
105331.54541015625
104879.548828125
105208.0439453125
104887.0185546875
104941.845703125
105378.08984375
104974.1328125
104792.2626953125
104939.6826171875
105164.123046875
105962.46875
106095.501953125
105630.11669921875
105327.02099609375
105084.4599609375
105021.775390625
105601.3359375
105308.06640625
105707.6123046875
104974.1103515625
105114.005859375
104857.61572265625
105305.84912109375
105281.919921875
104488.521484375
104413.130859375
104796.119140625
104681.0009765625
104293.71484375
105001.669921875
104719.873046875
104770.330078125
104673.052734375
104668.763671875
104648.83544921875
104856.646484375
104425.763671875
104582.86083984375
104388.923828125
104373.11474609375
104119.423828125
104378.55517578125
104893.46240234375
104312.837890625
104397.74267578125
106024.15576171875
105531.1103515625
104622.51171875
104209.0830078125
103914.90234375
103951.0380859375
103926.84716796875
103842.79248046875
103789.2158203125
103957.56689453125
103691.0791015625
103567.390625
103534.22607421875
103753.23486328125
103780.97802734375
104179.798828125
104581.4990234375
104333.15625
104087.173828125
104067.2509765625
103966.93310546875
103651.68212890625
103949.3251953125
103491.3076171875
103681.2568359375
103742.8271484375
103308.0478515625
103773.4736328125
103725.400390625
103289.01708984375
103647.8681640625
103549.263671875
103466.47265625
103943.8896484375
103586.23779296875
103193.18310546875
103603.16796875
103426.1337890625
103249.0380859375
103612.09326171875
103379.56884765625
103676.95703125
103704.787109375
103188.5791015625
103133.326171875
103299.80029296875
103128.6962890625
103022.1142578125
103453.953125
104099.75439453125
103428.4345703125
103157.45166015625
103073.89501953125
103441.70654296875
103426.54833984375
103035.701171875
102925.921875
102867.62744140625
104025.95556640625
104223.693359375
103058.6484375
103151.47705078125
102838.76806640625
102832.1904296875
103370.8173828125
102827.01416015625
103224.55517578125
102679.1806640625
102711.185546875
102857.04296875
103058.0341796875
103011.6015625
102807.3623046875
102776.22900390625
102778.8779296875
102858.57275390625
102646.28662109375
102478.3369140625
102456.603515625
102735.017578125
103014.5849609375
103605.33203125
103994.6103515625
103256.41015625
103142.416015625
102573.2060546875
102813.7685546875
102665.9638671875
102723.95361328125
102733.255859375
102478.49072265625
102525.6513671875
103201.6064453125
104041.75341796875
103308.91650390625
103042.6552734375
102934.748046875
102855.6142578125
102548.6689453125
102432.990234375
102346.91650390625
