cost:	
1163205.31640625
933702.1875
727677.595703125
557245.7265625
424003.1953125
322862.9453125
250067.060546875
197610.65087890625
161054.8525390625
135896.89990234375
119382.7041015625
108319.3671875
101481.587890625
97141.54809570312
94340.71508789062
92751.15283203125
91739.17919921875
91115.69140625
90727.16357421875
90501.23193359375
90380.26513671875
90253.80932617188
90207.87182617188
90136.86328125
90101.01806640625
90069.7236328125
90051.0908203125
90032.57666015625
90011.72314453125
90010.6904296875
89972.22802734375
89975.41943359375
89954.91821289062
89951.00341796875
89960.74658203125
89927.28564453125
89932.779296875
89914.85180664062
89918.291015625
89910.4853515625
89899.3564453125
89902.50708007812
89897.8955078125
89884.94189453125
89873.83154296875
89877.873046875
89882.67333984375
89871.71142578125
89856.63916015625
89862.4609375
89842.11840820312
89848.64697265625
89848.94921875
89821.71728515625
89822.03564453125
89803.24853515625
89817.32373046875
89790.33447265625
89778.60986328125
89779.14770507812
89770.5439453125
89767.54833984375
89756.537109375
89749.89013671875
89722.8134765625
89706.20849609375
89706.40283203125
89676.70629882812
89672.82739257812
89668.4775390625
89663.93798828125
89632.59326171875
89636.7294921875
89608.76025390625
89597.75170898438
89588.65771484375
89561.673828125
89542.35229492188
89526.41259765625
89508.87133789062
89504.837890625
89488.919921875
89472.83056640625
89450.9990234375
89423.0810546875
89436.81201171875
89387.64697265625
89382.69677734375
89369.16162109375
89345.3671875
89317.7490234375
89297.25390625
89283.06787109375
89251.03564453125
89224.57080078125
89208.28369140625
89173.40625
89131.13134765625
89109.359375
89080.15869140625
88970.14404296875
88706.07470703125
88468.6201171875
88246.435546875
88006.26806640625
87847.78588867188
87689.62182617188
87516.65844726562
87396.9755859375
87202.03466796875
87001.15478515625
86639.64453125
86399.13818359375
86145.91357421875
85859.29248046875
85574.52685546875
85258.21044921875
84993.76611328125
84625.10400390625
84246.369140625
83998.12890625
83738.32958984375
83531.81396484375
83327.1083984375
83144.35400390625
82951.41259765625
82784.63525390625
82585.58081054688
82328.90209960938
82085.83813476562
81867.29614257812
81704.1005859375
81528.5146484375
81331.27685546875
81053.07421875
80880.8974609375
80714.45043945312
80534.60302734375
80358.0
80214.11840820312
80059.81176757812
79911.83349609375
79759.2890625
79604.794921875
79437.33471679688
79318.98193359375
79202.04296875
79073.0927734375
78960.25830078125
78822.29345703125
78691.72973632812
78587.20727539062
78492.41943359375
78395.5986328125
78288.61010742188
78178.5380859375
78071.67993164062
77926.16723632812
77806.29370117188
77720.31689453125
77615.50024414062
77522.20654296875
77423.01318359375
77312.23486328125
77219.4931640625
77121.36767578125
77038.1103515625
76944.689453125
76829.21704101562
76739.15112304688
76606.42651367188
76488.93334960938
76406.4736328125
76275.36987304688
76122.37915039062
75949.87646484375
75862.40087890625
75727.0244140625
75622.0048828125
75526.12280273438
75396.29296875
75277.7421875
75066.76708984375
74900.05444335938
74777.9423828125
74665.4306640625
74544.1650390625
74422.31640625
74311.38037109375
74196.19921875
74081.74389648438
73972.265625
73858.66528320312
73719.50659179688
73556.51953125
73404.13061523438
73229.10424804688
73113.04638671875
72981.13354492188
72856.84399414062
72727.29077148438
72576.21264648438
72463.099609375
72336.53076171875
72227.55004882812
72099.69506835938
71976.8798828125
71861.0478515625
71744.84448242188
71608.62231445312
71483.31274414062
71355.43676757812
71228.12719726562
71122.01977539062
70974.94213867188
70848.67504882812
70717.70874023438
70615.07397460938
70498.92260742188
70378.26879882812
70273.5869140625
70154.7294921875
70028.71801757812
69869.2236328125
69752.31079101562
69639.43920898438
69513.80200195312
69377.896484375
69263.80444335938
69140.00659179688
69019.94604492188
68863.33374023438
68747.6103515625
68599.794921875
68469.06420898438
68330.59130859375
68230.51489257812
68112.8798828125
67970.34399414062
67833.681640625
67719.56030273438
67596.619140625
67471.52172851562
67338.734375
67231.29125976562
67081.958984375
66966.05151367188
66824.79296875
66702.95458984375
66594.82543945312
66466.87963867188
66346.31030273438
66229.69384765625
66132.4189453125
66007.716796875
65910.73046875
65777.18054199219
65659.77954101562
65539.21508789062
65431.4697265625
65297.650390625
65191.534423828125
65088.58203125
64971.15673828125
64856.084228515625
64747.448974609375
64643.3369140625
64541.34716796875
64418.384765625
64300.837646484375
64204.00390625
64096.493408203125
63986.4580078125
63870.708251953125
63770.11865234375
63632.64306640625
63525.04833984375
63417.2568359375
63293.07568359375
63184.196044921875
63053.30908203125
62956.994384765625
62846.091552734375
62717.489501953125
62597.014892578125
62483.283447265625
62365.9580078125
62263.391845703125
62138.894775390625
62016.115478515625
61908.89306640625
61792.236328125
61691.514892578125
61558.506591796875
61443.60498046875
61339.52880859375
61229.69873046875
61123.260986328125
61015.49475097656
60908.42919921875
60802.17626953125
60691.84375
60574.917724609375
60480.734130859375
60371.044921875
60261.150634765625
60158.072265625
60051.152587890625
59954.101318359375
59837.108642578125
59729.6083984375
59633.56298828125
59512.36767578125
59390.09912109375
59292.27685546875
59175.18896484375
59081.29638671875
58985.68212890625
58855.902099609375
58734.616455078125
58617.77197265625
58509.106201171875
58398.159912109375
58292.977783203125
58168.91662597656
58062.655517578125
57953.7470703125
57825.574462890625
57718.502197265625
57594.200927734375
57473.443603515625
57370.87060546875
57271.07421875
57171.23681640625
57066.99560546875
56946.483154296875
56838.30615234375
56742.680908203125
56614.0888671875
56512.07763671875
56413.039306640625
56306.772705078125
56192.2490234375
56092.274658203125
55967.956787109375
55876.576171875
55760.839111328125
55648.252197265625
55555.79248046875
55454.482177734375
55365.466796875
55258.49560546875
55162.820068359375
55059.80224609375
54955.929443359375
54870.869873046875
54748.349609375
54664.124755859375
54568.190185546875
54470.320068359375
54353.990234375
54232.95703125
54137.806640625
54024.518310546875
53918.958251953125
53836.27685546875
53754.78271484375
53656.2568359375
53553.29919433594
53463.035888671875
53346.6884765625
53254.7890625
53167.593017578125
53066.962890625
52965.683837890625
52872.68896484375
52781.671142578125
52681.798095703125
52581.912109375
52495.31982421875
52380.376708984375
52276.117919921875
52175.331298828125
52059.60009765625
51960.373779296875
51873.18994140625
51780.351318359375
51688.624267578125
51594.06481933594
51503.2119140625
51388.092041015625
51302.07189941406
51198.823974609375
51098.469970703125
50984.64111328125
50881.93994140625
50776.088134765625
50680.7900390625
50592.016845703125
50498.235107421875
