cost:	
12672368.640625
12671945.109375
12671699.2890625
12671432.5234375
12671139.484375
12670816.5078125
12670462.0625
12670074.34375
12669653.4765625
12669197.57421875
12668707.4296875
12668181.46875
12667618.1171875
12667016.53125
12666376.95703125
12665698.0703125
12664982.953125
12664234.3125
12663459.2421875
12662669.1875
12661878.390625
12661102.109375
12660352.140625
12659639.8984375
12658970.0
12658341.234375
12657752.0546875
12657196.546875
12656665.9765625
12656156.7109375
12655663.984375
12655182.6875
12654713.2890625
12654255.8125
12653809.140625
12653388.0234375
12652989.5859375
12652563.1796875
12652133.25
12651692.6484375
12651260.9375
12650761.015625
12650271.859375
12649554.1796875
12648746.53125
12647972.2421875
12647174.640625
12646550.1015625
12645981.796875
12645490.3359375
12645066.1015625
12644705.34375
12644387.828125
12644092.140625
12643815.7890625
12643571.375
12643325.03125
12643093.25
12642873.4609375
12642673.9140625
12642462.75
12642231.859375
12642013.15625
12641777.59375
12641542.2734375
12641284.859375
12641039.3984375
12640768.515625
12640433.0
12640033.37109375
12639565.8046875
12639104.6953125
12638693.984375
12638323.3203125
12638014.890625
12637730.84375
12637482.109375
12637266.125
12637051.62109375
12636856.46875
12636674.40625
12636510.390625
12636445.8203125
12636259.34375
12636124.93359375
12636004.2265625
12635900.84375
12635808.921875
12635778.875
12635694.90625
12635585.6015625
12635493.2578125
12635414.015625
12635352.4375
12635285.9921875
12635219.109375
12635163.2421875
12635110.171875
12635060.421875
12635012.1953125
12634972.0234375
12634921.25
12634861.609375
12634815.671875
12634773.671875
12634726.875
12634694.4140625
12634646.359375
12634642.796875
12634606.296875
12634577.734375
12634489.7734375
12634426.0390625
12634373.8125
12634340.421875
12634349.5
12634330.2265625
12634268.78125
12634194.7734375
12634160.265625
12634109.921875
12634064.7109375
12634014.6015625
12633961.9609375
12633922.84375
12633923.65625
12633867.9609375
12633972.6015625
12633913.859375
12633808.734375
12633771.6953125
12633710.859375
12633711.9609375
12633657.7109375
12633609.015625
12633616.8046875
12633568.7421875
12633549.40625
12633485.703125
12633496.765625
12633444.390625
12633408.3046875
12633380.9453125
12633357.6484375
12633414.3046875
12633350.578125
12633304.4453125
12633276.921875
12633277.4375
12633197.984375
12633163.2421875
12633133.3671875
12633140.6171875
12633118.0625
12633096.5078125
12633090.6796875
12633023.5546875
12632997.203125
12633012.75
12632979.75
12632975.28125
12632948.7578125
12632943.625
12632884.5390625
12632901.3515625
12632859.9375
12632843.4453125
12632782.59375
12632799.4921875
12632773.328125
12632752.7265625
12632733.7578125
12632737.953125
12632753.484375
12632704.375
12632691.375
12632657.27734375
12632646.671875
12632620.015625
12632628.7109375
12632660.95703125
12632588.8125
12632548.0234375
12632555.140625
12632569.515625
12632534.8203125
12632543.2109375
12632534.3671875
12632503.8671875
12632506.515625
12632487.1796875
12632520.96875
12632488.9921875
12632465.1484375
12632451.703125
12632408.0859375
12632391.046875
12632394.546875
12632364.8046875
12632364.375
12632356.0703125
12632352.2421875
12632342.9296875
12632352.0859375
12632342.6171875
12632317.5234375
12632307.0859375
12632317.3984375
12632353.671875
12632296.4453125
12632255.84375
12632276.0390625
12632294.1328125
12632258.65625
12632224.6484375
12632248.390625
12632248.3828125
12632267.625
12632260.984375
12632290.6875
12632240.18359375
12632210.6875
12632224.9140625
12632197.0703125
12632193.2890625
12632197.53125
12632172.59375
12632217.5703125
12632199.984375
12632226.9296875
12632206.5546875
12632216.640625
12632181.6171875
12632156.640625
12632130.5546875
12632130.6875
12632145.5234375
12632155.1875
12632128.2109375
12632158.15625
12632143.34375
12632149.7265625
12632119.890625
12632143.3515625
12632158.515625
12632151.1875
12632126.3671875
12632109.171875
12632083.3125
12632120.578125
12632088.03125
12632073.359375
12632098.84375
12632090.9453125
12632108.0234375
12632130.84765625
12632101.625
12632079.0546875
12632058.625
12632077.71875
12632062.5234375
12632054.7578125
12631993.9765625
12632028.828125
12632022.90625
12632017.8984375
12632020.265625
12632047.234375
12632088.0078125
12632110.1953125
12632077.26953125
12632075.2265625
12632035.0703125
12632025.1484375
12632037.234375
12632151.2578125
12632161.9921875
12632109.7734375
12632079.90625
12632070.1953125
12632032.40625
12632036.4375
12631992.3359375
12632001.0859375
12631986.80078125
12631988.46875
12631987.140625
12631980.8515625
12631998.453125
12631955.1875
12631935.171875
12631964.15625
12631962.890625
12631984.6171875
12631974.7109375
12632013.5546875
12632006.796875
12631998.0
12632020.4609375
12632006.6796875
12632012.125
12631955.9296875
12631963.6171875
12631945.01953125
12631968.375
12631999.921875
12631938.6953125
12631995.28125
12632003.96875
12631997.0859375
12631982.1015625
12631951.6796875
12631933.109375
12631925.109375
12631925.125
12631995.4296875
12631970.1171875
12631954.171875
12631967.3671875
12631980.84375
12631991.0078125
12631966.5546875
12631985.4609375
12631952.453125
12631969.4296875
12631966.3359375
12631947.78125
12631959.3828125
12631985.4609375
12631988.36328125
12631981.27734375
12631934.9453125
12631956.859375
12631938.71875
12631940.90625
12631953.8125
12631912.03125
12631949.8828125
12631922.5078125
12631951.8828125
12631961.4921875
12631955.6875
12631897.4140625
12631895.375
12631876.1015625
12631911.2265625
12631942.59375
12631940.7265625
12631937.9921875
12631928.1484375
12631943.6875
12631910.0078125
12631905.5546875
12631868.10546875
12631891.4140625
12631985.34375
12631970.6796875
12631934.6484375
12631885.875
12631868.57421875
12631816.4453125
12631850.2578125
12631896.2109375
12631906.4296875
12631935.96875
12631952.5234375
12631963.453125
12631923.4140625
12631936.5390625
12631926.2890625
12631940.25
12631900.1953125
12631857.84375
12631856.5859375
12631898.3203125
12631889.1796875
12631879.6171875
12631836.71875
12631886.296875
12631904.9921875
12631961.3984375
12632010.1328125
12631959.671875
12631901.4296875
12631856.3984375
12631841.265625
12631842.8984375
12631842.046875
12631832.3984375
12631823.6953125
12631801.9296875
12631815.34375
12631843.84375
12631844.0
12631907.6015625
12631873.2265625
12631872.484375
12631823.5546875
12631766.71484375
12631796.1796875
