cost:	
1180432.34765625
762585.42578125
467264.07421875
304064.009765625
234998.345703125
209565.0869140625
199918.177734375
194502.6484375
190390.263671875
187155.216796875
184555.361328125
182416.0947265625
180549.41015625
178960.8134765625
177534.4736328125
176310.5234375
175189.4140625
174232.7041015625
173342.3642578125
172587.5634765625
171858.806640625
171142.318359375
170546.970703125
170021.841796875
169502.54296875
168978.78515625
168581.1533203125
168150.349609375
167753.5234375
167356.44140625
167040.1240234375
166636.7666015625
166343.099609375
166048.7294921875
165711.1142578125
165476.7333984375
165163.625
164894.607421875
164622.931640625
164368.67578125
164154.3447265625
163908.212890625
163667.0908203125
163418.7587890625
163210.72265625
162996.93359375
162786.8125
162596.9697265625
162340.2900390625
162158.9970703125
161915.9169921875
161661.9833984375
161546.3544921875
161330.525390625
161135.18359375
160953.4248046875
160797.8466796875
160585.708984375
160388.4462890625
160204.7919921875
160009.8330078125
159852.935546875
159637.5947265625
159465.8017578125
159279.9638671875
159100.7724609375
158941.3115234375
158729.2197265625
158538.1572265625
158373.6845703125
158189.560546875
158083.16796875
157871.2978515625
157672.556640625
157532.044921875
157306.7080078125
157182.634765625
156969.0947265625
156757.6826171875
156683.3671875
156584.3876953125
156343.564453125
156076.3046875
155897.3310546875
155749.1767578125
155590.55859375
155416.064453125
155262.154296875
155053.01171875
154893.9013671875
154734.8642578125
154671.90234375
154380.0859375
154208.439453125
154020.962890625
153810.7001953125
153687.0263671875
153478.517578125
153294.3310546875
153172.8935546875
152971.669921875
152778.8310546875
152597.9501953125
152482.41796875
152315.142578125
152142.21875
151982.4482421875
151760.08984375
151677.6728515625
151494.884765625
151334.06640625
151168.4658203125
150952.400390625
150824.90625
150646.8212890625
150470.3408203125
150357.3994140625
150153.4873046875
150060.4169921875
149826.6396484375
149686.33203125
149491.3837890625
149353.822265625
149264.556640625
149021.74609375
148911.3837890625
148679.587890625
148572.9091796875
148374.4326171875
148175.72265625
148071.35546875
147941.849609375
147745.701171875
147648.8125
147412.560546875
147277.705078125
147085.162109375
146973.39453125
146832.875
146652.2548828125
146571.0107421875
146402.2724609375
146159.0693359375
146014.2373046875
145940.0556640625
145727.6171875
145497.3134765625
145356.07421875
145239.40234375
145048.9619140625
144837.517578125
144804.2841796875
144602.6787109375
144385.330078125
144292.4697265625
144128.15625
143982.4501953125
143839.638671875
143731.80078125
143507.0771484375
143405.037109375
143255.41796875
143138.361328125
142989.078125
142879.6689453125
142636.1533203125
142490.2353515625
142356.3154296875
142240.8466796875
142076.9072265625
141948.046875
141755.390625
141724.7431640625
141416.9765625
141362.00390625
141254.2431640625
141025.1171875
140955.609375
140776.6298828125
140642.7900390625
140553.8251953125
140350.30078125
140210.7890625
140016.23828125
139931.408203125
139844.9619140625
139606.896484375
139496.8310546875
139385.423828125
139184.6171875
139098.9296875
138989.91015625
138792.873046875
138677.435546875
138564.9931640625
138340.169921875
138205.798828125
138075.076171875
137966.80078125
137833.056640625
137725.4541015625
137539.6328125
137434.0224609375
137268.634765625
137157.68359375
136972.9658203125
136855.9541015625
136734.3671875
136570.1650390625
136469.3466796875
136383.3876953125
136156.4580078125
136074.05810546875
135988.6328125
135817.4970703125
135750.892578125
135552.15380859375
135497.6796875
135333.6494140625
135221.7705078125
135077.87109375
134906.5234375
134841.48828125
134685.6298828125
134589.09228515625
134445.392578125
134353.5126953125
134189.638671875
134034.72265625
133958.39892578125
133743.1767578125
133710.6875
133606.1474609375
133457.53125
133326.80859375
133200.8203125
133129.0927734375
132949.0283203125
132829.1298828125
132718.3212890625
132634.673828125
132421.5517578125
132331.6240234375
132242.646484375
132090.9619140625
132000.390625
131852.6728515625
131717.35546875
131672.611328125
131533.3359375
131384.265625
131313.24072265625
131151.9228515625
130993.619140625
130907.5478515625
130808.9521484375
130658.1552734375
130564.63671875
130473.1435546875
130345.3603515625
130211.14892578125
130167.515625
129957.09130859375
129896.44873046875
129776.52880859375
129650.0537109375
129560.87109375
129452.1884765625
129328.2216796875
129209.6748046875
129122.5693359375
128982.0224609375
128920.3359375
128845.3828125
128739.93359375
128622.2421875
128464.8837890625
128360.5009765625
128246.3154296875
128225.892578125
128072.1943359375
128011.7578125
127849.359375
127764.97314453125
127558.224609375
127501.8466796875
127400.9169921875
127384.3623046875
127147.3515625
127067.091796875
127045.19775390625
126845.52734375
126873.0341796875
126728.7041015625
126595.0966796875
126436.54931640625
126328.4150390625
126293.3779296875
126160.7529296875
126105.1220703125
125930.1650390625
125840.23681640625
125693.6708984375
125634.87353515625
125588.380859375
125410.763671875
125391.8544921875
125238.04296875
125144.7314453125
125067.8447265625
124942.462890625
124916.953125
124730.93310546875
124663.9140625
124624.552734375
124494.486328125
124321.96484375
124304.71435546875
124208.25244140625
124105.6689453125
123998.08251953125
123921.93798828125
123842.02587890625
123781.95703125
123607.13232421875
123515.71484375
123424.68359375
123379.61328125
123265.0126953125
123175.416015625
123125.41796875
123019.93896484375
122908.0078125
122778.0859375
122732.29296875
122643.71875
122532.5107421875
122448.6142578125
122294.9560546875
122282.94384765625
122192.52392578125
122109.4453125
121985.1630859375
121876.4482421875
121739.35791015625
121728.29443359375
121701.861328125
121589.2509765625
121437.70703125
121386.55419921875
121247.65966796875
121175.287109375
121093.966796875
121026.666015625
120960.4833984375
120828.2646484375
120742.185546875
120772.0615234375
120556.87060546875
120484.89013671875
120324.0244140625
120290.375
120265.14208984375
120072.5751953125
119951.8662109375
119874.7158203125
119813.21484375
119637.896484375
119566.00390625
119559.64013671875
119441.720703125
119539.8212890625
119404.2353515625
119128.6669921875
119170.1640625
118968.0107421875
118972.1455078125
118837.75
118823.74365234375
118678.0751953125
118583.29150390625
118530.72998046875
118513.5458984375
118366.40966796875
118247.3349609375
118186.2197265625
118057.17578125
118029.677734375
117902.21875
117910.9443359375
117796.349609375
117760.6494140625
117673.3271484375
117654.2421875
117518.919921875
117405.94873046875
117314.69580078125
117241.31640625
117222.55078125
117081.24365234375
