cost:	
1213901.38671875
1093906.390625
956913.9453125
833445.48046875
727435.84765625
632644.61328125
550824.353515625
480108.115234375
418134.970703125
365874.455078125
320125.091796875
282215.3876953125
249083.259765625
221454.4912109375
198109.931640625
178450.8095703125
162055.23486328125
148507.75146484375
137366.2578125
128284.525390625
120669.33837890625
114515.89599609375
109541.359375
105563.27490234375
102420.48779296875
99827.64282226562
97771.58984375
96168.53173828125
94841.6533203125
93842.44189453125
93007.94775390625
92392.58618164062
91887.28833007812
91498.21411132812
91195.1435546875
90971.80078125
90754.37890625
90610.80615234375
90487.857421875
90394.57690429688
90312.77612304688
90264.2880859375
90201.1865234375
90163.44921875
90118.43725585938
90092.34765625
90069.896484375
90054.60546875
90022.419921875
90006.84619140625
89990.98583984375
89973.5791015625
89962.22314453125
89951.61181640625
89941.427734375
89942.955078125
89922.431640625
89912.32958984375
89907.55786132812
89901.037109375
89888.87353515625
89886.30151367188
89880.50390625
89874.12573242188
89862.67138671875
89853.9599609375
89849.42822265625
89845.5986328125
89838.93603515625
89836.54467773438
89824.44921875
89824.771484375
89811.8564453125
89807.4599609375
89800.07055664062
89791.087890625
89788.19018554688
89781.462890625
89770.677734375
89764.8427734375
89748.3544921875
89740.69116210938
89737.0810546875
89720.7451171875
89711.9970703125
89711.599609375
89689.4013671875
89673.03295898438
89661.18408203125
89650.86181640625
89637.7705078125
89627.53369140625
89605.07763671875
89601.1875
89578.26025390625
89563.59106445312
89544.06298828125
89539.08056640625
89512.58447265625
89496.12158203125
89474.541015625
89468.69213867188
89455.1953125
89449.81982421875
89431.38696289062
89413.72387695312
89404.18237304688
89370.7021484375
89354.86157226562
89338.38671875
89317.46630859375
89308.66796875
89294.23583984375
89273.4619140625
89265.62963867188
89236.59008789062
89210.9169921875
89170.1474609375
89140.95947265625
89078.17431640625
88981.98413085938
88682.234375
88120.33056640625
87593.5029296875
87277.47509765625
87095.1806640625
86937.67651367188
86791.65380859375
86650.021484375
86496.62768554688
86379.25610351562
86260.36474609375
86173.7138671875
86081.80395507812
85975.60205078125
85883.97412109375
85757.275390625
85535.42700195312
85221.36279296875
85067.04931640625
84803.58935546875
84633.77880859375
84467.8642578125
84317.34790039062
84197.09033203125
84082.10766601562
83965.986328125
83857.16381835938
83769.2744140625
83653.72802734375
83558.95239257812
83480.55395507812
83393.76953125
83193.84375
83113.15747070312
83022.57055664062
82951.01025390625
82867.58203125
82787.43603515625
82637.3369140625
82535.0400390625
82430.64306640625
82327.79443359375
82215.0126953125
82043.62963867188
81890.15551757812
81798.84130859375
81568.93823242188
81447.56469726562
81376.318359375
81258.24169921875
81127.19018554688
81043.5712890625
80977.83447265625
80915.63232421875
80836.61083984375
80740.154296875
80657.23071289062
80559.6796875
80478.10083007812
80394.19750976562
80258.76391601562
80025.02124023438
79929.673828125
79844.27319335938
79758.03271484375
79681.40209960938
79607.40380859375
79512.70190429688
79395.86791992188
79246.24975585938
78869.76953125
78796.720703125
78721.92578125
78652.412109375
78595.4267578125
78517.40551757812
78438.6064453125
78345.79248046875
78281.7060546875
78211.36401367188
78147.99682617188
78095.21215820312
78050.20288085938
77994.5185546875
77933.07006835938
77880.82836914062
77829.8974609375
77781.25268554688
77733.6728515625
77679.18139648438
77625.34594726562
77573.66943359375
77520.27954101562
77481.00170898438
77418.55419921875
77368.6376953125
77312.53515625
77253.11499023438
77194.6904296875
77143.27368164062
77068.01831054688
77020.05615234375
76962.85961914062
76906.205078125
76851.1884765625
76755.62182617188
76679.49291992188
76614.7216796875
76559.26123046875
76500.7353515625
76449.59375
76394.49682617188
76336.248046875
76272.26098632812
76207.3466796875
76117.95947265625
75967.42797851562
75893.02075195312
75818.30004882812
75747.90112304688
75669.740234375
75607.69140625
75539.45678710938
75477.54760742188
75418.84252929688
75366.322265625
75304.40844726562
75250.78149414062
75185.13989257812
75116.91748046875
75063.21875
75000.02490234375
74942.19921875
74886.07666015625
74828.07495117188
74770.04223632812
74716.28344726562
74664.9580078125
74604.86181640625
74554.63232421875
74504.5107421875
74455.97729492188
74388.86865234375
74341.32592773438
74277.91088867188
74227.4609375
74173.60424804688
74116.01196289062
74067.60546875
74004.09765625
73946.28466796875
73888.673828125
73827.66162109375
73774.96459960938
73728.5498046875
73654.04321289062
73591.83740234375
73524.31372070312
73441.1923828125
73363.314453125
73298.28588867188
73235.10278320312
73172.10961914062
73105.78662109375
73045.4033203125
72986.29418945312
72938.1904296875
72873.85595703125
72804.06469726562
72751.21606445312
72580.89111328125
72533.73754882812
72475.11059570312
72409.68212890625
72325.71264648438
72190.32861328125
72108.67041015625
72044.490234375
71963.1982421875
71906.85278320312
71836.64892578125
71774.65307617188
71716.46826171875
71660.72509765625
71592.50317382812
71523.16137695312
71467.49658203125
71392.0166015625
71320.47680664062
71248.41796875
71188.560546875
71124.26123046875
71063.58447265625
71008.67553710938
70944.9267578125
70878.7275390625
70830.1923828125
70768.59350585938
70711.2822265625
70654.64575195312
70619.55004882812
70530.02294921875
70470.30444335938
70422.31103515625
70354.31982421875
70279.87719726562
70217.25634765625
70135.81127929688
70033.18481445312
69962.08813476562
69896.53076171875
69843.52416992188
69779.64526367188
69704.89379882812
69659.87158203125
69610.5771484375
69556.72265625
69508.23266601562
69380.6015625
69314.19189453125
69247.62841796875
69177.5068359375
69116.25341796875
69098.2099609375
69023.56396484375
68978.2109375
68897.48852539062
68820.31713867188
68759.94189453125
68683.796875
68627.73681640625
68573.75390625
68554.55541992188
68527.802734375
68467.42358398438
68402.72387695312
68340.09008789062
68281.69140625
68214.01928710938
68156.49169921875
68091.08569335938
68017.34350585938
67972.44189453125
67929.43603515625
67852.77368164062
67780.63134765625
67727.60717773438
67665.68969726562
67620.03833007812
67545.38037109375
67475.61987304688
67414.27197265625
67368.6298828125
67283.21801757812
67230.423828125
67182.90087890625
67137.86206054688
67065.61767578125
67007.49072265625
66954.3935546875
66907.85693359375
66867.9091796875
66803.51171875
66749.20361328125
66695.07275390625
66634.90747070312
66600.70629882812
66554.34008789062
66505.66723632812
66430.44262695312
66378.8359375
66318.57861328125
66280.25
66239.7099609375
66178.98022460938
66117.03784179688
66057.25732421875
66000.5791015625
65969.5537109375
