cost:	
745944.25
193009.486328125
169230.9990234375
140208.80126953125
132461.9306640625
127765.1982421875
124025.0341796875
121248.0751953125
118806.7978515625
116577.01416015625
114258.064453125
112333.6162109375
110052.779296875
108147.9326171875
106208.7939453125
104186.955078125
102556.1796875
100753.4482421875
99051.84814453125
97268.1806640625
95842.61328125
94090.2568359375
92925.720703125
91479.14501953125
90214.037109375
89072.5517578125
87941.9853515625
86785.69287109375
85685.392578125
84800.78076171875
83790.2275390625
82825.50830078125
81930.83544921875
81038.1162109375
80353.53662109375
79515.2333984375
78654.29052734375
77892.8408203125
77142.57568359375
76441.67578125
75772.27392578125
75076.29272460938
74427.46752929688
73665.5625
73213.5771484375
72563.279296875
72110.14404296875
71500.97314453125
70973.9619140625
70382.88525390625
69733.82177734375
69353.5283203125
68838.53955078125
68458.21118164062
67903.96411132812
67567.103515625
67119.02490234375
66770.44775390625
66343.58935546875
66112.9404296875
65677.15234375
65284.3603515625
64937.726318359375
64585.30712890625
64288.580078125
63918.102783203125
63694.616943359375
63411.02587890625
63132.056640625
62837.49951171875
62519.313232421875
62337.94482421875
62150.484375
61892.87451171875
61588.423828125
61352.642333984375
61156.265625
61046.70166015625
60794.57861328125
60535.06396484375
60346.9208984375
60093.337890625
60029.71044921875
59935.3115234375
59923.41748046875
59878.519287109375
59894.360595703125
59908.54638671875
59582.880859375
59087.056640625
58692.45751953125
58523.60595703125
58410.02587890625
58359.59814453125
58190.65234375
58032.97314453125
57959.60791015625
57853.6025390625
57712.583984375
57574.972900390625
57470.91259765625
57330.8486328125
57332.90087890625
57187.76806640625
57004.02490234375
56935.71337890625
56918.940673828125
56854.78076171875
56662.94873046875
56595.95458984375
56624.8310546875
56519.33642578125
56455.96484375
56401.51171875
56258.39306640625
56162.69580078125
55971.0283203125
55967.33935546875
55900.340087890625
55912.32177734375
55908.18505859375
55936.060791015625
55923.559814453125
55767.36474609375
55682.673828125
55611.089599609375
55588.98193359375
55530.86474609375
55377.907958984375
55330.8876953125
55343.1064453125
55351.48681640625
55321.23388671875
55284.6982421875
55327.93017578125
55161.0185546875
55177.57177734375
55046.490234375
55020.6328125
54981.4375
54918.6025390625
54796.137939453125
54846.9375
54816.53515625
54788.96533203125
54694.37451171875
54755.766845703125
54646.234375
54730.40234375
54746.695068359375
54645.09814453125
54489.22998046875
54377.674072265625
54423.84130859375
54443.45947265625
54670.76025390625
54518.17626953125
54476.68603515625
54241.362548828125
54280.3916015625
54193.7001953125
54168.04931640625
54138.42919921875
54147.68701171875
54114.90673828125
54181.3876953125
54151.5673828125
54099.22021484375
54104.9833984375
54033.39404296875
54113.70947265625
53974.4853515625
53945.994873046875
53930.201416015625
53950.45458984375
53941.829833984375
53960.39111328125
53994.546875
53919.149169921875
53849.5146484375
53799.91943359375
53829.712158203125
53736.0498046875
53771.5234375
53796.4462890625
53764.816162109375
53724.49560546875
53687.37890625
53694.17724609375
53618.36767578125
53689.492919921875
53694.295654296875
53633.29736328125
53671.46142578125
53749.1982421875
53611.783203125
53558.99951171875
53652.6201171875
53587.7705078125
53549.52490234375
53471.5185546875
53437.336669921875
53464.53125
53402.94384765625
53601.7783203125
53656.171142578125
53458.10546875
53363.661865234375
53361.755859375
53371.2109375
53296.5029296875
53315.759765625
53301.072509765625
53324.718994140625
53274.605224609375
53364.10595703125
53250.953369140625
53186.50244140625
53238.72802734375
53209.18798828125
53283.5927734375
53231.28271484375
53204.309814453125
53211.90380859375
53189.50537109375
53221.80517578125
53166.241455078125
53179.857421875
53155.669921875
53135.5302734375
53204.416015625
53166.42626953125
53082.61962890625
53125.3056640625
53048.58984375
53016.7373046875
52994.3232421875
53104.736083984375
53105.6123046875
53082.16650390625
52983.338623046875
52976.87109375
52949.3857421875
52956.6484375
52971.646484375
53015.15869140625
52994.57763671875
52960.88427734375
52993.47021484375
52996.34716796875
52914.164794921875
52854.302978515625
52806.274169921875
52836.890380859375
52860.251220703125
52839.873046875
52866.22119140625
52832.48876953125
52775.75390625
52811.212158203125
52827.119140625
52869.2578125
52799.372314453125
52809.33251953125
52830.76171875
52925.35986328125
52960.95166015625
52794.2080078125
52743.865234375
52856.92626953125
52890.26806640625
52996.439208984375
52870.958251953125
52883.48828125
52820.702880859375
52769.591064453125
52839.3935546875
52715.71533203125
52788.4541015625
52657.7763671875
52662.8671875
52669.23388671875
52723.57275390625
52710.68994140625
52708.14892578125
52767.8974609375
52683.3916015625
52649.313232421875
52688.87451171875
52615.636962890625
52667.93896484375
52678.39599609375
52633.1982421875
52677.32666015625
52665.1181640625
52708.958984375
52626.253662109375
52614.76513671875
52670.701416015625
52610.935546875
52556.03759765625
52596.6279296875
52594.04296875
52593.4130859375
52582.40234375
52467.805908203125
52471.40185546875
52618.85888671875
52595.13427734375
52607.43994140625
52505.536865234375
52477.0458984375
52478.92041015625
52378.42041015625
52442.58447265625
52535.5380859375
52479.06591796875
52518.44287109375
52484.48681640625
52448.54150390625
52412.205810546875
52473.085693359375
52447.69970703125
52383.3994140625
52431.3056640625
52398.8994140625
52583.720703125
52528.73046875
52625.005859375
52473.2666015625
52508.669921875
52510.74658203125
52461.27197265625
52415.94287109375
52467.81005859375
52392.7822265625
52303.87353515625
52305.55322265625
52247.80322265625
52318.66259765625
52283.3818359375
52306.46728515625
52362.38720703125
52317.61865234375
52351.1171875
52384.9541015625
52363.4892578125
52373.56689453125
52361.96728515625
52323.76806640625
52213.8115234375
52262.902587890625
52175.380126953125
52156.71533203125
52220.93798828125
52158.92041015625
52175.366943359375
52183.97705078125
52225.301513671875
52168.9169921875
52215.49365234375
52204.5625
52173.4580078125
52165.87939453125
52176.959228515625
52140.279296875
52149.9130859375
52184.72412109375
52116.81787109375
52094.9599609375
52118.8779296875
52088.90869140625
52084.631591796875
52081.90673828125
52115.823486328125
52170.9248046875
52181.4677734375
52167.74755859375
52098.5712890625
52145.70703125
52183.337890625
52182.52099609375
52142.6533203125
52179.89306640625
52132.5908203125
52107.619873046875
52096.1337890625
52062.38720703125
52083.02294921875
52065.263671875
52106.6689453125
52156.65673828125
52036.677001953125
52144.130859375
52160.8896484375
52105.10400390625
52067.035888671875
52063.812744140625
51941.08642578125
51963.1796875
