cost:	
1096870.4453125
499038.609375
392038.234375
311081.126953125
261813.328125
229099.7958984375
206343.51953125
189846.091796875
177453.7919921875
167542.9365234375
159845.5830078125
153549.0751953125
148417.693359375
144364.8134765625
140606.8330078125
137499.18359375
135101.01171875
132981.8603515625
131246.9921875
129643.212890625
128408.025390625
127001.3427734375
126269.1767578125
125557.265625
124461.1953125
123581.8671875
122744.140625
122188.927734375
121899.82861328125
121539.150390625
121225.4052734375
120848.01611328125
120274.896484375
119758.10546875
119312.787109375
119267.759765625
118820.494140625
118870.3681640625
118905.744140625
118608.6689453125
118371.3388671875
118049.18017578125
117912.69384765625
117926.619140625
118390.857421875
117912.2109375
117294.14404296875
117124.4404296875
117149.4912109375
117199.869140625
116909.32275390625
116849.31640625
116632.9404296875
116760.22265625
116268.4609375
116242.02197265625
116171.9111328125
116245.3896484375
116336.13720703125
116202.677734375
117162.00146484375
116998.7529296875
117099.7451171875
115987.3828125
115743.64453125
115841.7998046875
115485.4443359375
115512.2744140625
115239.748046875
115315.748046875
115181.8818359375
115417.49560546875
115345.3203125
115188.5908203125
115365.7841796875
115036.36328125
114757.13671875
114739.4853515625
114851.1083984375
114889.2060546875
114963.54296875
114820.45263671875
114884.5703125
115065.23828125
114959.2900390625
114701.08837890625
114774.916015625
114820.02392578125
114094.43994140625
114202.2666015625
114898.4814453125
113930.18359375
114441.28466796875
114065.9052734375
114035.283203125
113757.03515625
114033.02001953125
113576.79150390625
113883.4609375
113692.21875
113650.16650390625
113248.97216796875
112972.232421875
112999.4013671875
113044.8720703125
112990.3203125
113071.90234375
112880.66796875
112421.86962890625
112576.12890625
113003.23779296875
113381.3017578125
113780.82470703125
113800.7822265625
112698.34375
112911.4248046875
112243.2275390625
112283.81787109375
112340.4208984375
112489.41064453125
112353.49951171875
112322.40185546875
112166.111328125
111894.9375
111994.248046875
111657.75146484375
111654.5029296875
111675.80078125
112307.3173828125
111966.7900390625
111744.29443359375
111246.123046875
111666.26171875
111704.1201171875
112093.2705078125
111401.3525390625
111343.6806640625
111462.4345703125
111162.11181640625
111423.419921875
111575.341796875
111403.396484375
111736.0185546875
111636.72314453125
111209.18310546875
110828.7548828125
111579.3857421875
111514.6484375
111078.3564453125
111203.0703125
111537.1435546875
112044.0224609375
111515.072265625
111367.0576171875
111609.2734375
111188.75244140625
110432.4921875
110307.486328125
110182.41455078125
110171.92626953125
110452.43994140625
110455.0576171875
110661.8251953125
110242.89404296875
110934.7841796875
109976.1767578125
109655.021484375
109736.7548828125
109687.17333984375
109643.95703125
109734.6689453125
109683.63671875
110396.44482421875
110323.98046875
109883.5966796875
109381.830078125
109448.32421875
109382.5673828125
109282.96533203125
109443.783203125
109179.3349609375
109349.80712890625
109245.79345703125
109294.9951171875
109296.2998046875
109240.181640625
109185.474609375
109407.0107421875
108923.0458984375
108702.50537109375
108786.873046875
109474.404296875
109218.34716796875
109100.09716796875
108670.49462890625
109024.0703125
108624.041015625
108741.2041015625
108665.9697265625
108575.89892578125
108520.806640625
108583.70849609375
108934.6689453125
108683.46728515625
108242.15380859375
108435.4697265625
108292.5546875
108446.353515625
108255.6416015625
108368.828125
108146.974609375
108150.376953125
108471.05224609375
108019.3046875
108074.54931640625
108401.65966796875
108229.767578125
108125.0791015625
108096.74658203125
107847.64111328125
107968.6865234375
107613.54541015625
107366.6298828125
107631.17626953125
108041.123046875
108509.060546875
107773.6044921875
108239.2177734375
107601.865234375
107479.208984375
107287.990234375
107504.994140625
107385.984375
107299.88671875
107376.41162109375
107371.26171875
107326.39306640625
107802.890625
107907.05322265625
107161.625
107164.71728515625
107246.7919921875
107196.958984375
107190.693359375
106935.9140625
106995.7626953125
107149.068359375
106967.451171875
107411.8759765625
107694.453125
107607.8515625
106915.79296875
106938.0830078125
106797.9296875
106704.712890625
106961.365234375
106553.3974609375
106445.7890625
106403.169921875
106168.326171875
106730.3974609375
107262.2333984375
106453.720703125
106407.0107421875
106403.86767578125
106593.1171875
106397.4716796875
106595.2236328125
106535.251953125
106464.25439453125
106403.7421875
106104.671875
106271.8349609375
106165.353515625
106395.7451171875
106752.2861328125
106428.8408203125
106187.6201171875
106142.37890625
106133.62939453125
106502.4072265625
106230.8662109375
106136.5478515625
105936.62353515625
106276.1591796875
105671.3115234375
105989.7177734375
105937.0908203125
105787.32177734375
106078.9541015625
106242.904296875
106099.2255859375
105884.9765625
105819.01611328125
105718.46044921875
105635.654296875
105784.05126953125
106485.8603515625
105765.6455078125
105711.58251953125
105441.890625
105579.9775390625
105755.5166015625
105461.65576171875
105604.484375
105386.7470703125
105462.01220703125
105964.4326171875
105633.626953125
105442.736328125
105489.435546875
105128.046875
104889.13232421875
105086.00390625
105126.1396484375
105101.04638671875
105205.82080078125
105119.5966796875
105152.7666015625
105068.146484375
105201.884765625
104983.92919921875
104990.755859375
104871.98779296875
105374.423828125
104721.59033203125
104957.03515625
104585.5712890625
104823.92578125
104970.63427734375
105109.4638671875
105452.35302734375
105526.0087890625
105336.998046875
104613.5498046875
104454.8017578125
104572.4541015625
104886.5634765625
104636.48974609375
104505.6767578125
104592.21630859375
104628.123046875
104476.201171875
104537.052734375
104800.3271484375
104890.7412109375
104312.896484375
104471.78759765625
104417.0068359375
104500.07275390625
104327.75
104090.6201171875
104374.818359375
104811.09912109375
104080.48828125
104230.830078125
103975.7724609375
104349.525390625
104429.78857421875
104591.662109375
104203.94873046875
104244.73828125
104116.53076171875
103862.87451171875
104066.5830078125
104059.20556640625
103803.25927734375
104449.1337890625
104446.4716796875
103994.65185546875
104033.7958984375
103867.82177734375
103859.67578125
104148.04345703125
104287.0556640625
104163.2080078125
104313.1328125
103995.18505859375
103674.2412109375
103871.63134765625
103860.78466796875
103585.025390625
103779.5615234375
103806.0498046875
103885.82177734375
103448.181640625
103598.85400390625
103684.91064453125
103407.9560546875
103637.8896484375
103514.25146484375
103750.623046875
103730.3046875
103626.68603515625
103483.05615234375
103651.34375
103440.46240234375
103400.5009765625
103726.30078125
103545.34228515625
