cost:	
1161825.26171875
915979.76171875
702746.275390625
530145.474609375
399374.830078125
300562.2353515625
230771.6005859375
182991.92138671875
149740.009765625
128552.9208984375
114465.64501953125
105919.74072265625
100455.3017578125
97254.5458984375
95301.6689453125
94210.75244140625
93511.34619140625
93107.6552734375
92864.4462890625
92705.2626953125
92599.89379882812
92532.66015625
92462.9619140625
92439.14599609375
92396.5126953125
92388.42358398438
92341.66674804688
92323.763671875
92311.97827148438
92296.59765625
92271.89404296875
92273.86279296875
92262.44189453125
92248.97973632812
92231.1025390625
92222.39990234375
92216.24682617188
92202.67993164062
92211.25634765625
92185.15380859375
92182.6240234375
92183.52783203125
92178.2744140625
92154.12890625
92156.27172851562
92153.521484375
92140.20556640625
92129.75390625
92124.50537109375
92115.6533203125
92089.38818359375
92076.39624023438
92079.94677734375
92077.26904296875
92062.55859375
92050.01220703125
92043.728515625
92028.44482421875
92028.64990234375
92018.91674804688
92007.12890625
92005.42822265625
91998.92919921875
91985.92626953125
91963.87646484375
91964.5126953125
91963.43603515625
91932.19409179688
91936.82543945312
91917.9306640625
91912.49462890625
91886.81005859375
91894.71215820312
91852.26171875
91826.26123046875
91820.8359375
91815.328125
91778.8818359375
91765.76025390625
91756.04150390625
91745.02026367188
91702.76513671875
91686.0263671875
91693.125
91677.31005859375
91641.09326171875
91626.92065429688
91632.96240234375
91618.970703125
91614.8916015625
91565.9287109375
91566.64697265625
91535.94311523438
91498.08203125
91476.5185546875
91448.99560546875
91245.40478515625
91190.52392578125
90931.74536132812
90597.75903320312
90083.03662109375
89588.69653320312
88918.51904296875
88492.0126953125
87982.71533203125
87496.28173828125
87062.857421875
86690.70654296875
86428.28076171875
86119.95849609375
85850.99365234375
85614.71142578125
85376.84716796875
85155.70434570312
84951.88720703125
84794.5390625
84610.10205078125
84446.8896484375
84309.40307617188
84187.78588867188
84055.70703125
83926.38720703125
83811.08056640625
83551.796875
83307.63598632812
83144.0546875
82943.65869140625
82788.11254882812
82599.62451171875
82457.54443359375
82304.43408203125
82177.66162109375
82085.92309570312
81954.3642578125
81738.49951171875
81635.42749023438
81527.0166015625
81417.7822265625
81335.50170898438
81243.68701171875
81098.52954101562
80904.28833007812
80810.12060546875
80683.33618164062
80586.96875
80500.31201171875
80368.13037109375
80277.60522460938
80129.75634765625
80031.56372070312
79896.44287109375
79795.76708984375
79717.00830078125
79592.61157226562
79494.20239257812
79356.7978515625
79229.1455078125
79075.138671875
78898.10302734375
78777.8271484375
78678.70947265625
78588.17822265625
78471.6982421875
78362.96411132812
78246.70361328125
78087.7099609375
77974.5927734375
77830.55078125
77699.3701171875
77605.42065429688
77473.802734375
77371.884765625
77244.6611328125
77132.75341796875
77016.88208007812
76868.529296875
76762.65258789062
76642.16674804688
76536.20947265625
76419.8701171875
76309.93579101562
76130.1181640625
76009.994140625
75874.70849609375
75774.7314453125
75654.24072265625
75525.87890625
75395.74145507812
75281.978515625
75167.77905273438
75056.935546875
74937.6044921875
74832.00854492188
74717.02587890625
74605.939453125
74504.13598632812
74380.69067382812
74276.67260742188
74143.91845703125
73978.783203125
73859.291015625
73730.302734375
73608.53344726562
73467.50537109375
73339.88208007812
73218.96997070312
73111.75561523438
72998.89794921875
72897.287109375
72785.89599609375
72664.0029296875
72559.11840820312
72455.357421875
72343.25122070312
72220.60791015625
72101.50244140625
71980.29467773438
71875.75610351562
71773.759765625
71680.08935546875
71566.99609375
71459.23706054688
71348.73388671875
71243.62060546875
71146.19897460938
71024.86791992188
70911.41674804688
70802.67700195312
70704.82788085938
70601.05615234375
70493.49609375
70394.02026367188
70296.61376953125
70180.07543945312
70063.10107421875
69964.38818359375
69842.65795898438
69731.2294921875
69631.89184570312
69532.43798828125
69436.36987304688
69332.16625976562
69220.44653320312
69105.78491210938
69004.10327148438
68906.95947265625
68798.36767578125
68704.03735351562
68599.89672851562
68502.32348632812
68385.40234375
68293.71240234375
68194.20361328125
68108.00610351562
68016.24951171875
67904.13500976562
67805.263671875
67713.28784179688
67609.587890625
67507.736328125
67426.0546875
67308.92553710938
67215.2763671875
67121.27124023438
67028.390625
66948.89477539062
66838.46704101562
66745.12524414062
66659.806640625
66579.771484375
66471.50830078125
66385.40698242188
66290.2763671875
66199.07177734375
66105.1728515625
66012.85327148438
65921.11962890625
65832.81591796875
65738.03759765625
65655.638671875
65558.3623046875
65466.9375
65373.416748046875
65267.808349609375
65181.659423828125
65094.30615234375
65002.1005859375
64936.76806640625
64837.045654296875
64744.47412109375
64651.39892578125
64544.82958984375
64457.97607421875
64369.45849609375
64279.3515625
64189.11962890625
64118.10400390625
64029.830078125
63935.407470703125
63844.91357421875
63741.7041015625
63651.56005859375
63537.236328125
63454.37451171875
63366.44775390625
63270.140380859375
63178.0986328125
63081.22119140625
62996.7177734375
62912.5654296875
62818.137451171875
62738.409912109375
62650.188720703125
62571.50439453125
62493.97900390625
62411.99658203125
62331.775390625
62244.64404296875
62159.09716796875
62066.97705078125
62003.4462890625
61923.6015625
61842.239013671875
61731.321044921875
61649.752197265625
61546.283935546875
61477.28369140625
61377.880615234375
61298.07275390625
61216.327392578125
61133.01513671875
61054.56689453125
60967.001708984375
60898.1474609375
60825.0712890625
60737.80615234375
60667.65185546875
60575.225341796875
60503.24267578125
60408.261962890625
60343.357177734375
60271.613525390625
60209.5634765625
60113.18359375
60008.54052734375
59923.99072265625
59832.829345703125
59778.84765625
59676.19873046875
59613.39794921875
59515.66845703125
59422.690673828125
59346.362548828125
59253.115966796875
59189.31982421875
59134.69189453125
59058.645263671875
58992.89111328125
58916.691650390625
58825.92333984375
58776.93798828125
58672.579833984375
58594.15283203125
58503.292724609375
58441.122802734375
58366.001708984375
58305.809326171875
58226.1689453125
58178.952392578125
58110.74951171875
58032.08837890625
57961.11181640625
57887.958984375
57808.61669921875
57743.6904296875
57661.89990234375
57568.74609375
57481.70751953125
57405.70068359375
57343.68896484375
57277.767333984375
57192.21533203125
57124.04931640625
57037.77978515625
56961.89208984375
56886.3603515625
56825.650146484375
56772.68701171875
56669.330322265625
56614.60498046875
56523.4482421875
56465.845458984375
56401.049072265625
56323.130859375
56272.195556640625
56204.551513671875
56158.78466796875
56105.5205078125
56054.465087890625
55972.22119140625
