cost:	
2230954.1420898438
983971.3896484375
890048.05859375
805944.8364257812
725999.146484375
669653.259765625
606354.5561523438
549922.095703125
506394.8742675781
463814.35009765625
429728.81787109375
398878.3828125
374869.8232421875
350521.13623046875
333319.47021484375
313371.04833984375
303262.37841796875
290121.30224609375
276547.5314941406
264029.7790527344
255562.35546875
243924.80798339844
238011.79711914062
236937.28125
233899.2900390625
230619.48388671875
225075.75170898438
219906.48706054688
215395.86352539062
212738.29931640625
209298.08325195312
209971.46728515625
210201.53564453125
209942.01489257812
211340.5225830078
211333.93579101562
203532.33618164062
200666.26489257812
199033.71545410156
201511.69604492188
204403.31518554688
196802.76147460938
196908.29150390625
196314.73828125
191127.85485839844
189621.96838378906
191103.17260742188
192463.66235351562
191574.0948486328
190726.71875
185177.48779296875
174078.45178222656
172330.76733398438
170835.7745361328
172514.84204101562
170751.25
169683.1690673828
170356.76245117188
172159.4931640625
170419.64819335938
168568.43041992188
169400.38354492188
169273.97973632812
167864.89782714844
168310.83251953125
172891.9451904297
180077.98120117188
180343.70971679688
174016.91259765625
171947.00341796875
171662.80126953125
173167.3739013672
172439.42150878906
173906.48767089844
172645.6962890625
171094.27075195312
173510.49194335938
171596.60314941406
169994.30639648438
166012.69970703125
167121.4189453125
166239.3936767578
167530.0606689453
167756.23022460938
168894.46252441406
167089.45446777344
172017.42932128906
171429.0684814453
170111.19287109375
169436.19750976562
168183.79040527344
166190.03967285156
166052.49877929688
167679.9482421875
166635.6260986328
164625.2149658203
163778.8798828125
163305.5625
158482.4639892578
154432.49255371094
153832.8399658203
148753.04821777344
146652.2957763672
144527.5362548828
142449.3038330078
146137.87268066406
142977.19885253906
157960.36462402344
157741.5595703125
160452.43493652344
158678.4539794922
154785.1124267578
152459.4239501953
151954.126953125
150332.56860351562
146745.3143310547
148907.07580566406
148863.12280273438
150786.48095703125
151923.7110595703
155080.5146484375
155599.95361328125
156097.2198486328
158715.36462402344
151212.0235595703
148397.63220214844
147852.400390625
149269.88012695312
148933.47485351562
149010.85424804688
146786.1795654297
147305.5311279297
148575.82360839844
148044.2069091797
151915.86547851562
153490.38635253906
149718.57373046875
153201.3153076172
153304.63830566406
154264.25256347656
151973.58935546875
150691.18322753906
145789.73461914062
145263.05529785156
144173.7791748047
144646.6964111328
143940.82470703125
147946.87524414062
146307.728515625
148380.22595214844
146495.17602539062
136855.6875
131779.89807128906
128945.30920410156
130488.3984375
129704.54479980469
134534.2266845703
135440.83911132812
133430.13049316406
133158.10034179688
135433.37829589844
135609.650390625
139032.70361328125
140682.26733398438
140665.82556152344
140586.2283935547
139674.90942382812
139347.06970214844
138067.43774414062
137807.2109375
139828.27575683594
142230.1241455078
138677.86401367188
137613.6290283203
136731.7745361328
138644.63818359375
140949.40856933594
144510.6571044922
142279.2471923828
141734.63256835938
141672.49658203125
140020.53747558594
141563.3865966797
140828.47717285156
138158.67248535156
134673.9901123047
135065.8740234375
134779.50903320312
134552.98095703125
136192.99584960938
138073.12329101562
140418.22985839844
141227.91381835938
140198.2469482422
139736.57946777344
135914.1583251953
137865.95727539062
139062.615234375
141823.71813964844
139774.40466308594
136786.3251953125
127010.33520507812
119174.70349121094
115711.1259765625
115767.34680175781
116810.13684082031
119058.11486816406
121471.95910644531
123041.15356445312
125067.55871582031
126730.26623535156
130017.19189453125
130777.55908203125
129504.01147460938
128953.17944335938
130310.91979980469
129360.10534667969
130166.71423339844
131468.0272216797
132152.67443847656
133075.49768066406
132776.89672851562
130332.75610351562
128721.2890625
129038.43029785156
131429.81701660156
133244.6248779297
131533.35693359375
131675.1300048828
135585.56958007812
135725.36267089844
132821.2559814453
132482.2677001953
127627.56494140625
128067.86474609375
129219.25537109375
132320.7391357422
131314.22778320312
133634.36657714844
133041.6729736328
131563.37084960938
131040.4169921875
130794.57104492188
128126.63366699219
127581.32434082031
125425.71472167969
127717.77612304688
124469.02624511719
127096.61657714844
130089.56311035156
125942.22583007812
118976.408203125
116247.09338378906
114290.12609863281
113858.56762695312
112678.9013671875
114428.35791015625
115897.81848144531
115345.32629394531
112804.96899414062
112608.97485351562
114819.04089355469
118097.97326660156
121444.80853271484
124102.08154296875
125461.96032714844
128387.17785644531
129027.86206054688
125428.07678222656
125861.33837890625
124052.84924316406
123586.24096679688
122408.73303222656
122685.86291503906
125553.09997558594
125340.4267578125
125153.24523925781
124105.53405761719
121473.17626953125
118888.26354980469
118488.73681640625
119115.24975585938
119996.17553710938
121616.90240478516
124852.93542480469
128143.25744628906
130197.48779296875
127590.18005371094
122256.23498535156
120689.30383300781
119931.73706054688
118764.70446777344
116991.66333007812
118293.55004882812
118691.55261230469
122166.44970703125
124421.31262207031
128782.79345703125
124900.44299316406
124008.47546386719
120922.56042480469
112522.541015625
106491.05480957031
102288.96179199219
101052.62646484375
100791.7373046875
103094.85144042969
107241.74926757812
110067.57482910156
112094.57336425781
115173.82043457031
115278.37084960938
115276.39123535156
116394.2236328125
115341.17114257812
114589.07629394531
114209.98681640625
115238.52294921875
115834.1337890625
114518.64428710938
115592.54772949219
117075.12194824219
119478.64367675781
117773.86987304688
116723.33410644531
119428.78649902344
120914.14331054688
119932.708984375
120107.2578125
116384.30798339844
111223.54443359375
110346.32275390625
110127.91772460938
113128.71606445312
114362.79345703125
116906.48657226562
116342.27221679688
118465.95446777344
117735.90844726562
118537.26843261719
118274.61486816406
116760.83544921875
114610.93322753906
114838.5693359375
112733.53869628906
114491.00061035156
115223.33154296875
115758.04040527344
113839.05053710938
114861.5087890625
113733.923828125
109148.18383789062
106449.36987304688
102888.39422607422
103168.47845458984
101210.68029785156
98870.50170898438
99527.74670410156
101229.88208007812
102657.89636230469
104327.42041015625
107408.26538085938
108190.62854003906
107778.23815917969
108526.12927246094
110428.98779296875
110853.06884765625
112128.48852539062
111798.87219238281
112368.97351074219
110596.32629394531
110398.55493164062
110853.6484375
111743.92352294922
110028.52722167969
113355.04040527344
114890.701171875
111020.97216796875
107889.96643066406
108203.92419433594
107322.35266113281
109191.9144897461
108781.46661376953
107947.9814453125
107785.80871582031
107176.5888671875
108408.84265136719
108129.68603515625
108259.65808105469
107443.59887695312
108509.86022949219
111546.85803222656
112923.4794921875
113045.099609375
109749.89147949219
110696.59094238281
112313.86560058594
113929.54626464844
109037.34008789062
106439.25537109375
