cost:	
621399.958984375
193046.05615234375
113277.0029296875
90629.31884765625
76342.1845703125
65624.08447265625
57700.424072265625
51217.127685546875
45542.159423828125
40353.28076171875
35992.11474609375
31913.82666015625
28443.600219726562
25384.404418945312
22613.402893066406
20137.22589111328
17932.92059326172
16041.722717285156
14313.91015625
12975.085205078125
11578.385803222656
10373.004333496094
9443.715576171875
8354.57681274414
7667.328643798828
6884.137878417969
6217.915344238281
5725.671173095703
5335.923110961914
4802.721221923828
4753.620819091797
4276.261611938477
4713.604431152344
3707.5157318115234
3397.663360595703
3235.356430053711
2978.372268676758
2643.0628051757812
2346.2773818969727
2163.8470611572266
1915.2562637329102
1833.1842803955078
1665.196144104004
1562.6246490478516
1527.2548446655273
1547.087287902832
1625.578857421875
1540.0918769836426
1462.441047668457
1292.2329559326172
1205.3762130737305
1118.8611946105957
1170.2513046264648
1022.1841697692871
950.081657409668
950.7380485534668
993.6408576965332
912.9604377746582
847.2703285217285
867.5079879760742
883.3661003112793
931.6149940490723
1027.4121322631836
1068.6268920898438
1119.0610961914062
1310.1516151428223
1493.895092010498
1379.706314086914
1180.1655578613281
1221.5760192871094
1283.7126731872559
1379.4254531860352
1539.2502937316895
1510.126392364502
1565.0971298217773
1485.0039138793945
1607.4457550048828
1965.8625717163086
2283.2032928466797
2146.9471435546875
1933.8507537841797
2232.560447692871
1923.519130706787
2120.3495559692383
1854.5067138671875
1819.4936065673828
1709.5279922485352
1326.8510131835938
1151.1954078674316
1116.217155456543
1111.717113494873
1123.2989978790283
1204.9732971191406
978.2107238769531
1098.5739135742188
1243.755615234375
1089.950912475586
1164.504638671875
976.6667709350586
823.7706890106201
844.0374946594238
870.9686164855957
899.8070220947266
807.1530342102051
904.460033416748
888.3985481262207
860.3744068145752
812.0562286376953
789.4271354675293
756.9772109985352
675.1819915771484
685.1084899902344
617.4953708648682
595.4954433441162
639.7241706848145
765.1154918670654
885.850528717041
856.5646018981934
886.7276725769043
985.7049751281738
1023.2638473510742
1040.2667541503906
1091.4301834106445
1132.7756271362305
1240.5632438659668
1283.2250709533691
1168.354305267334
1207.0927429199219
1192.6867713928223
1181.214168548584
1061.42240524292
1177.2791423797607
1276.4589233398438
1220.7090606689453
1087.6737670898438
1110.8132934570312
1059.8228759765625
1099.8833465576172
1175.6767272949219
1311.9212265014648
1184.7277450561523
1443.3358459472656
1256.2603759765625
1321.6968231201172
1217.6748733520508
1296.2240180969238
1387.33740234375
1510.4647331237793
1588.4079055786133
1640.8908462524414
1581.8672103881836
1513.2351455688477
1448.115577697754
1284.961093902588
1145.0940170288086
1162.954475402832
1167.9181289672852
1120.348373413086
1101.3159141540527
1129.4202041625977
1122.8761672973633
1103.848705291748
1146.8206176757812
1305.9728050231934
1342.2586097717285
1458.3787956237793
1670.8300399780273
1709.5984992980957
1737.250846862793
1900.3519897460938
1804.6518936157227
1859.385513305664
1587.854507446289
1516.1363220214844
1555.7308883666992
1442.1799697875977
1368.3245849609375
1342.5456008911133
1269.1285934448242
1182.9689598083496
1161.6926460266113
1066.5511856079102
1027.8198356628418
1036.224006652832
1001.045783996582
1022.9938926696777
1024.1497268676758
1075.786262512207
1014.7612228393555
1290.4246673583984
1274.7306289672852
1982.0490951538086
1639.0892791748047
1792.3588562011719
1947.2390975952148
1952.1163024902344
2059.6190872192383
2244.3206481933594
2497.789192199707
2833.4366455078125
2620.611312866211
2446.8467407226562
2284.5850524902344
2393.0779571533203
2109.6140899658203
1944.8308792114258
1829.6952590942383
1583.1095733642578
1572.8654747009277
1598.0028381347656
1507.4705963134766
1341.9936027526855
1248.0797843933105
1171.5105667114258
1122.3587265014648
1026.0050811767578
941.9589195251465
1044.765266418457
1000.9339370727539
927.5677394866943
960.7082557678223
919.8057861328125
908.6958656311035
802.9287261962891
900.3367500305176
847.8391532897949
870.2488632202148
791.3328437805176
832.949089050293
854.03271484375
829.331371307373
807.3128929138184
814.1512222290039
821.2939510345459
759.6409645080566
743.7403831481934
759.026762008667
796.1480941772461
860.879093170166
881.9532470703125
963.7997894287109
995.1180458068848
1091.7115936279297
1173.681381225586
1261.2888259887695
1352.7318878173828
1552.5719871520996
1677.4643058776855
1799.2011260986328
1908.963493347168
2703.1355895996094
2787.764305114746
2808.5239486694336
2716.3868560791016
2396.8429565429688
2433.5121459960938
2419.491767883301
2315.5618896484375
2338.8371505737305
2278.738796234131
2187.4788970947266
2135.97615814209
1915.1321258544922
1806.666488647461
1511.2665557861328
1459.3128509521484
1280.042823791504
1287.6020774841309
1193.92529296875
1147.8112411499023
1210.210376739502
1181.259895324707
1140.7761764526367
1207.792781829834
1340.2741088867188
1372.8917617797852
1452.5758514404297
1422.702407836914
1550.4340744018555
1454.5314025878906
1472.1778678894043
1489.2603454589844
1512.5319595336914
1527.0061111450195
1510.1501159667969
1496.3598403930664
1460.0004348754883
1571.472640991211
1432.539737701416
1508.905990600586
1613.1170463562012
1834.892707824707
1875.4555358886719
1814.0766220092773
1852.489414215088
2069.3879470825195
2427.6722106933594
2336.5735473632812
2334.795364379883
2329.7534942626953
2209.9066467285156
1980.2341117858887
1841.4473991394043
1667.1540908813477
1394.4742050170898
1247.86572265625
1063.3010330200195
1230.7450561523438
1035.596549987793
933.8350219726562
838.7936172485352
830.5156402587891
824.377269744873
841.7466468811035
818.543981552124
798.6863403320312
829.0263061523438
823.3490295410156
828.556526184082
918.0751686096191
916.1006736755371
962.8808746337891
998.9932250976562
972.8992347717285
987.309627532959
923.7897300720215
1023.6161804199219
1076.362361907959
1104.9054565429688
1069.669792175293
1061.6759185791016
1063.4042015075684
1032.1424522399902
1137.5607681274414
1094.1131706237793
1051.9629440307617
1118.768985748291
980.8382034301758
1071.867847442627
1096.311855316162
1127.6653747558594
1147.5497207641602
1085.597541809082
1080.1942253112793
1122.9875259399414
1146.3724060058594
1281.3208618164062
1345.6812858581543
1391.2066040039062
1493.5954780578613
1394.5104064941406
1310.0398712158203
1224.6517753601074
1157.1616878509521
1082.557876586914
1100.2171096801758
1096.7252311706543
1120.211856842041
1034.3330001831055
1090.150749206543
1017.3978958129883
1014.5478019714355
1031.138671875
1055.6456317901611
1140.895206451416
1198.9558029174805
1186.7519454956055
1132.8817291259766
1176.2554206848145
1178.3668670654297
1248.2955703735352
1284.8610305786133
1240.6841278076172
1365.2433166503906
1305.002456665039
1390.0204811096191
1362.18310546875
1409.1929473876953
1465.999267578125
1406.0859832763672
1409.9309387207031
1375.3155975341797
1486.7722244262695
1408.6782531738281
1489.8911819458008
1469.1049575805664
1312.9204483032227
1225.095531463623
1177.4626502990723
1225.9666137695312
1230.3166313171387
1252.1608428955078
1270.0521202087402
1279.9265747070312
1663.7258605957031
1763.2919158935547
1961.9767150878906
2296.6304473876953
2325.8935623168945
2452.5862579345703
