cost:	
646104.580078125
229455.8828125
164631.201171875
149383.8291015625
139452.296875
133932.36279296875
129542.3212890625
125819.830078125
122438.703125
119291.62158203125
116358.685546875
113561.716796875
111022.732421875
108249.11474609375
105514.4013671875
103332.16455078125
100836.7490234375
98783.04296875
96749.3818359375
94603.4990234375
93031.02783203125
91192.8369140625
89438.50390625
87874.31396484375
86293.38330078125
84996.6904296875
83458.86328125
82419.982421875
81323.15478515625
80125.19873046875
79010.8974609375
78028.46484375
77158.88232421875
76017.73583984375
75113.1337890625
74179.037109375
73326.77685546875
72466.20556640625
71681.29736328125
70949.81591796875
70339.69189453125
69452.64404296875
68848.99560546875
68204.0732421875
67708.3505859375
67134.29541015625
66467.21044921875
65942.03369140625
65585.396484375
64932.546875
64415.7666015625
64032.06396484375
63498.32177734375
63215.67529296875
62736.10888671875
62568.08740234375
61898.18408203125
61584.14453125
61268.1826171875
60915.5693359375
60666.9384765625
60295.1171875
60089.95556640625
59782.3251953125
59538.37646484375
59240.656982421875
59039.9375
58760.3974609375
58580.523193359375
58383.435546875
58254.44873046875
57947.81640625
57807.2939453125
57603.40625
57416.8369140625
57283.24267578125
57123.146484375
56957.43603515625
56977.178955078125
56721.2919921875
56539.53125
56410.54736328125
56263.4072265625
56318.498291015625
56538.478515625
56530.8271484375
56065.625732421875
55964.54296875
56118.9375
56297.2861328125
55730.74755859375
55370.170654296875
55175.67041015625
55024.585205078125
54867.966552734375
54777.53564453125
54689.96630859375
54694.650390625
54547.1416015625
54494.568359375
54372.43994140625
54221.318603515625
54148.5048828125
54162.47216796875
54254.5
54109.3115234375
54010.854248046875
53954.94091796875
53725.59375
53696.1875
53638.54345703125
53633.046875
53621.66357421875
53546.40087890625
53456.963134765625
53355.237060546875
53244.89013671875
53316.89990234375
53158.4296875
53181.9697265625
53198.69287109375
53159.26416015625
53106.266357421875
53092.09326171875
53038.55810546875
52989.4775390625
52980.23681640625
53017.192626953125
52960.7744140625
52955.08984375
52893.218994140625
52938.17431640625
53146.53076171875
53346.5791015625
53460.35693359375
53298.08349609375
52985.326171875
52915.895263671875
53065.67431640625
53289.667724609375
53516.34912109375
53508.87109375
53090.34375
52721.64013671875
52635.22412109375
52412.99072265625
52433.35888671875
52427.60986328125
52472.55224609375
52346.8154296875
52263.9189453125
52175.63818359375
52170.227783203125
52196.30712890625
52119.27783203125
52072.327392578125
52168.02734375
52097.43310546875
52097.75830078125
52073.09130859375
52038.7734375
52030.50537109375
52012.18603515625
52046.44287109375
51974.075439453125
52007.3779296875
51949.403076171875
51985.17431640625
51951.23779296875
51940.33154296875
51972.2802734375
51949.6845703125
51968.69384765625
52041.38427734375
52003.95166015625
52101.5087890625
52104.78515625
51999.818359375
51834.2880859375
51773.0771484375
51726.085693359375
51721.765380859375
51644.22412109375
51593.09130859375
51573.947509765625
51601.259765625
51749.81689453125
51694.649658203125
51781.62548828125
51630.0126953125
51712.738525390625
51715.75048828125
51706.205078125
51646.8017578125
51634.9072265625
51614.8056640625
51596.166015625
51548.1455078125
51535.721435546875
51613.44921875
51468.52294921875
51457.44091796875
51384.678466796875
51367.34228515625
51410.20849609375
51432.693603515625
51431.114501953125
51414.49609375
51337.9990234375
51378.60009765625
51402.377685546875
51339.602294921875
51317.221923828125
51274.29541015625
51284.576904296875
51519.64892578125
51563.97216796875
51603.025146484375
51556.25732421875
51421.53515625
51353.82275390625
51296.72021484375
51261.272705078125
51347.6416015625
51344.693359375
51447.52197265625
51400.373291015625
51374.40673828125
51346.2685546875
51336.9033203125
51199.56787109375
51202.909423828125
51274.26953125
51286.92578125
51224.179931640625
51264.736328125
51279.614990234375
51245.64599609375
51252.9580078125
51195.97802734375
51209.906494140625
51269.65625
51237.825927734375
51395.5634765625
51373.122314453125
51401.150390625
51473.1728515625
51593.6416015625
51414.63720703125
51543.923583984375
51414.06689453125
51298.90966796875
51309.53955078125
51303.47119140625
51220.015625
51136.15380859375
51119.96533203125
51283.654296875
51240.961181640625
51207.46826171875
51116.321044921875
51042.533935546875
51003.18359375
50882.947021484375
50918.72900390625
50959.42431640625
51003.306396484375
51002.74365234375
51133.115234375
51212.77099609375
51388.85986328125
51344.720703125
51272.70166015625
51179.39404296875
50974.157958984375
50995.72216796875
50997.31005859375
50954.056640625
50874.425537109375
50914.322021484375
50830.567626953125
50886.400390625
50873.030517578125
50819.657958984375
50850.319091796875
50936.3212890625
51155.306884765625
51057.0087890625
51299.423095703125
51528.050537109375
51316.6630859375
51191.624755859375
51242.89404296875
51158.0146484375
51058.2060546875
50982.44384765625
51006.943359375
50992.2021484375
50885.419921875
50785.10400390625
50824.474609375
50787.79443359375
50712.64453125
50706.96875
50653.30859375
50670.77783203125
50792.7578125
50660.695068359375
50652.138671875
50671.802734375
50685.5888671875
50637.588134765625
50657.97998046875
50616.9765625
50660.30859375
50741.23876953125
50640.03955078125
50697.606689453125
50611.56787109375
50650.487060546875
50847.2685546875
50693.929931640625
50689.36376953125
50743.02294921875
50641.919921875
50751.09228515625
50755.65673828125
50639.8134765625
50573.899658203125
50553.61767578125
50680.19287109375
50626.15966796875
50662.583984375
50627.3291015625
50646.352294921875
50750.398681640625
50717.021484375
50769.26123046875
50918.58984375
50914.4375
50791.8583984375
50718.288818359375
50624.89892578125
50627.8271484375
50484.64111328125
50552.432861328125
50663.44384765625
50783.915771484375
50761.42333984375
50766.83056640625
50641.9912109375
50648.5361328125
50467.32177734375
50490.129150390625
50485.710205078125
50418.95263671875
50453.65087890625
50468.6923828125
50405.296875
50384.9345703125
50408.953125
50440.1376953125
50551.361328125
50489.18115234375
50486.58056640625
50438.8544921875
50428.2880859375
50478.62451171875
50479.902587890625
50550.221435546875
50447.22412109375
50606.3955078125
50492.204345703125
50498.247314453125
50405.1640625
50344.841796875
50368.906005859375
50489.14111328125
50431.780029296875
50364.39111328125
50365.796142578125
50450.3310546875
50635.12646484375
50716.25732421875
50697.8505859375
50534.71044921875
50410.978271484375
50391.9208984375
50398.31591796875
50305.219970703125
50353.19677734375
50328.66552734375
50395.63232421875
50392.135009765625
50367.1318359375
50406.8828125
50413.222412109375
50449.818115234375
50551.83935546875
50477.487060546875
