cost:	
1211704.98828125
1082705.9453125
949802.30078125
831056.94140625
726548.04296875
633204.583984375
553412.083984375
483521.765625
422325.3388671875
369756.611328125
325110.8974609375
286730.4375
253853.2685546875
226059.951171875
202484.3447265625
183081.5654296875
166531.453125
152789.43701171875
141565.9091796875
132387.69140625
124655.64111328125
118460.27099609375
113490.54150390625
109428.78173828125
106149.689453125
103515.47607421875
101461.55126953125
99768.19580078125
98504.005859375
97443.4365234375
96626.45654296875
95997.49609375
95461.1103515625
95072.5390625
94766.2724609375
94521.470703125
94340.43505859375
94180.02124023438
94065.845703125
93964.31298828125
93894.00341796875
93835.37158203125
93786.7080078125
93753.29736328125
93709.4345703125
93682.03637695312
93662.8515625
93636.97729492188
93619.3896484375
93611.92626953125
93586.646484375
93574.3701171875
93566.0908203125
93556.15478515625
93547.48828125
93535.0068359375
93532.33154296875
93523.37548828125
93513.86181640625
93505.65185546875
93493.78369140625
93483.04028320312
93480.68310546875
93473.89013671875
93460.80029296875
93460.484375
93453.22412109375
93444.587890625
93435.099609375
93429.98046875
93416.349609375
93412.73486328125
93402.68774414062
93390.64794921875
93381.78125
93371.59228515625
93354.5595703125
93341.84155273438
93329.10595703125
93315.92041015625
93296.75439453125
93276.52880859375
93236.154296875
93174.06811523438
93133.69140625
93056.82275390625
92724.345703125
92442.9775390625
92206.3056640625
91987.216796875
91789.5107421875
91581.8212890625
91344.6357421875
91122.927734375
90984.16943359375
90864.89086914062
90747.51049804688
90634.6650390625
90553.52856445312
90448.455078125
90370.69384765625
90295.27197265625
90217.82568359375
90138.17529296875
90075.79467773438
89994.57958984375
89924.83935546875
89835.79150390625
89442.861328125
89063.400390625
88797.15283203125
88603.931640625
88439.34912109375
88283.900390625
88145.78344726562
88029.0625
87906.5361328125
87812.7041015625
87718.3271484375
87651.77392578125
87562.21411132812
87500.130859375
87427.56103515625
87369.462890625
87312.4716796875
87254.38330078125
87198.4521484375
87134.64965820312
87081.17504882812
87018.10302734375
86968.11401367188
86924.7333984375
86876.80908203125
86817.62573242188
86735.34350585938
86655.9794921875
86568.23193359375
86495.3046875
86441.3544921875
86376.7470703125
86321.89453125
86252.9150390625
86147.37548828125
85934.83154296875
85787.708984375
85645.98803710938
85515.052734375
85424.18115234375
85303.2705078125
85119.1083984375
84975.38330078125
84868.1474609375
84756.671875
84618.0869140625
84564.1640625
84502.1748046875
84450.533203125
84399.1962890625
84340.62451171875
84298.744140625
84247.49462890625
84203.544921875
84140.6455078125
84074.2646484375
84002.62133789062
83929.76953125
83740.4482421875
83640.64477539062
83549.96435546875
83471.2021484375
83399.662109375
83347.51025390625
83293.029296875
83159.36572265625
83112.15380859375
83048.69213867188
82962.18383789062
82858.88110351562
82800.3173828125
82736.7939453125
82685.689453125
82632.52783203125
82577.5927734375
82522.79736328125
82458.13623046875
82416.67309570312
82340.77807617188
82293.5234375
82240.05200195312
82063.00244140625
82007.39306640625
81955.85498046875
81907.8388671875
81848.712890625
81794.765625
81753.73779296875
81700.3681640625
81659.18603515625
81615.2861328125
81571.1552734375
81506.8408203125
81452.75341796875
81416.8076171875
81371.41259765625
81335.59741210938
81280.77880859375
81232.61743164062
81187.0087890625
81141.25
81093.03442382812
81039.96264648438
80992.55517578125
80937.982421875
80883.49853515625
80839.6943359375
80803.20654296875
80749.90502929688
80703.64672851562
80655.15454101562
80613.02392578125
80563.7548828125
80514.54614257812
80475.85009765625
80434.16674804688
80400.037109375
80363.03198242188
80314.13916015625
80279.07958984375
80231.2734375
80192.6142578125
80156.15185546875
80115.865234375
80072.25854492188
80022.47119140625
79984.79174804688
79934.44409179688
79899.64770507812
79852.44458007812
79813.458984375
79777.48974609375
79733.9560546875
79585.51953125
79544.47729492188
79501.12084960938
79464.16357421875
79394.2255859375
79339.03955078125
79291.87451171875
79244.99072265625
79197.85693359375
79130.294921875
79084.32690429688
79028.68383789062
78964.81591796875
78883.048828125
78823.8876953125
78778.56909179688
78738.2734375
78699.2509765625
78637.10815429688
78541.1982421875
78489.921875
78441.95678710938
78397.14306640625
78351.41748046875
78308.04711914062
78265.1884765625
78221.0615234375
78179.11279296875
78139.20678710938
78090.16333007812
78042.02685546875
78011.12817382812
77942.54760742188
77857.517578125
77804.9072265625
77746.92065429688
77701.77954101562
77652.62036132812
77599.74365234375
77557.869140625
77518.47216796875
77465.0693359375
77423.45581054688
77380.59887695312
77347.02392578125
77298.66918945312
77265.71484375
77209.775390625
77173.43969726562
77126.83935546875
77075.6083984375
77024.92626953125
76984.888671875
76935.25927734375
76889.20947265625
76837.32177734375
76792.95703125
76746.53271484375
76672.04443359375
76612.34326171875
76560.20068359375
76503.79443359375
76426.95849609375
76351.58374023438
76289.494140625
76236.255859375
76190.412109375
76129.78173828125
76083.9072265625
76034.51220703125
75980.69970703125
75937.4912109375
75899.99462890625
75855.078125
75811.7685546875
75770.75146484375
75714.87939453125
75667.78442382812
75618.70825195312
75581.5517578125
75553.646484375
75513.52368164062
75458.56518554688
75413.9228515625
75375.53002929688
75317.7890625
75286.03955078125
75258.376953125
75195.84423828125
75152.07861328125
75110.6845703125
75051.83935546875
75003.755859375
74958.0537109375
74906.66625976562
74854.24096679688
74817.3818359375
74770.57006835938
74726.9169921875
74682.1806640625
74640.43701171875
74606.15380859375
74560.58959960938
74523.7890625
74485.31640625
74448.337890625
74397.23461914062
74356.11279296875
74311.6103515625
74259.19384765625
74217.1904296875
74185.40966796875
74146.7392578125
74105.33569335938
74075.1630859375
74031.49584960938
73991.87060546875
73963.54296875
73927.1748046875
73895.755859375
73869.99853515625
73826.224609375
73784.2958984375
73742.82080078125
73684.41162109375
73659.8212890625
73617.55859375
73582.935546875
73568.28564453125
73525.00610351562
73500.56640625
73446.1943359375
73419.2880859375
73382.6357421875
73338.18212890625
73304.0244140625
73263.22094726562
73214.32470703125
73176.45068359375
73143.14990234375
73112.81323242188
73071.97314453125
73043.43237304688
73037.73657226562
73025.17138671875
72986.90087890625
72932.34545898438
72881.43359375
72824.595703125
72784.96484375
72774.73706054688
72725.91870117188
72699.8828125
72653.345703125
72607.986328125
72568.115234375
72525.45336914062
72480.83447265625
72443.92749023438
