cost:	
808303.46484375
695909.70703125
691358.703125
690936.8984375
690842.7109375
690808.681640625
690791.94921875
690781.59375
690773.66796875
690766.896484375
690760.65625
690754.888671875
690749.32421875
690744.154296875
690739.30078125
690734.6171875
690730.259765625
690726.0625
690722.1640625
690718.4921875
690714.97265625
690711.6484375
690708.55859375
690705.5
690702.71875
690700.00390625
690697.4609375
690695.005859375
690692.74609375
690690.552734375
690688.4453125
690686.48046875
690684.595703125
690682.763671875
690681.0390625
690679.40234375
690677.8125
690676.2578125
690674.8359375
690673.4609375
690672.16796875
690670.8359375
690669.65625
690668.41796875
690667.302734375
690666.21484375
690665.1796875
690664.18359375
690663.205078125
690662.2578125
690661.396484375
690660.546875
690659.69140625
690658.8984375
690658.14453125
690657.37109375
690656.677734375
690655.93359375
690655.23828125
690654.6328125
690653.94921875
690653.34765625
690652.73828125
690652.125
690651.55078125
690650.9375
690650.37109375
690649.87109375
690649.3046875
690648.8125
690648.3203125
690647.794921875
690647.326171875
690646.88671875
690646.38671875
690645.9375
690645.525390625
690645.0625
690644.67578125
690644.234375
690643.849609375
690643.451171875
690643.009765625
690642.673828125
690642.26171875
690641.890625
690641.5390625
690641.181640625
690640.85546875
690640.48828125
690640.17578125
690639.8046875
690639.48828125
690639.16796875
690638.845703125
690638.521484375
690638.234375
690637.904296875
690637.609375
690637.328125
690637.0234375
690636.755859375
690636.470703125
690636.208984375
690635.9609375
690635.64453125
690635.3828125
690635.126953125
690634.884765625
690634.671875
690634.3359375
690634.140625
690633.916015625
690633.67578125
690633.416015625
690633.18359375
690632.96484375
690632.73046875
690632.521484375
690632.234375
690632.048828125
690631.78515625
690631.57421875
690631.37109375
690631.17578125
690630.98828125
690630.76953125
690630.515625
690630.328125
690630.14453125
690629.92578125
690629.703125
690629.5078125
690629.2890625
690629.11328125
690628.91015625
690628.734375
690628.513671875
690628.365234375
690628.14453125
690627.96875
690627.79296875
690627.5703125
690627.392578125
690627.20703125
690627.013671875
690626.853515625
690626.71484375
690626.53125
690626.337890625
690626.12109375
690625.970703125
690625.80078125
690625.640625
690625.48828125
690625.28125
690625.14453125
690625.01171875
690624.845703125
690624.6640625
690624.494140625
690624.34375
690624.189453125
690624.044921875
690623.888671875
690623.732421875
690623.58203125
690623.41015625
690623.25390625
690623.14453125
690622.9921875
690622.78515625
690622.6796875
690622.5390625
690622.375
690622.25
690622.05859375
690621.939453125
690621.7734375
690621.63671875
690621.47265625
690621.34375
690621.189453125
690621.06640625
690620.92578125
690620.751953125
690620.646484375
690620.50390625
690620.36328125
690620.2421875
690620.115234375
690619.98828125
690619.84375
690619.68359375
690619.5625
690619.42578125
690619.28125
690619.17578125
690619.046875
690618.92578125
690618.76171875
690618.69140625
690618.533203125
690618.345703125
690618.28125
690618.15625
690618.015625
690617.875
690617.76953125
690617.666015625
690617.54296875
690617.419921875
690617.302734375
690617.19921875
690617.0234375
690616.92578125
690616.80859375
690616.6796875
690616.5625
690616.45703125
690616.322265625
690616.21484375
690616.1328125
690615.966796875
690615.861328125
690615.7734375
690615.640625
690615.515625
690615.43359375
690615.30859375
690615.16796875
690615.0625
690614.947265625
690614.841796875
690614.755859375
690614.66015625
690614.5390625
690614.42578125
690614.3125
690614.162109375
690614.09765625
690613.958984375
690613.8671875
690613.70703125
690613.61328125
690613.53125
690613.4296875
690613.3125
690613.2109375
690613.1171875
690612.990234375
690612.90625
690612.77734375
690612.703125
690612.609375
690612.49609375
690612.376953125
690612.283203125
690612.20703125
690612.109375
690611.982421875
690611.86328125
690611.810546875
690611.70703125
690611.607421875
690611.548828125
690611.400390625
690611.34765625
690611.20703125
690611.109375
690611.01953125
690610.94921875
690610.84375
690610.736328125
690610.64453125
690610.556640625
690610.453125
690610.33984375
690610.28125
690610.1640625
690610.0859375
690609.99609375
690609.888671875
690609.765625
690609.693359375
690609.60546875
690609.53125
690609.447265625
690609.30859375
690609.23828125
690609.169921875
690609.06640625
690608.9609375
690608.87890625
690608.818359375
690608.72265625
690608.59765625
690608.494140625
690608.447265625
690608.3515625
690608.26953125
690608.19140625
690608.091796875
690608.03125
690607.904296875
690607.82421875
690607.7578125
690607.67578125
690607.607421875
690607.51953125
690607.4453125
690607.35546875
690607.310546875
690607.1796875
690607.115234375
690607.005859375
690606.9296875
690606.845703125
690606.8046875
690606.6875
690606.61328125
690606.5078125
690606.466796875
690606.373046875
690606.2734375
690606.21875
690606.119140625
690606.025390625
690605.990234375
690605.87890625
690605.830078125
690605.72265625
690605.654296875
690605.55078125
690605.521484375
690605.431640625
690605.322265625
690605.279296875
690605.16015625
690605.109375
690605.0234375
690604.94921875
690604.849609375
690604.806640625
690604.76171875
690604.6484375
690604.62109375
690604.51953125
690604.423828125
690604.36328125
690604.267578125
690604.220703125
690604.14453125
690604.0703125
690603.984375
690603.90625
690603.8515625
690603.78515625
690603.716796875
690603.625
690603.580078125
690603.49609375
690603.46875
690603.34375
690603.33984375
690603.240234375
690603.1640625
690603.123046875
690603.03125
690602.9453125
690602.87109375
690602.787109375
690602.71875
690602.70703125
690602.57421875
690602.53515625
690602.48046875
690602.40234375
690602.296875
690602.275390625
690602.228515625
690602.158203125
690602.0859375
690602.02734375
690601.94921875
690601.88671875
690601.798828125
690601.7578125
690601.69140625
690601.630859375
690601.55078125
690601.47265625
690601.412109375
690601.365234375
690601.28125
690601.19921875
690601.15625
690601.1328125
690601.013671875
690600.97265625
