cost:	
898112.9609375
356085.9951171875
208803.9130859375
149120.8564453125
119103.126953125
103958.541015625
95747.4287109375
90225.75512695312
86218.0234375
82994.01684570312
80302.236328125
77958.07495117188
75950.03662109375
74037.84887695312
72344.40600585938
70737.212890625
69323.18212890625
67895.42041015625
66523.54467773438
65270.6572265625
64009.254638671875
62841.03076171875
61697.09521484375
60535.92236328125
59413.308837890625
58354.589599609375
57206.649658203125
56188.805908203125
55195.414794921875
54150.42333984375
53211.192626953125
52208.35205078125
51279.779541015625
50332.73986816406
49441.975341796875
48575.882080078125
47720.10998535156
46870.48828125
46014.460693359375
45194.62805175781
44403.40283203125
43627.77978515625
42864.572998046875
42148.474365234375
41409.3427734375
40754.864990234375
40058.85595703125
39385.90686035156
38773.2021484375
38133.21765136719
37508.93115234375
36944.73376464844
36345.45812988281
35789.80090332031
35226.4638671875
34731.79504394531
34174.126708984375
33669.71447753906
33189.73498535156
32703.95703125
32241.293334960938
31813.4619140625
31344.49169921875
30895.767700195312
30461.337890625
30041.533935546875
29681.96337890625
29298.11376953125
28886.076171875
28461.861938476562
28072.717651367188
27708.505126953125
27358.086181640625
26995.487548828125
26624.645263671875
26283.874267578125
25979.307006835938
25654.056884765625
25349.2998046875
25082.7080078125
24880.10400390625
24651.02783203125
24519.542907714844
24233.367797851562
23892.051513671875
23568.640747070312
23155.241149902344
22848.473754882812
22592.561889648438
22347.6962890625
22084.888549804688
21863.38916015625
21671.317626953125
21379.80712890625
21175.91522216797
20996.130310058594
20764.677307128906
20535.404235839844
20278.048767089844
20154.07537841797
20002.12939453125
19746.396362304688
19787.303161621094
19568.31951904297
19245.455688476562
19097.20037841797
18822.51318359375
18670.649780273438
18464.286865234375
18304.13360595703
18152.11297607422
17947.825317382812
17814.23651123047
17653.05224609375
17448.810546875
17290.916076660156
17125.593505859375
16983.625915527344
16837.03399658203
16720.50457763672
16588.02764892578
16459.932373046875
16307.935546875
16123.762329101562
16012.500244140625
15926.149475097656
15797.267944335938
15695.699401855469
15637.814697265625
15603.120422363281
15452.252685546875
15305.9521484375
15145.944702148438
14976.190063476562
14838.913696289062
14741.922180175781
14648.103759765625
14590.71533203125
14616.010864257812
14471.756286621094
14525.08740234375
14597.7890625
14617.55712890625
14869.591674804688
14956.768493652344
15501.819946289062
14844.577758789062
14326.0927734375
13888.926452636719
13743.579833984375
13495.94384765625
13390.87744140625
13290.014709472656
13176.4951171875
13015.941589355469
12833.850708007812
12726.596130371094
12567.775085449219
12529.530944824219
12408.131774902344
12317.278442382812
12232.43896484375
12162.861511230469
12084.435668945312
11997.487670898438
11932.33349609375
11864.516418457031
11781.241516113281
11680.945739746094
11580.826232910156
11550.448181152344
11470.335998535156
11427.846557617188
11337.544616699219
11257.659973144531
11214.735748291016
11152.332916259766
11086.076934814453
11037.494079589844
10986.260375976562
10959.711334228516
10937.055053710938
10916.569702148438
10894.184204101562
10773.748046875
10682.093811035156
10626.946166992188
10584.797760009766
10538.023254394531
10473.09652709961
10496.234008789062
10483.609802246094
10368.06234741211
10358.367919921875
10341.715850830078
10251.1044921875
10403.415710449219
10555.762390136719
10520.251953125
10385.814239501953
10229.891143798828
10317.90151977539
10101.39794921875
9942.674926757812
9922.944396972656
9875.431091308594
9760.335693359375
9606.492004394531
9546.66830444336
9469.857147216797
9351.82925415039
9255.725769042969
9197.024780273438
9163.487091064453
9148.289733886719
9128.96322631836
9124.183319091797
9019.035614013672
8999.288848876953
8944.730041503906
8877.799530029297
8865.73486328125
8889.474334716797
8940.113220214844
9055.394958496094
9117.3798828125
9037.52133178711
9198.491271972656
8952.1435546875
9049.731262207031
8897.268981933594
9149.736694335938
8958.35775756836
9499.46029663086
9253.90933227539
9134.989288330078
9058.599182128906
8921.32748413086
8774.927673339844
8655.55322265625
8544.758514404297
8434.862426757812
8375.408020019531
8266.529083251953
8115.040954589844
8079.25146484375
8038.398498535156
7986.158416748047
7967.076080322266
7948.958526611328
7893.520477294922
7846.549560546875
7797.563232421875
7766.436370849609
7670.317810058594
7717.830474853516
7761.529479980469
7737.767578125
7709.334381103516
7716.011962890625
7805.807647705078
7925.566253662109
8134.669708251953
8313.077819824219
8510.5302734375
8333.561767578125
8438.561584472656
8277.552673339844
8186.203918457031
7966.426971435547
7645.986846923828
7638.153991699219
7404.421112060547
7328.20703125
7260.2818603515625
7150.859588623047
7105.336761474609
7051.02978515625
7026.213684082031
6944.5888671875
6917.371932983398
6933.7615966796875
6880.117919921875
6902.964508056641
6822.178787231445
6916.933624267578
6903.514984130859
6840.128112792969
6804.7288818359375
6831.169738769531
6807.599517822266
6884.391662597656
6790.090637207031
6750.672698974609
6728.242584228516
6676.0810546875
6689.351287841797
6696.0970458984375
6779.51220703125
6774.2503662109375
