cost:	
612411.7592773438
163662.38916015625
110037.41748046875
100969.04736328125
93670.54052734375
91462.02880859375
89439.31005859375
87802.79248046875
86432.5947265625
85369.16259765625
83423.58276367188
82051.6416015625
80573.14208984375
78937.18798828125
77217.044921875
75388.23803710938
73495.51416015625
71776.6083984375
70062.48754882812
68233.00805664062
66409.8798828125
64709.536376953125
62932.135986328125
61245.00146484375
59721.787109375
58172.320068359375
56551.0458984375
54949.91943359375
53500.03063964844
51921.7607421875
50567.2744140625
49030.705078125
47608.51696777344
46012.616943359375
44665.8330078125
43147.56201171875
41823.00500488281
40341.2890625
38950.66357421875
37594.552001953125
36276.6728515625
35026.88293457031
33725.464599609375
32460.322875976562
31253.688720703125
30048.238403320312
28822.377197265625
27725.415283203125
26577.796142578125
25569.743896484375
