cost:	
1081361.62109375
608776.125
281592.5263671875
138869.2421875
100235.94091796875
94978.83935546875
93556.56884765625
92228.23193359375
91548.66650390625
91279.4462890625
91108.96826171875
91044.240234375
90985.53662109375
90950.42724609375
90879.99291992188
90870.44702148438
90823.244140625
90786.02685546875
90802.4560546875
90807.05297851562
90761.0576171875
90737.17724609375
90716.9130859375
90691.85229492188
90705.439453125
90660.88818359375
90653.86010742188
90653.62890625
90678.71142578125
90616.25854492188
90666.65283203125
90604.72998046875
90616.9482421875
90633.73583984375
90569.66674804688
90584.39892578125
90591.58251953125
90583.3095703125
90605.52001953125
90577.1484375
90563.93603515625
90492.857421875
90462.3564453125
90602.69140625
90579.75341796875
90478.615234375
90480.58911132812
90435.19580078125
90465.60522460938
90446.30322265625
90406.40625
90330.4013671875
90369.1796875
90370.80419921875
90403.5341796875
90343.26928710938
90307.3017578125
90297.22265625
90359.97265625
90312.85034179688
90329.29711914062
90232.560546875
90235.77978515625
90203.00122070312
90183.72021484375
90240.15185546875
90205.7294921875
90115.5625
90245.3603515625
90150.58251953125
90155.02709960938
90079.5185546875
90051.92846679688
90011.45336914062
90055.42749023438
89926.51123046875
89899.03369140625
89808.96435546875
89749.00390625
89567.98046875
89494.1171875
89275.54956054688
89211.8466796875
89135.00463867188
89035.2177734375
88941.90698242188
88749.84375
88617.46826171875
88479.5703125
88336.37060546875
88040.87817382812
87846.35473632812
87632.724609375
87400.01171875
87280.40771484375
87005.4091796875
86798.83325195312
86466.3125
86075.90600585938
85765.30541992188
85407.98120117188
85073.2578125
84615.98974609375
84385.85302734375
84107.359375
83817.47045898438
83415.41845703125
83069.9873046875
82705.43017578125
82494.21240234375
82024.80102539062
81664.15209960938
81419.89575195312
81074.93505859375
80789.06298828125
80510.71923828125
80208.447265625
79996.71728515625
79719.02685546875
79451.052734375
79093.83081054688
78916.90087890625
78559.431640625
78327.05615234375
78042.16333007812
77789.33374023438
77536.318359375
77265.330078125
76971.5390625
76664.68603515625
76381.97973632812
76087.771484375
75830.9306640625
75494.1962890625
75175.48583984375
74905.99877929688
74564.31079101562
74266.22387695312
73993.1005859375
73657.47241210938
73386.58325195312
73110.17822265625
72757.6787109375
72527.3408203125
72151.36669921875
71827.58618164062
71508.6357421875
71196.60620117188
70876.78515625
70646.78002929688
70265.48681640625
69966.86889648438
69663.80737304688
69369.47338867188
69047.88500976562
68755.5595703125
68455.78344726562
68177.90014648438
67900.77197265625
67597.52172851562
67316.9912109375
66976.78833007812
66740.64624023438
66455.75268554688
66138.85986328125
65890.35498046875
65612.83813476562
65316.89306640625
65008.498779296875
64742.855712890625
64468.28955078125
64087.631103515625
63823.827880859375
63567.2470703125
63264.380615234375
62967.5419921875
62684.46435546875
62419.4970703125
62118.608642578125
61796.091064453125
61493.7294921875
61231.909423828125
60914.97607421875
60632.592529296875
60347.852294921875
60012.781494140625
59751.3408203125
59464.145263671875
59169.74658203125
58860.6533203125
58563.06396484375
58297.09423828125
57985.517578125
57712.927001953125
57390.456787109375
57124.396484375
56863.691162109375
56590.6845703125
56288.350830078125
55998.57373046875
55697.848388671875
55394.205322265625
55165.384521484375
54850.941650390625
54573.777099609375
54297.68994140625
54051.297607421875
53769.897705078125
53460.710693359375
53195.953125
52924.304931640625
52641.55126953125
52364.63562011719
52087.697998046875
51832.47705078125
51550.761474609375
51247.411865234375
50980.156982421875
50703.747314453125
50424.58447265625
50149.70849609375
49856.11083984375
49595.31787109375
49289.6953125
49036.59802246094
48748.16064453125
48467.09289550781
48206.65075683594
47905.25244140625
47621.36267089844
47352.562255859375
47098.678466796875
46805.664306640625
46546.06103515625
46257.32678222656
45992.686767578125
45740.074462890625
45415.795654296875
45153.916259765625
44855.577880859375
44603.515869140625
44305.083251953125
44049.819091796875
43795.359619140625
43496.58386230469
43220.6572265625
42950.332275390625
42670.323486328125
42398.431396484375
42162.212646484375
41873.39208984375
41593.638916015625
41353.905029296875
41085.92590332031
40826.10925292969
40579.450927734375
40323.93640136719
40072.103271484375
39804.9453125
39592.19287109375
39297.60632324219
39092.72521972656
38834.20068359375
38575.49816894531
38314.725341796875
38077.229248046875
37841.57263183594
37575.82727050781
37344.693359375
37118.60302734375
36889.2783203125
36656.6201171875
36425.685546875
36173.669189453125
35934.59167480469
35689.47766113281
35441.369873046875
35220.90710449219
34980.952392578125
34758.89306640625
34537.66979980469
34308.2880859375
34079.398193359375
33854.72265625
33634.34973144531
33411.72961425781
33183.63391113281
32984.0537109375
32745.457275390625
32549.791259765625
32329.822021484375
32098.561889648438
31898.474853515625
31704.3466796875
31497.007568359375
31290.010498046875
31098.2880859375
30902.167846679688
30683.0859375
30460.032348632812
30264.584838867188
30039.705810546875
29838.359741210938
29657.212890625
29467.96142578125
29295.946411132812
29110.66748046875
28942.023681640625
28726.723266601562
28572.776977539062
28392.729736328125
28209.084838867188
28033.727172851562
27855.81689453125
27667.827392578125
27487.042846679688
27322.89892578125
27150.389038085938
26974.013793945312
26799.842529296875
26609.938842773438
26454.50830078125
26264.728393554688
26100.674682617188
25935.222290039062
25784.15252685547
25635.57373046875
25462.457763671875
25295.815551757812
25172.245361328125
25019.478149414062
24867.314575195312
24678.001342773438
24530.466796875
24354.740844726562
24187.1103515625
24020.607360839844
23902.904663085938
23756.205078125
23610.8603515625
23445.395263671875
23285.935302734375
23142.555541992188
23018.369018554688
22888.157836914062
22757.784790039062
22601.150146484375
22439.213745117188
22309.676635742188
22203.194213867188
22035.596801757812
21916.9482421875
21769.348754882812
21631.785888671875
21476.962036132812
21349.123901367188
21215.517517089844
21105.536376953125
20981.714721679688
20852.820678710938
20707.690673828125
20581.11407470703
20481.360107421875
20392.703125
20278.87225341797
20158.226806640625
20051.969299316406
19895.13067626953
19771.519165039062
19646.24395751953
19544.84783935547
19427.771118164062
19292.061157226562
19200.826782226562
19082.815795898438
18980.582275390625
18876.727478027344
18784.271362304688
18694.3349609375
18578.907653808594
18472.430908203125
18381.3486328125
18283.855712890625
18136.51690673828
18009.326416015625
17916.082092285156
17811.670288085938
17713.33856201172
17590.891845703125
17509.108764648438
17419.992309570312
17312.297119140625
17234.353271484375
17145.336303710938
17063.835083007812
16989.73516845703
16900.269775390625
16812.707641601562
16701.509155273438
16593.373901367188
