cost:	
1230423.68359375
1218131.1640625
1205770.78515625
1193083.44921875
1179399.06640625
1165679.9609375
1152075.08984375
1138862.69140625
1126354.0234375
1113760.265625
1101819.20703125
1090009.19921875
1078215.296875
1066793.40234375
1055610.21875
1044434.2890625
1033354.19140625
1022613.59765625
1011900.4375
1001419.1875
990818.2421875
980557.64453125
970250.01953125
960149.83203125
950217.19140625
940308.05078125
930335.09375
920732.03515625
911109.96484375
901531.41796875
892306.08203125
882800.56640625
873666.87890625
864427.8984375
855391.1953125
846443.59375
837510.0703125
828729.2265625
819932.4453125
811511.734375
802766.55859375
794418.62109375
785952.62109375
777649.1015625
769460.333984375
761346.177734375
753307.30859375
745195.07421875
737340.796875
729473.2578125
721864.53125
714545.06640625
707077.421875
699855.5390625
692754.5703125
685578.298828125
678535.66796875
671568.7265625
664620.93359375
657798.0234375
650943.9453125
644356.900390625
637535.583984375
630935.8671875
624430.392578125
617962.388671875
611466.013671875
605220.5390625
598863.18359375
592624.744140625
586402.619140625
580282.09765625
574273.13671875
568218.681640625
562302.203125
556404.140625
550605.396484375
544726.09375
539074.421875
533429.484375
527781.3671875
522259.490234375
516756.904296875
511220.126953125
505926.509765625
500477.560546875
495293.751953125
490000.451171875
484869.20703125
479684.435546875
474664.236328125
469679.630859375
464608.615234375
459729.140625
454808.421875
450044.833984375
445272.92578125
440527.283203125
435844.7021484375
431185.1328125
426700.1796875
422396.2353515625
418029.041015625
413816.55078125
409558.50390625
405394.986328125
401225.02734375
397194.517578125
393104.044921875
389046.962890625
385106.435546875
381126.66796875
377289.037109375
373447.083984375
369639.9921875
365804.4921875
362167.001953125
358426.658203125
354716.890625
351165.9140625
347553.26171875
344017.4658203125
340502.224609375
337048.814453125
333628.228515625
330246.1728515625
326868.55859375
323547.9296875
320264.8349609375
317013.150390625
313827.1669921875
310636.57421875
307470.6376953125
304378.548828125
301333.8955078125
298289.1650390625
295287.0546875
292275.9462890625
289366.3115234375
286472.845703125
283593.2919921875
280759.1337890625
277969.14453125
275187.357421875
272414.9521484375
269722.88671875
267077.005859375
264410.798828125
261780.95703125
259213.3974609375
256691.15625
254273.8291015625
251884.111328125
249508.732421875
247142.693359375
244866.5048828125
242565.2275390625
240307.3984375
238070.9736328125
235850.1875
233680.2802734375
231528.8193359375
229386.76953125
227249.4677734375
225204.0859375
223120.966796875
221102.50390625
219094.794921875
217096.474609375
215153.9404296875
213219.197265625
211298.7333984375
209401.5849609375
207550.8291015625
205669.3271484375
203865.7998046875
202083.18896484375
200289.05078125
198561.7744140625
196799.931640625
195125.86083984375
193399.373046875
191746.451171875
190123.73291015625
188486.0703125
186869.517578125
185287.4111328125
183742.3603515625
182180.6171875
180676.0908203125
179175.6494140625
177691.162109375
176223.64453125
174782.798828125
173352.32177734375
171975.431640625
170594.767578125
169200.00634765625
167856.1494140625
166537.224609375
165236.8984375
164007.3740234375
162776.576171875
161577.7197265625
160371.7216796875
159215.087890625
158043.14306640625
156892.654296875
155754.5546875
154655.98291015625
153546.99853515625
152479.212890625
151389.07373046875
150344.15576171875
149305.8232421875
148281.1630859375
147270.228515625
146267.8056640625
145281.76708984375
144306.15966796875
143366.548828125
142410.53955078125
141484.5712890625
140582.01904296875
139671.97265625
138787.7880859375
137908.2080078125
137045.033203125
136192.47265625
135361.7109375
134531.16015625
133715.177734375
132918.13330078125
132135.03857421875
131342.02880859375
130593.591796875
129826.0263671875
129080.14306640625
128368.84228515625
127640.208984375
126935.052734375
126237.83203125
125549.20068359375
124871.7490234375
124212.103515625
123553.8828125
122903.70947265625
122288.02685546875
121643.8193359375
121041.919921875
120453.11328125
119874.5986328125
119311.1494140625
118760.2421875
118215.60595703125
117677.81005859375
117155.83642578125
116640.56787109375
116122.345703125
115621.18359375
115124.43798828125
114649.150390625
114164.7646484375
113693.24658203125
113229.4052734375
112772.00927734375
112324.3603515625
111889.6005859375
111454.12939453125
111022.5947265625
110616.3154296875
110196.396484375
109789.73388671875
109393.78857421875
109001.5732421875
108617.3837890625
108243.49609375
107870.97607421875
107503.9130859375
107141.9521484375
106786.3828125
106438.80615234375
106090.0517578125
105756.4072265625
105431.91357421875
105105.677734375
104793.740234375
104480.25463867188
104176.2890625
103876.58227539062
103585.84643554688
103297.85278320312
103011.728515625
102724.52490234375
102463.31201171875
102188.1044921875
101927.40380859375
101672.80078125
101416.4697265625
101168.68872070312
100920.2548828125
100696.080078125
100466.8828125
100241.9091796875
100017.0654296875
99804.98974609375
99596.18725585938
99380.83447265625
99171.1953125
98976.5986328125
98774.6435546875
98586.5380859375
98397.38671875
98213.6220703125
98027.1552734375
97849.529296875
97672.85791015625
97494.6083984375
97317.88916015625
97146.1240234375
96976.38037109375
96805.14306640625
96648.10205078125
96492.03686523438
96340.50390625
96187.20361328125
96039.26513671875
95891.68017578125
95739.17578125
95581.2021484375
95454.2724609375
95306.68603515625
95171.3525390625
95037.16650390625
94908.23681640625
94777.85107421875
94650.5859375
94536.6474609375
94411.40869140625
94296.70458984375
94186.82763671875
94074.26416015625
93968.54443359375
93867.5087890625
93764.41845703125
93664.4208984375
93565.20434570312
93470.58447265625
93377.326171875
93287.40063476562
93196.20947265625
93120.1611328125
93029.7646484375
92944.01416015625
92858.96752929688
92774.52221679688
92698.4638671875
92617.6044921875
92541.65161132812
92472.03662109375
92394.8525390625
92328.57348632812
92257.10473632812
92193.13647460938
92127.865234375
92064.85180664062
92002.365234375
91942.13037109375
91880.24291992188
91820.45263671875
91784.7939453125
91707.69140625
91648.36669921875
91593.89990234375
91543.17993164062
91490.3408203125
91444.20629882812
91392.7900390625
91341.52563476562
91288.68725585938
91211.703125
91154.75732421875
91058.6640625
91008.78466796875
90974.52978515625
90916.14868164062
90877.56982421875
90825.39501953125
90784.36767578125
90739.7841796875
90697.5869140625
90646.14599609375
90596.22827148438
90558.53442382812
90524.59912109375
90484.5927734375
90446.763671875
90411.0771484375
90381.48779296875
90339.04248046875
