cost:	
1062301.65625
507160.703125
309911.4208984375
237226.0419921875
192571.0263671875
161173.30029296875
141147.52197265625
127446.53955078125
117949.63623046875
110713.08642578125
104997.6396484375
100386.93676757812
96664.20458984375
93471.64599609375
90916.89697265625
88471.45166015625
86491.93896484375
84811.4345703125
83246.2314453125
81881.7724609375
80561.28247070312
79423.17065429688
78360.9287109375
77380.568359375
76577.23681640625
75670.42431640625
74940.09887695312
74214.92236328125
73433.8603515625
72781.01611328125
72141.44091796875
71563.58471679688
70919.74243164062
70330.896484375
69769.91381835938
69225.28735351562
68661.72900390625
68136.10205078125
67629.5244140625
67089.03979492188
66604.32446289062
66092.88110351562
65608.13061523438
65143.269287109375
64672.088623046875
64167.496337890625
63693.973876953125
63225.53369140625
62797.064453125
62321.57080078125
61868.85302734375
61434.927490234375
61003.638427734375
60626.32666015625
60253.876953125
59844.575927734375
59403.162841796875
59007.973876953125
58646.101318359375
58273.621826171875
57883.568359375
57531.453369140625
57180.22607421875
56816.350341796875
56466.691162109375
56147.30224609375
55768.95849609375
55456.09716796875
55095.75390625
54766.208740234375
54464.25634765625
54167.657958984375
53868.826904296875
53520.005859375
53224.739013671875
52901.1328125
52664.014404296875
52388.18896484375
52099.832763671875
51792.767333984375
51543.52490234375
51273.767333984375
50991.740234375
50721.185546875
50474.514892578125
50200.121826171875
49990.442138671875
49746.96862792969
49534.0361328125
49290.86083984375
49038.621826171875
48826.909423828125
48616.48486328125
48515.705078125
48239.62609863281
48052.282470703125
47849.9736328125
47586.997802734375
47338.9267578125
47120.2568359375
46914.236572265625
46706.415771484375
46513.48876953125
46353.466064453125
46174.487060546875
46018.734619140625
45796.142822265625
45659.44677734375
45496.719970703125
45316.36865234375
45167.83605957031
45012.23278808594
44875.75354003906
44735.3349609375
44605.91064453125
44464.034912109375
44319.90734863281
44162.64978027344
43990.89404296875
43860.908447265625
43822.6240234375
43683.28625488281
43500.853515625
43365.18420410156
43205.707275390625
43055.35205078125
42927.54443359375
42806.85827636719
42681.655029296875
42592.9150390625
42503.24255371094
42411.478515625
42297.04675292969
42132.79064941406
42045.884765625
41926.94641113281
41825.338134765625
41735.748779296875
41594.293701171875
41474.79821777344
41425.015380859375
41261.32482910156
41205.06774902344
41067.8427734375
40960.65771484375
40840.84143066406
40735.584228515625
40641.08056640625
40540.33850097656
40450.8056640625
40340.73681640625
40249.16552734375
40200.80712890625
40135.822265625
40026.74597167969
39984.73425292969
39912.6435546875
39865.4287109375
39816.09375
39665.54138183594
39634.69921875
39661.76220703125
39549.80078125
39348.09619140625
39267.253173828125
39154.749267578125
39084.490234375
39032.87854003906
39011.8720703125
38917.89343261719
38844.57849121094
38729.79382324219
38761.33581542969
38759.972900390625
39002.854248046875
39140.076416015625
38941.91357421875
38849.49597167969
38634.924560546875
38353.603271484375
38245.99755859375
38232.88244628906
38263.513916015625
38250.16418457031
37990.68994140625
37899.35583496094
37994.63830566406
37899.017578125
37665.16784667969
37535.71008300781
37478.55847167969
37372.021240234375
37326.666259765625
37217.111083984375
37137.08874511719
37071.69689941406
37013.6962890625
36937.953125
36874.28112792969
36817.191650390625
36777.09375
36670.23962402344
36615.19140625
36596.59289550781
36490.72216796875
36438.489501953125
36426.804443359375
36371.65588378906
36308.56188964844
36240.17041015625
36203.8876953125
36118.86047363281
36106.07287597656
36062.65515136719
35970.821533203125
35940.026611328125
35907.23486328125
35849.584716796875
35827.843994140625
35808.38928222656
35798.1044921875
35851.82373046875
35749.54089355469
35781.886962890625
35746.91491699219
35761.91357421875
35932.40185546875
36093.030517578125
35876.37109375
35900.1767578125
35794.79919433594
35692.000732421875
35830.32275390625
35593.173583984375
35803.35266113281
35695.77209472656
35366.39343261719
35178.966796875
35010.34167480469
34943.13854980469
34841.20910644531
34755.10339355469
34700.4580078125
34631.520751953125
34542.53942871094
34524.52624511719
34487.47253417969
34408.316650390625
34363.456298828125
34315.1611328125
34281.508056640625
34224.92004394531
34158.039306640625
34144.374267578125
34088.62243652344
34030.6826171875
34004.2578125
33985.75085449219
33908.2099609375
33876.081298828125
33844.3154296875
33815.82849121094
33736.685302734375
33709.466796875
33692.903564453125
33626.73913574219
33583.405517578125
33546.593505859375
33468.75109863281
33493.525146484375
33409.189025878906
33388.14514160156
33361.35388183594
33327.237060546875
33319.907958984375
33266.97473144531
33224.91796875
33241.563232421875
33368.95751953125
33228.40771484375
33093.427001953125
33023.525390625
33000.15979003906
32952.44299316406
32963.336669921875
32932.27575683594
32944.622314453125
33123.83837890625
33547.887939453125
33387.78283691406
34818.49890136719
35993.534423828125
35274.784912109375
34190.19543457031
33863.47021484375
34221.422912597656
33628.788818359375
33747.85900878906
33306.64929199219
32952.00793457031
32567.727661132812
32424.243286132812
32316.023681640625
32306.828247070312
32290.8369140625
32175.414184570312
32106.808715820312
32075.483764648438
31979.995849609375
31944.200317382812
31889.965087890625
31870.867553710938
31821.46826171875
31807.702880859375
31731.968872070312
31704.257202148438
31685.149047851562
31644.14697265625
31600.915893554688
31553.937377929688
31532.158325195312
31485.02587890625
31488.740234375
31426.90966796875
31388.985473632812
31365.836303710938
31338.1279296875
31296.389526367188
31282.288940429688
31225.458618164062
31193.759765625
31166.223266601562
31169.533935546875
31125.36474609375
31114.005493164062
31097.481201171875
31129.924926757812
31080.394775390625
31002.010131835938
30967.565307617188
30918.141235351562
30844.808959960938
30816.786499023438
30747.865844726562
30750.951782226562
30689.14892578125
30709.638916015625
30703.24072265625
30722.120361328125
30691.019165039062
30616.627807617188
30630.810546875
30606.162719726562
30661.022216796875
30618.907958984375
30648.38134765625
30584.203369140625
30485.63037109375
30534.148559570312
30450.07568359375
30416.6416015625
30388.289428710938
30298.141723632812
30203.289672851562
30177.159912109375
30116.83349609375
30068.344604492188
29999.548583984375
29970.34716796875
29954.566162109375
29908.78173828125
29894.805541992188
29893.661987304688
29828.53643798828
29823.826171875
29809.335693359375
29755.921875
29761.95556640625
29724.274536132812
29654.959106445312
29662.187255859375
29578.024291992188
29583.176330566406
29558.319091796875
29585.45751953125
29527.800048828125
29535.37548828125
29479.885009765625
29448.446044921875
29443.498657226562
29386.470336914062
29372.189331054688
29372.40478515625
29383.601318359375
29405.869995117188
29350.730834960938
29340.5458984375
29330.90869140625
29322.106689453125
29334.739013671875
