cost:	
924848.181640625
256598.7255859375
117181.85009765625
116816.9716796875
100643.90771484375
97117.16650390625
95838.23828125
95080.8115234375
94888.33056640625
94679.8955078125
94460.7236328125
94210.15185546875
94000.39453125
93841.7763671875
93504.26416015625
93404.2724609375
93149.931640625
92927.3388671875
92826.595703125
92481.07104492188
92162.96875
91899.50732421875
91392.77099609375
91048.2744140625
90811.5361328125
90245.77099609375
89929.71606445312
89580.1845703125
89042.21801757812
88835.70947265625
88305.52392578125
87767.5615234375
87416.841796875
87026.9208984375
86611.048828125
86186.42065429688
85745.40087890625
85292.74047851562
84854.14135742188
84383.37622070312
83976.64453125
83550.65869140625
83253.64086914062
82820.00927734375
82353.03442382812
82119.82983398438
81597.634765625
81079.08203125
80663.728515625
80273.09887695312
79819.73193359375
79496.32666015625
79051.18017578125
78758.45361328125
78377.49365234375
78026.18115234375
77689.83935546875
77310.6142578125
76984.11865234375
76527.45947265625
76256.20458984375
75937.11596679688
75567.1162109375
75211.845703125
74803.32373046875
74546.88208007812
74120.23828125
73722.76391601562
73509.44677734375
73114.07885742188
72822.4921875
72479.79956054688
72004.64990234375
71698.63452148438
71341.701171875
71014.80419921875
70626.08447265625
70254.02221679688
69768.97241210938
69437.2666015625
69000.38598632812
68752.46166992188
68243.7900390625
67871.94873046875
67470.15673828125
67129.3837890625
66723.71923828125
66328.53735351562
65861.4921875
65599.47387695312
65186.1826171875
64815.008056640625
64405.69384765625
63910.189453125
63558.272216796875
63118.398193359375
62763.18408203125
62236.960205078125
61848.318359375
61478.39208984375
61060.7802734375
60656.616455078125
60177.77294921875
59806.417236328125
59318.310546875
58917.66015625
58481.9326171875
58064.0791015625
57594.58642578125
57126.8955078125
56697.74609375
56261.888671875
55798.355224609375
55321.65771484375
54878.68896484375
54448.48193359375
53929.619140625
53497.42919921875
53092.0263671875
52706.76904296875
52151.777099609375
51710.03857421875
51274.9140625
50795.462646484375
50341.9248046875
49899.88623046875
49387.82177734375
48968.56591796875
48535.28466796875
48048.2080078125
47555.36572265625
47182.7138671875
46665.384521484375
46271.512939453125
45812.499267578125
45306.995849609375
44900.562744140625
44429.38525390625
43960.587890625
43568.748779296875
43104.47314453125
42661.596435546875
42241.296875
41816.13037109375
41324.646484375
40932.56298828125
40477.040771484375
40069.3466796875
39635.747314453125
39227.805419921875
38831.248291015625
38395.327392578125
38000.944580078125
37689.062255859375
37295.245361328125
36923.316162109375
36566.319091796875
36183.397216796875
35821.279052734375
35466.933837890625
35086.826416015625
34728.796875
34368.23876953125
34057.04650878906
33701.297607421875
33361.13903808594
33046.6435546875
32709.553100585938
32401.07373046875
32055.97509765625
31744.066650390625
31417.456787109375
31124.2802734375
30819.396484375
30515.407470703125
30229.556640625
29950.8076171875
29634.670654296875
29350.90380859375
29065.66357421875
28782.26318359375
28488.896484375
28208.284423828125
27954.3466796875
27704.469116210938
27452.37255859375
27212.695068359375
26972.58544921875
26697.864013671875
26465.28271484375
26237.29150390625
25974.261962890625
25741.214111328125
25536.2470703125
25337.778564453125
25092.3515625
24883.822509765625
24656.656494140625
24474.996948242188
24273.076049804688
24075.04833984375
23866.200805664062
23667.63623046875
23468.179931640625
23297.12060546875
23129.198364257812
22975.280517578125
22805.553588867188
22630.65625
22461.366455078125
22319.852294921875
22171.569091796875
21991.70751953125
21827.110473632812
21649.0107421875
21511.736328125
21362.690063476562
21223.24951171875
21057.881591796875
20936.419677734375
20800.93310546875
20663.703002929688
20539.45849609375
20405.019165039062
20287.248046875
20157.401123046875
20036.376098632812
19923.600830078125
19820.985107421875
19678.634399414062
19543.32470703125
19428.30419921875
19316.485229492188
19202.207153320312
19097.061401367188
18987.375366210938
18881.036254882812
18768.358276367188
18675.151611328125
18574.021362304688
18479.384887695312
18396.768676757812
18320.341796875
18219.477294921875
18112.89013671875
18026.712524414062
17932.491455078125
17832.78515625
17743.719604492188
17653.906005859375
17565.3701171875
17479.553955078125
17397.762573242188
17325.072998046875
17253.604736328125
17200.38037109375
17126.570678710938
17069.9033203125
16998.759155273438
16932.317260742188
16866.17626953125
16799.419555664062
16730.600463867188
16691.820678710938
16630.4365234375
16561.75
16506.179443359375
16430.767578125
16363.952392578125
16324.269775390625
16268.188720703125
16214.539184570312
16139.004516601562
16088.650024414062
16043.360473632812
16004.196044921875
15982.127075195312
15919.50830078125
15853.386474609375
15817.980346679688
15737.38671875
15679.763061523438
15630.280151367188
15565.821044921875
15521.354736328125
15509.303466796875
15464.471557617188
15392.993530273438
15340.9619140625
15290.55322265625
15252.800170898438
15214.727172851562
15171.443237304688
15136.938354492188
15120.855102539062
15104.594116210938
15118.48974609375
15097.546875
15058.255249023438
14990.74755859375
14906.35791015625
14845.163208007812
14797.366577148438
14768.888427734375
14715.398559570312
14680.351440429688
14636.421752929688
14600.638061523438
14571.638793945312
14529.501220703125
14499.646362304688
14470.9375
14445.475708007812
14415.484008789062
14402.685302734375
14395.592163085938
14388.843872070312
14346.514038085938
14309.390869140625
14275.729858398438
14249.871948242188
14216.952026367188
14189.505981445312
14153.269653320312
14127.080810546875
14098.448486328125
14068.49365234375
14032.143310546875
14011.204833984375
14017.140380859375
13994.512939453125
13965.854370117188
13950.03857421875
13923.537841796875
13940.225830078125
13939.380004882812
13938.158325195312
13864.20263671875
13833.7001953125
13797.6845703125
13761.283203125
13754.184448242188
13730.537841796875
13710.757568359375
13716.35693359375
13722.603393554688
13748.694213867188
13837.71923828125
13849.923217773438
13730.16064453125
13644.0390625
13573.3857421875
13514.165649414062
13471.01708984375
13459.052490234375
13429.149780273438
13408.108154296875
13383.543823242188
13362.873413085938
13348.402954101562
13339.042114257812
13328.659790039062
13322.547973632812
13298.890502929688
13287.550048828125
13291.9697265625
13344.385620117188
13384.299682617188
13406.558471679688
13349.447387695312
13359.881713867188
13308.966552734375
13280.831909179688
13238.80126953125
13185.150634765625
13154.83837890625
13148.526123046875
13127.65869140625
13113.861572265625
13096.391357421875
13094.324584960938
13095.47216796875
13097.86572265625
13072.508911132812
13065.777099609375
13064.359741210938
13056.073364257812
13003.801025390625
12978.943969726562
12958.170776367188
12937.082275390625
12911.523315429688
12889.021240234375
12875.02490234375
12888.907348632812
12905.437133789062
12883.534301757812
12882.588012695312
12881.321044921875
12854.940063476562
