cost:	
12300335.6328125
11531665.265625
10824825.515625
10172068.10546875
9558068.359375
8980289.04296875
8433988.015625
7918034.05078125
7430322.171875
6969877.16796875
6534722.578125
6124261.0625
5737852.20703125
5373192.080078125
5030500.623046875
4707717.873046875
4405428.2421875
4121848.89453125
3856076.125
3607770.28515625
3375530.716796875
3159360.0078125
2957899.4765625
2770996.771484375
2597085.310546875
2436258.662109375
2287451.0146484375
2150264.0068359375
2023788.947265625
1907492.6533203125
1800873.66015625
1703293.6435546875
1614026.2250976562
1532789.5205078125
1459060.021484375
1391878.001953125
1331420.3642578125
1276650.291015625
1227460.7314453125
1183277.0234375
1143749.2744140625
1108417.1967773438
1077044.3671875
1049182.103515625
1024495.0649414062
1002736.4775390625
983645.65625
966865.6982421875
952219.4223632812
939435.9853515625
928570.6689453125
919181.5834960938
911078.78125
904011.095703125
897959.2060546875
892601.4653320312
888062.7211914062
884060.7075195312
880672.3793945312
877747.9067382812
875152.2573242188
872949.1469726562
871061.2763671875
869530.982421875
867497.384765625
866287.4545898438
865429.9829101562
864260.2250976562
863334.7607421875
862414.97265625
861651.0390625
860647.5229492188
859969.8369140625
859471.126953125
858853.5068359375
858594.6284179688
858014.841796875
857494.1000976562
857160.640625
856939.3076171875
856329.1889648438
856139.5483398438
855787.076171875
855786.7534179688
855538.802734375
855017.197265625
854828.7143554688
854590.330078125
854259.86328125
854122.8842773438
853975.2514648438
853709.6538085938
853679.7763671875
853652.3344726562
853390.775390625
853205.2319335938
853012.6635742188
852913.4821777344
852996.0234375
852775.2631835938
852561.6303710938
852445.2490234375
852388.6713867188
852232.5654296875
852223.8959960938
852037.0390625
851944.2697753906
852037.7802734375
851872.0126953125
851887.9213867188
851842.0688476562
851650.9497070312
851593.3579101562
851596.0083007812
851513.33203125
851407.6535644531
851071.3452148438
850947.6655273438
851024.8837890625
850962.1147460938
850872.6015625
851042.181640625
850874.7080078125
850764.4111328125
850759.482421875
850652.3676757812
850665.1279296875
850617.5385742188
850477.1049804688
850372.2719726562
850413.0458984375
850404.595703125
850686.7416992188
850431.9174804688
850973.1435546875
850172.1987304688
850039.498046875
850138.5073242188
849890.9711914062
850449.6767578125
850354.7314453125
850263.0517578125
850211.7578125
850195.6821289062
850093.859375
849979.7880859375
849991.77734375
849939.6616210938
849844.5473632812
849827.15625
849820.3193359375
849818.369140625
849652.2709960938
849653.1069335938
849669.734375
849505.7885742188
849636.734375
849540.8666992188
849741.3061523438
849542.1591796875
849521.5004882812
849422.787109375
849315.876953125
849330.3588867188
849175.3642578125
849209.814453125
849223.701171875
849202.0439453125
849081.275390625
849187.03515625
849129.8217773438
849036.3959960938
848956.1889648438
848928.6337890625
848862.8764648438
848732.51171875
848655.0786132812
848624.2182617188
848682.1909179688
848951.482421875
848416.529296875
847997.1840820312
848018.9780273438
847963.3432617188
848165.294921875
847970.1533203125
847938.91015625
847868.6967773438
847807.1967773438
847790.8227539062
847815.03125
847672.7998046875
847664.4125976562
847663.6171875
847600.0151367188
847704.0688476562
847597.3127441406
847569.4375
847540.6342773438
847518.1577148438
847426.2934570312
847321.4404296875
847288.9438476562
847338.32421875
847413.0122070312
847484.2055664062
847293.5888671875
847271.2143554688
847530.1772460938
847257.7568359375
847095.8720703125
847030.3095703125
847047.5009765625
847005.6616210938
847014.3139648438
847011.5170898438
846935.818359375
847073.033203125
847054.3076171875
846973.921875
846934.353515625
846763.6547851562
846894.9365234375
846706.7436523438
846683.5712890625
846675.0180664062
846768.8666992188
846642.0698242188
846664.2919921875
846655.6318359375
846665.6733398438
846516.1166992188
846582.7177734375
846524.2397460938
846506.7353515625
846511.1948242188
846619.97265625
846483.6484375
846533.9663085938
846577.681640625
846494.6225585938
846463.1655273438
846426.6665039062
846392.3876953125
846419.1997070312
846823.970703125
846464.5581054688
846379.541015625
846370.1655273438
846244.568359375
846252.205078125
846133.1401367188
846179.9155273438
846168.1279296875
846094.6240234375
846234.2705078125
846085.3037109375
846123.5473632812
846043.9174804688
846159.5966796875
846086.7607421875
845956.3740234375
846044.8212890625
846040.8178710938
846068.2934570312
846137.916015625
845960.7373046875
845954.9677734375
846049.7407226562
846009.5463867188
845990.1931152344
845947.4418945312
845915.7661132812
845909.0444335938
845943.6528320312
845825.1743164062
845811.013671875
845898.0166015625
845936.6513671875
845946.5
845893.1723632812
845922.7138671875
845808.1879882812
845731.6103515625
845828.8525390625
845873.3388671875
845771.5776367188
845756.8623046875
845772.5756835938
845806.0888671875
845759.1401367188
845661.4829101562
845636.0952148438
845589.7099609375
845575.7680664062
845627.7265625
845550.9243164062
845547.86328125
845546.666015625
845602.05859375
845547.630859375
845477.6186523438
845432.2465820312
845418.8369140625
845542.13671875
845456.5693359375
845443.1435546875
845398.5151367188
845387.0400390625
845428.5270996094
845446.1098632812
845439.1611328125
845463.2060546875
845373.9692382812
845360.8173828125
845315.0087890625
845402.4038085938
845271.5346679688
845381.6640625
845389.208984375
845304.087890625
845265.5024414062
845110.9604492188
845188.2172851562
845187.7006835938
845138.0224609375
845188.3793945312
845075.4340820312
845232.2514648438
845346.189453125
845259.5903320312
845035.8715820312
845039.4736328125
844999.1801757812
844995.4868164062
845055.3520507812
844988.1323242188
844987.091796875
844897.6899414062
845038.134765625
844833.0805664062
844816.646484375
844857.9379882812
844796.8989257812
844765.7001953125
844522.68359375
844811.0263671875
844416.4580078125
844552.7739257812
844825.8220214844
844766.6938476562
844592.1010742188
844405.7016601562
844393.7661132812
844369.6381835938
844289.5844726562
844293.1499023438
844288.177734375
844315.1538085938
844266.1518554688
844133.1611328125
844197.6474609375
844182.3774414062
844182.07421875
844158.421875
844084.9248046875
844117.7387695312
844131.1743164062
844088.998046875
844220.8896484375
844236.5356445312
843797.7231445312
843634.068359375
843574.9418945312
843613.2983398438
843623.6162109375
843537.7260742188
843851.3569335938
843506.744140625
843603.3852539062
843497.8564453125
843570.6030273438
843553.2592773438
843675.3955078125
843569.0942382812
843638.7939453125
843414.6469726562
843368.4555664062
843379.9765625
843454.6577148438
843343.34765625
843341.9887695312
843384.7114257812
843260.0395507812
843287.9067382812
843216.556640625
843342.9545898438
843256.345703125
843249.462890625
843146.6674804688
