cost:	
1233376.8203125
1166739.7109375
1094692.65234375
1030350.31640625
971521.9921875
917359.91015625
867585.09375
823532.5859375
782400.109375
744543.38671875
710235.859375
679024.3984375
650290.91796875
624582.787109375
600597.455078125
578510.478515625
558787.080078125
540804.89453125
524300.453125
509398.677734375
495769.609375
483307.12109375
471879.482421875
462073.796875
452760.64453125
444118.388671875
436716.33203125
429720.921875
423347.26171875
417840.44140625
412571.17578125
407872.357421875
403526.9375
399679.966796875
396105.763671875
392844.29296875
389867.625
387128.703125
384622.828125
382242.1640625
380072.0546875
378049.255859375
376201.31640625
374442.15625
372773.05078125
371222.435546875
369694.876953125
368302.9765625
366938.19921875
365643.638671875
364418.00390625
363227.046875
362097.96484375
361004.12109375
359913.86328125
358887.27734375
357815.494140625
356784.76953125
355788.83203125
354804.97265625
353800.1875
352815.85546875
351855.77734375
350895.302734375
349938.8671875
348971.435546875
348014.640625
347080.41796875
346137.703125
345196.873046875
344274.076171875
343323.248046875
342393.6328125
341449.6328125
340520.259765625
339585.09765625
338674.87890625
337723.8671875
336807.9765625
335877.0546875
334945.439453125
334032.044921875
333091.5546875
332173.40234375
331241.30859375
330325.173828125
329394.923828125
328485.375
327545.025390625
326635.396484375
325709.275390625
324775.84765625
323868.478515625
322952.3515625
322030.703125
321112.85546875
320197.67578125
319267.115234375
318351.439453125
317441.2265625
316538.306640625
315658.212890625
314779.216796875
313921.716796875
313031.146484375
312148.255859375
311274.599609375
310417.373046875
309548.427734375
308656.44921875
307799.984375
306926.962890625
306059.09375
305193.982421875
304316.06640625
303460.65234375
302592.62890625
301733.15234375
300874.537109375
299997.517578125
299145.302734375
298287.162109375
297421.841796875
296569.201171875
295714.408203125
294872.408203125
293999.537109375
293143.708984375
292312.0078125
291443.953125
290608.14453125
289749.30859375
288909.9609375
288069.0
287213.978515625
286391.251953125
285536.837890625
284702.142578125
283858.81640625
283023.72265625
282193.1328125
281355.732421875
280524.87109375
279700.31640625
278863.380859375
278046.197265625
277210.408203125
276400.224609375
275567.734375
274748.669921875
273931.00390625
273151.76171875
272360.8984375
271600.400390625
270804.33203125
270025.908203125
269244.61328125
268485.859375
267699.576171875
266912.55078125
266147.599609375
265370.17578125
264629.396484375
263843.33984375
263079.248046875
262314.2109375
261541.390625
260796.400390625
260025.767578125
259267.30859375
258521.1728515625
257750.71875
257003.310546875
256257.330078125
255495.755859375
254760.990234375
254011.603515625
253256.7109375
252518.50390625
251776.9140625
251033.529296875
250293.697265625
249564.759765625
248816.7578125
248096.84375
247356.962890625
246635.841796875
245904.375
245182.4296875
244458.775390625
243732.607421875
243002.294921875
242285.26171875
241562.8076171875
240850.59375
240137.580078125
239427.5
238713.3955078125
238015.26171875
237334.67578125
236603.76171875
235935.8828125
235254.6796875
234587.435546875
233912.5234375
233239.2060546875
232575.755859375
231928.361328125
231247.697265625
230577.9853515625
229926.630859375
229273.91796875
228616.83203125
227955.8046875
227304.2021484375
226663.353515625
225989.7109375
225351.5263671875
224709.92578125
224052.65625
223423.359375
222771.8173828125
222136.625
221490.6796875
220872.28515625
220240.564453125
219582.8857421875
218969.056640625
218328.0830078125
217701.564453125
217079.0556640625
216447.83203125
215830.365234375
215219.62109375
214586.078125
213974.55859375
213350.890625
212738.6640625
212133.8203125
211523.615234375
210915.9248046875
210311.447265625
209706.4638671875
209100.4052734375
208493.3017578125
207896.685546875
207304.423828125
206715.53515625
206103.451171875
205514.99609375
204946.931640625
204367.58984375
203800.193359375
203244.125
202688.6533203125
202128.4375
201568.111328125
201020.0888671875
200467.216796875
199901.54296875
199351.845703125
198804.4404296875
198262.3310546875
197721.24609375
197166.396484375
196642.775390625
196084.154296875
195552.08984375
195007.19921875
194483.19921875
193941.3056640625
193413.236328125
192883.791015625
192356.8994140625
191824.3203125
191307.841796875
190777.23046875
190250.271484375
189742.04296875
189220.302734375
188691.9921875
188191.95703125
187671.123046875
187155.978515625
186662.9521484375
186130.19921875
185636.96875
185114.109375
184625.2060546875
184113.0234375
183614.7744140625
183132.71484375
182613.9130859375
182123.587890625
181633.09375
181141.3369140625
180651.900390625
180160.7138671875
179678.53515625
179187.814453125
178716.025390625
178243.294921875
177796.421875
177329.0478515625
176874.681640625
176429.103515625
175957.521484375
175499.9775390625
175047.919921875
174604.513671875
174168.65234375
173711.482421875
173255.04296875
172812.8974609375
172369.705078125
171935.2705078125
171499.59375
171056.876953125
170610.9697265625
170177.5751953125
169751.0546875
169316.9921875
168889.1826171875
168455.1201171875
168030.1826171875
167599.1572265625
167174.08203125
166767.4482421875
166333.3330078125
165918.966796875
165503.1259765625
165072.458984375
164659.630859375
164255.1708984375
163835.7373046875
163420.8837890625
163016.8798828125
162600.490234375
162207.091796875
161799.4111328125
161395.8603515625
160993.87109375
160580.3740234375
160191.294921875
159794.5634765625
159402.7431640625
159000.921875
158611.3662109375
158213.583984375
157832.583984375
157440.8857421875
157087.10546875
156705.763671875
156333.197265625
155964.880859375
155599.3095703125
155235.5263671875
154867.8642578125
154520.2119140625
154156.353515625
153789.34765625
153434.33984375
153084.63330078125
152722.9775390625
152370.23828125
152015.44921875
151665.72265625
151317.126953125
150966.9912109375
150620.392578125
150271.9638671875
149925.998046875
149584.1318359375
149244.6572265625
148913.0751953125
148567.1171875
148220.3369140625
147885.77197265625
147556.2529296875
147220.009765625
146895.0634765625
146556.9755859375
146229.7353515625
145899.35888671875
145574.6337890625
145245.6396484375
144919.240234375
144600.4375
144270.580078125
143955.5732421875
143637.8837890625
143324.6640625
143002.1455078125
142690.1298828125
142367.2138671875
142066.2822265625
141749.64404296875
141447.20361328125
141134.0400390625
140823.2109375
