cost:	
1098313.65625
710765.765625
396571.2529296875
219855.02001953125
135213.0927734375
103378.48779296875
94443.06640625
92037.9521484375
91301.25708007812
90991.84790039062
90757.357421875
90620.31469726562
90532.5791015625
90480.12744140625
90446.92651367188
90397.4677734375
90398.6923828125
90330.94921875
90306.87255859375
90324.0380859375
90316.78076171875
90310.4267578125
90254.9150390625
90296.451171875
90250.9775390625
90255.45678710938
90222.15698242188
90207.6494140625
90210.2236328125
90200.46459960938
90183.62475585938
90163.38061523438
90155.60986328125
90153.09838867188
90178.9462890625
90192.07202148438
90161.5029296875
90152.18701171875
90143.44067382812
90134.61596679688
90146.2353515625
90114.17797851562
90087.4013671875
90114.06396484375
90081.22729492188
90128.8837890625
90112.396484375
90113.33642578125
90075.3720703125
90047.8046875
90043.72607421875
90028.1611328125
89997.521484375
89961.07275390625
90020.74560546875
89989.02978515625
89978.31469726562
89934.80297851562
89928.69189453125
89939.60620117188
89949.50561523438
89961.52880859375
89901.279296875
89855.65161132812
89861.87744140625
89866.970703125
89862.02612304688
89849.75244140625
89840.05639648438
89806.02001953125
89796.5888671875
89753.056640625
89761.61376953125
89732.9189453125
89752.19677734375
89667.1552734375
89657.39501953125
89654.09106445312
89636.93872070312
89650.3408203125
89572.427734375
89541.5244140625
89573.46630859375
89525.65869140625
89519.45874023438
89485.58642578125
89460.48779296875
89468.69360351562
89391.21923828125
89388.45434570312
89399.7607421875
89351.69775390625
89346.91577148438
89297.67407226562
89258.91748046875
89195.171875
89117.24096679688
89007.123046875
88849.86450195312
88630.818359375
88413.4111328125
88154.5751953125
88002.06665039062
87769.30029296875
87633.01806640625
87460.59252929688
87243.37548828125
87047.68115234375
86891.58862304688
86571.08178710938
86300.630859375
86138.3701171875
85868.17700195312
85671.8916015625
85534.49560546875
85316.90283203125
85111.7607421875
84906.03173828125
84643.04614257812
84481.408203125
84270.033203125
84052.60668945312
83905.92578125
83660.9775390625
83463.9189453125
83295.34033203125
83110.53466796875
82848.45385742188
82719.74462890625
82446.36865234375
82285.80322265625
82079.60009765625
81806.0390625
81644.72290039062
81432.78295898438
81235.52758789062
81042.08911132812
80873.40747070312
80599.9580078125
80390.1591796875
80234.07885742188
79976.25830078125
79760.49560546875
79488.02612304688
79320.64575195312
79007.90112304688
78802.275390625
78443.64038085938
78174.6220703125
77908.36840820312
77604.1904296875
77390.33740234375
77117.14526367188
76864.51025390625
76659.89599609375
76470.4072265625
76213.36572265625
76027.39208984375
75794.90161132812
75521.97998046875
75277.88623046875
75057.1015625
74772.17065429688
74549.00708007812
74341.12377929688
74150.451171875
73941.95385742188
73745.7021484375
73489.22436523438
73257.01391601562
73007.23022460938
72814.84643554688
72550.01586914062
72300.69848632812
72067.14135742188
71814.48608398438
71609.23559570312
71365.70141601562
71158.26635742188
70903.43823242188
70700.00805664062
70483.97875976562
70252.81298828125
70024.29663085938
69790.70581054688
69536.24780273438
69334.59008789062
69109.677734375
68889.89428710938
68654.46899414062
68425.61010742188
68205.86499023438
67974.73852539062
67734.01635742188
67494.18676757812
67268.97680664062
67068.80859375
66878.01318359375
66600.595703125
66372.33325195312
66148.8779296875
65929.4482421875
65728.796875
65484.44921875
65298.850341796875
65075.44079589844
64900.903076171875
64671.35546875
64466.0615234375
64276.87646484375
64074.465576171875
63858.93359375
63632.724365234375
63406.77880859375
63195.34765625
63001.255859375
62774.599853515625
62511.868408203125
62291.012451171875
62076.72998046875
61833.77490234375
61661.231689453125
61400.677978515625
61200.468017578125
60937.941650390625
60724.555419921875
60531.264892578125
60324.880126953125
60056.97314453125
59855.33349609375
59615.196533203125
59419.003173828125
59176.819580078125
58946.443359375
58721.56640625
58459.607177734375
58244.824462890625
58020.06494140625
57786.97314453125
57566.668212890625
57330.93249511719
57102.538330078125
56875.21728515625
56682.066162109375
56455.721435546875
56233.080078125
55982.282470703125
55794.50048828125
55561.743896484375
55337.9677734375
55076.158203125
54862.072021484375
54658.27502441406
54446.632568359375
54226.753173828125
54025.64697265625
53822.85302734375
53596.123046875
53373.03125
53162.255859375
52973.35009765625
52726.88623046875
52541.953857421875
52354.06103515625
52107.6484375
51915.045166015625
51675.361328125
51461.409912109375
51256.939453125
51038.255859375
50840.671630859375
50604.710693359375
50402.9072265625
50222.197265625
49969.776123046875
49765.2060546875
49550.745849609375
49335.35632324219
49133.16589355469
48914.93212890625
48700.526611328125
48494.494140625
48264.75524902344
48066.060302734375
47854.223876953125
47617.89111328125
47440.534912109375
47191.65905761719
47005.141357421875
46779.757568359375
46574.830810546875
46353.4951171875
46157.927978515625
45930.458251953125
45729.76611328125
45535.412109375
45321.109375
45122.935302734375
44903.671142578125
44690.055419921875
44487.87109375
44269.68359375
44078.57287597656
43850.044189453125
43665.927734375
43450.08056640625
43258.195556640625
43058.31555175781
42848.74084472656
42659.035888671875
42452.38671875
42265.945068359375
42053.05017089844
41876.53869628906
41656.92224121094
41497.16784667969
41302.957275390625
41103.99169921875
40899.303955078125
40704.78747558594
40505.109619140625
40327.50573730469
40123.1171875
39931.10827636719
39741.220703125
39572.096435546875
39405.28234863281
39227.917236328125
39047.47058105469
38859.08361816406
38692.507080078125
38496.35986328125
38305.40478515625
38122.9853515625
37921.41491699219
37741.77404785156
37586.48376464844
37409.27624511719
37239.67443847656
37050.937255859375
36875.66943359375
36678.370361328125
36506.01953125
36303.68835449219
36125.61901855469
35951.70690917969
35773.667236328125
35607.126220703125
35462.002197265625
35271.03649902344
35099.08850097656
34930.25732421875
34742.03747558594
34584.03820800781
34410.318603515625
34256.92712402344
34088.72888183594
33953.127197265625
33781.98181152344
33671.75646972656
33523.78576660156
33379.088623046875
33224.31915283203
33051.969177246094
32886.952880859375
32720.70751953125
32578.198364257812
32393.84033203125
32246.8154296875
32088.462158203125
31942.388916015625
31805.703857421875
31670.804809570312
31531.648803710938
31397.924682617188
31255.279663085938
31099.301879882812
30949.165649414062
30808.379760742188
30651.128295898438
30488.796020507812
30326.021240234375
30180.158203125
30041.407592773438
29890.299865722656
29752.92724609375
29622.857543945312
29492.135864257812
29361.973388671875
29247.55908203125
29116.796630859375
28962.096313476562
28860.22216796875
28735.462280273438
28622.839965820312
28485.362915039062
28359.639404296875
28190.812255859375
28084.793579101562
27941.545532226562
