cost:	
1183787.28515625
857030.6015625
525172.72265625
384928.185546875
322461.1357421875
299640.36328125
271406.66796875
249306.9267578125
230435.35546875
215312.6357421875
202357.7294921875
189614.5341796875
179824.85546875
171352.04736328125
164025.3681640625
157834.986328125
151766.56298828125
146747.28369140625
142632.19970703125
138846.68701171875
134311.26904296875
130989.708984375
128148.23486328125
125007.1669921875
122386.73828125
119995.85595703125
117713.95654296875
115643.3779296875
113694.67626953125
111902.5185546875
110161.2568359375
108606.501953125
107136.55029296875
105751.3916015625
104369.20703125
103063.2080078125
101907.4150390625
100670.544921875
99661.2470703125
98538.32568359375
97652.8193359375
96646.18359375
95686.0859375
94811.75537109375
93941.884765625
93117.8388671875
92346.80908203125
91625.47094726562
90951.62866210938
90213.01611328125
89527.93017578125
88892.78369140625
88281.01342773438
87725.7880859375
87128.69189453125
86570.29638671875
86031.06005859375
85499.52880859375
85002.37841796875
84521.35888671875
84007.59423828125
83501.31323242188
83045.72485351562
82573.57861328125
82135.20874023438
81713.86669921875
81312.31079101562
80862.40673828125
80438.93872070312
80055.04541015625
79667.23876953125
79301.75439453125
78887.35546875
78512.6279296875
78130.8935546875
77776.98193359375
77438.96508789062
77116.25048828125
76738.47265625
76404.2060546875
76122.00244140625
75781.54174804688
75537.96704101562
75195.1279296875
74840.96655273438
74546.97094726562
74218.92993164062
73933.91577148438
73671.65380859375
73399.61596679688
73090.15991210938
72806.97436523438
72558.32690429688
72286.71728515625
72028.52416992188
71773.517578125
71516.53369140625
71257.41137695312
71019.34375
70804.23559570312
70564.67041015625
70326.69091796875
70089.75952148438
69876.47241210938
69680.76171875
69472.25634765625
69261.15063476562
69051.12182617188
68858.92553710938
68629.69189453125
68460.29418945312
68266.43188476562
68052.48217773438
67876.4794921875
67689.3125
67491.1826171875
67315.35327148438
67150.62158203125
66971.95947265625
66789.42236328125
66632.05932617188
66464.5703125
66284.51831054688
66133.71606445312
65975.0322265625
65815.51733398438
65643.27172851562
65484.343505859375
65333.27099609375
65207.798095703125
65049.89892578125
64903.62890625
64761.6064453125
64618.330810546875
64471.564453125
64338.964599609375
64214.831787109375
64092.91748046875
63932.677978515625
63825.3515625
63690.6787109375
63536.75329589844
63423.559814453125
63314.829345703125
63164.946533203125
63036.11572265625
62935.1455078125
62811.626953125
62706.309326171875
62574.34912109375
62454.097900390625
62353.068115234375
62247.779296875
62140.535400390625
62039.708251953125
61953.30078125
61848.178955078125
61748.789306640625
61649.498291015625
61556.076171875
61464.659912109375
61362.605712890625
61267.923828125
61201.124267578125
61107.5380859375
61002.77197265625
60900.523193359375
60806.631591796875
60730.5751953125
60635.663818359375
60552.22314453125
60474.90869140625
60391.8701171875
60313.380126953125
60232.276123046875
60155.029296875
60085.4384765625
60006.1025390625
59932.28466796875
59862.28076171875
59764.242431640625
59704.078857421875
59648.790771484375
59592.05517578125
59562.27880859375
59556.77734375
59459.772216796875
59492.9658203125
59421.46826171875
59234.521484375
59168.6943359375
59059.9150390625
59038.4501953125
58989.271240234375
58865.3427734375
58788.7001953125
58716.636962890625
58630.326416015625
58548.927978515625
58505.5029296875
58444.726806640625
58405.027099609375
58683.706298828125
59061.957763671875
58763.059814453125
59353.739501953125
59095.16015625
59025.828125
59332.853271484375
59094.1171875
59017.928955078125
59164.413330078125
58943.619140625
58545.636962890625
58636.48583984375
58362.69189453125
58093.39453125
57897.2607421875
57771.45068359375
57605.563232421875
57538.9931640625
57455.74658203125
57413.741455078125
57359.60888671875
57316.51220703125
57270.030029296875
57228.930419921875
57193.0146484375
57160.485107421875
57119.560302734375
57065.222900390625
57018.44287109375
56980.620361328125
56947.3427734375
56896.886962890625
56850.71484375
56796.27490234375
56763.424072265625
56727.75830078125
56698.42138671875
56659.861572265625
56643.4150390625
56626.0908203125
56656.58203125
56805.083740234375
57635.96484375
57353.36279296875
57016.578857421875
57080.35693359375
57045.987060546875
56904.630859375
56709.326904296875
56672.87744140625
56435.964111328125
56330.51318359375
56205.134521484375
56163.054443359375
56092.36767578125
56049.7412109375
56017.7470703125
55979.333740234375
55952.075927734375
55914.8974609375
55880.379638671875
55846.332763671875
55823.53356933594
55804.913818359375
55780.043701171875
55745.853759765625
55725.92639160156
55707.568359375
55666.88330078125
55625.37841796875
55595.43713378906
55564.952392578125
55534.710693359375
55506.3291015625
55477.910400390625
55448.315673828125
55423.814453125
55402.49267578125
55404.539794921875
55383.0
55388.694580078125
55451.628662109375
55492.34228515625
55642.67333984375
55983.231689453125
57003.190185546875
57252.63928222656
57125.3173828125
57569.362060546875
60515.3525390625
61824.685302734375
59825.144287109375
57664.49609375
57614.689208984375
57221.1611328125
56634.2880859375
56165.40869140625
55436.484619140625
55250.080810546875
55080.85009765625
54979.392822265625
54920.855224609375
54880.2314453125
54850.8818359375
54822.48046875
54807.05517578125
54786.93115234375
54766.436279296875
54743.813720703125
54725.61865234375
54690.93591308594
54687.0732421875
54653.820068359375
54639.526611328125
54609.93896484375
54595.92578125
54573.845458984375
54549.31787109375
54534.016845703125
54517.527099609375
54488.82861328125
54497.2275390625
54459.9130859375
54446.303955078125
54433.72119140625
54416.95849609375
54391.4541015625
54362.435302734375
54350.8857421875
54332.87548828125
54321.406494140625
54301.412841796875
54285.05810546875
54279.56787109375
54256.786865234375
54241.99267578125
54224.878173828125
54200.048583984375
54184.50061035156
54166.67138671875
54150.14501953125
54128.827392578125
54108.177978515625
54101.5615234375
54090.40185546875
54056.531494140625
54042.426513671875
54015.8115234375
54009.31298828125
53995.550048828125
53974.354736328125
53962.091552734375
53934.6845703125
53926.48681640625
53906.2353515625
53904.293212890625
53887.4345703125
53864.087890625
53861.70654296875
53845.3369140625
53818.57373046875
53802.4619140625
53781.500732421875
53776.007568359375
53752.939697265625
53734.8876953125
53721.885009765625
53705.615234375
53692.07666015625
53671.751953125
53655.083740234375
53648.613037109375
53624.053466796875
53618.1640625
53592.528564453125
53592.710693359375
53565.25439453125
53549.343994140625
53529.59423828125
53515.724365234375
53511.8203125
53488.381103515625
53490.53515625
53458.95764160156
53449.343017578125
53434.595703125
53415.765869140625
53399.58349609375
53390.16357421875
53387.0458984375
53368.607177734375
53359.028564453125
53336.66259765625
53311.674072265625
53303.8603515625
53294.431396484375
53302.538330078125
