cost:	
1214670.94140625
1150048.3984375
1082739.5078125
1019296.4453125
959478.69921875
902233.3203125
849211.2265625
798371.96484375
750887.453125
706022.34375
664416.412109375
623991.087890625
587025.1171875
551928.095703125
518361.732421875
487661.873046875
458236.21875
430941.8125
405138.79296875
381472.8935546875
358687.01953125
337728.365234375
318544.7265625
299869.255859375
282930.07421875
267240.751953125
252650.3515625
238868.486328125
226250.1220703125
214644.19140625
203873.6083984375
193904.7353515625
184634.38818359375
176286.0341796875
168487.48486328125
161118.62255859375
154758.90185546875
148637.080078125
143173.0400390625
138195.50830078125
133559.84326171875
129273.8271484375
125457.673828125
122006.912109375
118857.2587890625
115940.46875
113328.025390625
110971.2119140625
108788.87451171875
106923.0654296875
105191.22314453125
103648.43310546875
102272.21142578125
101062.01953125
99909.72265625
98902.38989257812
98009.01318359375
97176.24365234375
96434.935546875
95739.876953125
95167.1103515625
94611.43579101562
94150.95068359375
93706.6650390625
93309.15258789062
92976.5498046875
92653.29077148438
92375.8388671875
92129.68115234375
91900.712890625
91711.34765625
91523.98559570312
91368.3505859375
91226.47900390625
91099.67919921875
90986.69921875
90883.90649414062
90789.87890625
90715.6923828125
90635.6630859375
90577.03955078125
90515.66162109375
90468.62158203125
90412.91625976562
90369.36767578125
90334.69116210938
90299.58374023438
90268.39892578125
90236.25244140625
90211.77001953125
90186.375
90162.78759765625
90140.65844726562
90124.7001953125
90101.50366210938
90089.7431640625
90069.77075195312
90052.17700195312
90038.1904296875
90022.93408203125
90008.62133789062
89990.60766601562
89978.61865234375
89962.873046875
89950.14111328125
89934.18798828125
89922.0341796875
89901.20654296875
89888.30395507812
89875.25634765625
89857.103515625
89844.03955078125
89829.6650390625
89814.61645507812
89798.87377929688
89785.54150390625
89764.759765625
89745.63330078125
89723.71435546875
89694.177734375
89665.68017578125
89621.2880859375
89580.90844726562
89522.544921875
89465.83984375
89363.154296875
89216.26416015625
88974.798828125
88615.00732421875
88388.76416015625
88073.86572265625
87423.70288085938
87208.36962890625
86980.6220703125
86768.69555664062
86527.15869140625
86368.1142578125
86107.13525390625
85954.67431640625
85541.15454101562
85392.70239257812
85231.57421875
85081.0234375
84975.44970703125
84793.6171875
84662.08129882812
84549.154296875
84401.30151367188
84286.64233398438
84202.07177734375
84137.93505859375
84059.42114257812
83979.29296875
83760.86572265625
83613.86108398438
83424.71435546875
83290.58813476562
83162.70068359375
83071.0166015625
82981.46240234375
82892.40673828125
82820.38647460938
82756.025390625
82655.45825195312
82526.47827148438
82456.87670898438
82397.87524414062
82319.31591796875
82067.02685546875
81971.63110351562
81584.71557617188
81482.68286132812
81411.14697265625
81356.55615234375
81290.48876953125
81191.55786132812
81129.3154296875
81060.29907226562
80996.91088867188
80958.48193359375
80920.31127929688
80885.833984375
80846.66088867188
80814.66430664062
80773.23291015625
80725.89501953125
80651.46508789062
80611.9365234375
80573.169921875
80544.54663085938
80504.8671875
80476.06201171875
80434.79125976562
80371.81201171875
80332.52221679688
80302.4921875
80271.73828125
80247.03247070312
80217.2294921875
80188.16577148438
80153.22900390625
80104.57690429688
80030.81616210938
79941.47119140625
79909.59252929688
79877.02319335938
79844.3876953125
79806.9794921875
79774.69970703125
79736.5791015625
79710.25390625
79682.66455078125
79659.22705078125
79633.67431640625
79600.658203125
79570.5703125
79537.28002929688
79503.3984375
79460.02197265625
79453.74072265625
79344.31372070312
79291.20654296875
79231.67456054688
79199.39501953125
79161.92919921875
79130.1923828125
79098.47607421875
79078.7529296875
79049.3134765625
79025.23706054688
78999.75952148438
78981.01220703125
78961.30712890625
78936.76904296875
78905.73608398438
78888.3759765625
78864.60766601562
78835.35009765625
78813.52734375
78787.771484375
78769.4619140625
78744.2275390625
78723.68212890625
78697.42919921875
78673.34692382812
78645.416015625
78621.609375
78589.0400390625
78560.556640625
78526.42919921875
78493.45922851562
78465.91796875
78449.42333984375
78405.5380859375
78378.51416015625
78359.76000976562
78339.54931640625
78322.9853515625
78309.341796875
78290.75903320312
78268.78491210938
78244.0029296875
78221.25146484375
78196.82568359375
78170.41674804688
78151.07299804688
78131.4404296875
78110.41772460938
78087.70361328125
78066.55786132812
78051.78833007812
78021.67602539062
77989.41430664062
77963.35913085938
77946.8466796875
77932.44360351562
77918.43994140625
77902.72338867188
77866.337890625
77850.09130859375
77817.77758789062
77804.7451171875
77773.0576171875
77744.68920898438
77720.48901367188
77655.07348632812
77604.21948242188
77572.65014648438
77554.86303710938
77534.16186523438
77514.06958007812
77489.69140625
77472.93090820312
77454.7255859375
77435.97387695312
77414.71411132812
77390.6103515625
77368.47021484375
77348.86254882812
77320.95336914062
77314.48510742188
77314.66845703125
77273.82275390625
77255.3583984375
77225.125
77210.95581054688
77195.65625
77174.16870117188
77183.2822265625
77166.55029296875
77120.48217773438
77109.45629882812
77083.17114257812
77070.88061523438
77058.8701171875
77027.88330078125
77012.54516601562
76988.30297851562
76960.91357421875
76947.7509765625
76947.29736328125
76931.265625
76932.58740234375
76888.19189453125
76838.28979492188
76839.68408203125
76802.5673828125
76774.28857421875
76753.98315429688
76734.24658203125
76726.7255859375
76698.59594726562
76669.29638671875
76648.61254882812
76617.45776367188
76596.9853515625
76573.34814453125
76537.140625
76514.8955078125
76492.76831054688
76468.34057617188
76452.373046875
76433.2333984375
76413.84619140625
76396.61376953125
76376.123046875
76365.16430664062
76339.73657226562
76334.79150390625
76291.1708984375
76264.4873046875
76253.49560546875
76252.990234375
76225.84375
76205.25830078125
76179.59252929688
76166.55834960938
76148.6396484375
76126.27099609375
76111.79370117188
76080.30419921875
76063.38671875
76040.82568359375
76023.71240234375
76002.66064453125
75987.15771484375
75972.90844726562
75954.31030273438
75935.15942382812
75914.19091796875
75894.330078125
75873.232421875
75855.58520507812
75842.35864257812
75827.8525390625
75811.07250976562
75800.2490234375
75780.4287109375
75766.4697265625
75739.55712890625
75738.1796875
75701.95727539062
75671.03271484375
75635.42553710938
75632.39404296875
75613.02392578125
75582.52270507812
75565.42846679688
75556.34204101562
75530.61206054688
75505.64794921875
75503.33422851562
75519.73071289062
75502.716796875
75542.9375
75483.86083984375
75445.19506835938
75445.77368164062
75477.361328125
75387.228515625
