cost:	
1198138.390625
1077835.33984375
954617.97265625
846124.12890625
745451.39453125
656721.353515625
579447.9765625
511193.986328125
450708.55859375
397505.01953125
351858.8046875
311290.1748046875
276791.533203125
247202.6484375
221475.31396484375
199488.2783203125
180914.16796875
165559.30224609375
152165.16064453125
140953.8447265625
131610.12841796875
124099.451171875
117711.11279296875
112516.244140625
108146.76025390625
104648.96484375
101755.00659179688
99415.103515625
97602.72045898438
96072.36083984375
94846.673828125
93866.28588867188
93087.10546875
92478.86181640625
91968.6923828125
91582.39208984375
91268.13330078125
91009.36328125
90810.25634765625
90653.2548828125
90525.82421875
90430.8046875
90337.07470703125
90273.21508789062
90219.8818359375
90182.51831054688
90134.2666015625
90100.1064453125
90069.43310546875
90057.27465820312
90029.35668945312
90016.98217773438
89999.0419921875
89982.642578125
89970.3125
89962.056640625
89949.46630859375
89935.20678710938
89931.26416015625
89916.74731445312
89910.5126953125
89896.7998046875
89891.58276367188
89885.1474609375
89876.39501953125
89864.17822265625
89860.89990234375
89846.45922851562
89841.52685546875
89832.14501953125
89823.943359375
89815.8486328125
89800.53076171875
89792.7783203125
89794.19873046875
89777.81005859375
89770.49658203125
89754.5048828125
89741.181640625
89737.5595703125
89724.95361328125
89707.87524414062
89695.77099609375
89692.91015625
89665.76611328125
89650.04345703125
89633.6591796875
89604.15405273438
89583.58203125
89571.16064453125
89537.08032226562
89525.16284179688
89511.36181640625
89492.0234375
89461.22412109375
89419.84375
89383.85498046875
89315.84741210938
89178.13037109375
88862.64892578125
88234.46728515625
87845.50244140625
87576.9599609375
87493.15551757812
87291.96118164062
87192.18237304688
87099.2919921875
86876.828125
86754.22265625
86657.41186523438
86441.75390625
86332.64453125
86258.578125
86183.93115234375
86081.5693359375
86015.044921875
85946.205078125
85879.56396484375
85810.96337890625
85733.1630859375
85648.99755859375
85560.14794921875
85478.68188476562
85359.6484375
85147.4755859375
84806.02783203125
84450.47436523438
84242.82763671875
83944.53247070312
83752.44189453125
83613.07275390625
83446.86010742188
83280.84008789062
83131.71826171875
83032.07446289062
82942.1533203125
82856.69384765625
82762.1865234375
82656.76342773438
82540.73291015625
82452.5234375
82325.02905273438
82196.8046875
82091.83618164062
81957.21337890625
81810.62182617188
81710.76977539062
81616.62548828125
81542.8701171875
81462.6923828125
81376.67065429688
81291.6611328125
81213.38891601562
81023.72924804688
80932.24780273438
80752.99780273438
80673.47412109375
80551.12060546875
80365.3740234375
80214.58569335938
80122.14965820312
80038.19873046875
79955.47827148438
79869.77709960938
79801.94580078125
79743.58325195312
79691.94067382812
79633.84912109375
79584.78149414062
79507.81689453125
79421.2236328125
79364.6650390625
79318.54931640625
79258.36840820312
79205.52294921875
79145.8857421875
79084.15600585938
79033.72802734375
78953.09692382812
78896.1337890625
78837.6318359375
78790.70385742188
78735.32763671875
78684.37329101562
78630.26611328125
78578.2880859375
78538.8154296875
78491.1142578125
78445.73876953125
78394.11987304688
78351.54370117188
78300.79858398438
78246.03198242188
78189.73803710938
78140.83984375
78085.47216796875
77973.66577148438
77921.20166015625
77873.76025390625
77796.91650390625
77720.29809570312
77655.5361328125
77526.02416992188
77477.68823242188
77411.2021484375
77348.68408203125
77294.12451171875
77250.17211914062
77200.79077148438
77154.02197265625
77109.9013671875
77065.328125
77016.63134765625
76969.85913085938
76927.181640625
76883.95166015625
76840.06005859375
76780.78173828125
76731.38598632812
76684.54809570312
76598.65893554688
76553.48461914062
76507.95336914062
76460.79418945312
76402.69702148438
76353.48461914062
76298.59765625
76256.798828125
76221.81909179688
76168.22314453125
76117.6650390625
76073.62646484375
76031.19580078125
75976.13061523438
75939.34765625
75885.19653320312
75841.85009765625
75790.66015625
75743.55517578125
75692.4072265625
75644.626953125
75591.41430664062
75533.71630859375
75485.2646484375
75437.36645507812
75382.54296875
75206.55346679688
75084.943359375
75005.392578125
74935.09985351562
74864.8447265625
74800.291015625
74738.42114257812
74668.71752929688
74612.83422851562
74559.42333984375
74504.76489257812
74457.7421875
74409.13012695312
74345.71557617188
74287.4541015625
74238.47485351562
74191.85546875
74133.20751953125
74072.46899414062
74029.45971679688
73978.01098632812
73923.00439453125
73875.537109375
73822.8125
73776.55981445312
73717.09765625
73662.86962890625
73608.21337890625
73561.4921875
73509.13745117188
73457.4736328125
73393.43872070312
73334.36791992188
73273.83154296875
73233.32299804688
73184.0009765625
73122.83032226562
73024.20532226562
72963.74047851562
72902.69604492188
72875.34912109375
72741.98486328125
72672.22631835938
72615.56396484375
72542.755859375
72496.56176757812
72430.74438476562
72376.36181640625
72294.73608398438
72236.3447265625
72181.05493164062
72124.12548828125
72081.64208984375
72025.76953125
71961.1630859375
71908.5908203125
71868.111328125
71803.3681640625
71754.08447265625
71697.30712890625
71642.88012695312
71599.98974609375
71542.28979492188
71488.40356445312
71443.24975585938
71394.38037109375
71339.58447265625
71281.36669921875
71230.021484375
71074.17456054688
71025.14111328125
70946.99633789062
70897.8232421875
70829.73046875
70770.7919921875
70717.22119140625
70663.15454101562
70613.28637695312
70572.06201171875
70532.33349609375
70492.16259765625
70448.615234375
70394.26391601562
70340.02221679688
70297.08471679688
70250.83447265625
70197.19775390625
70133.93432617188
70088.63110351562
70040.83813476562
69982.111328125
69934.83837890625
69864.93481445312
69822.962890625
69774.05102539062
69725.70092773438
69673.80688476562
69611.5654296875
69467.85864257812
69424.76953125
69376.6240234375
69315.04125976562
69272.00341796875
69219.95336914062
69182.7255859375
69132.21337890625
69089.19189453125
69047.98291015625
69005.294921875
68964.5068359375
68923.90966796875
68864.2275390625
68817.03149414062
68764.02514648438
68741.62524414062
68687.05810546875
68617.16748046875
68563.80322265625
68526.32690429688
68503.27856445312
68429.81005859375
68401.03588867188
68362.26220703125
68319.3212890625
68287.03540039062
68206.97021484375
68158.59741210938
68085.21215820312
68047.69165039062
67992.97241210938
67950.56323242188
67899.078125
67847.36157226562
67811.4384765625
67759.41015625
67728.78369140625
67665.4697265625
67631.49389648438
67578.3984375
67541.05004882812
67500.81689453125
67475.39013671875
67415.6572265625
67367.0166015625
67336.73266601562
67297.13525390625
67203.58862304688
67131.67895507812
67070.63818359375
67028.62744140625
66967.81201171875
66927.77001953125
66886.26684570312
66808.68212890625
