cost:	
1897990.4619140625
907941.0874023438
887490.9631347656
858456.6875
827296.080078125
792578.14453125
754042.4375
717620.6557617188
683334.0126953125
649967.8151855469
616945.0703125
585214.2299804688
552538.8403320312
519103.2028808594
487001.4482421875
455277.7248535156
423911.90380859375
393273.3837890625
364647.251953125
337743.4833984375
314116.58740234375
290632.7645263672
269141.6944580078
248633.53442382812
230063.31018066406
213374.1661376953
198410.92639160156
184423.32299804688
170749.44580078125
158983.78393554688
148672.2822265625
139483.64849853516
130525.38159179688
122671.17895507812
115015.72344970703
108735.26776123047
102025.60778808594
96209.6283569336
90888.70001220703
85982.18829345703
81654.02612304688
77714.79888916016
73639.3783569336
69731.10580444336
66376.61651611328
63323.236572265625
60629.10900878906
58498.9953918457
56174.138580322266
54299.67999267578
51935.48400878906
49624.80944824219
47670.756896972656
45718.26007080078
43632.734619140625
42202.85470581055
41333.34976196289
40207.008850097656
39364.16799926758
38724.828033447266
38019.643981933594
37129.24871826172
36032.73175048828
35240.971740722656
34388.116271972656
33672.701568603516
33062.99139404297
32394.27215576172
31824.13946533203
30975.08477783203
30612.481353759766
30285.821502685547
30168.81771850586
30338.084350585938
29923.889923095703
29931.35986328125
29146.55859375
28312.99380493164
27700.403274536133
27018.50424194336
26606.159118652344
26717.813751220703
26768.020217895508
26867.951202392578
26156.486404418945
25764.52555847168
24819.09117126465
24209.02276611328
23937.010299682617
24118.310760498047
24419.872161865234
24427.455322265625
24359.53448486328
24053.32958984375
23392.612091064453
23370.42918395996
23447.119262695312
23393.86639404297
23073.623992919922
22684.278106689453
22399.05372619629
21335.300354003906
20721.085052490234
20436.079788208008
19911.800720214844
19330.867416381836
19444.82664489746
20118.56475830078
20913.912200927734
21378.399536132812
22049.89093017578
21935.29461669922
21356.762237548828
20441.753814697266
19848.80599975586
19535.085220336914
18968.03482055664
19106.166763305664
19108.548934936523
19269.33512878418
19418.7119140625
19699.708770751953
19980.429412841797
19909.12319946289
19978.399322509766
19970.67054748535
20068.22526550293
20387.662994384766
20415.09506225586
19908.143493652344
19157.73028564453
18827.839767456055
18295.127807617188
18064.907196044922
17737.03677368164
17858.757781982422
18156.515029907227
18485.98504638672
18576.876434326172
18622.868530273438
18972.672576904297
18708.678680419922
18674.788314819336
18930.36343383789
18722.651138305664
18165.886764526367
17906.427215576172
18209.1639251709
18238.822006225586
18297.36488342285
17694.800903320312
16594.991897583008
16008.658889770508
15831.254104614258
16167.365203857422
15973.050079345703
16064.648056030273
16098.514404296875
16493.295959472656
16638.228546142578
16597.359832763672
16254.722412109375
16189.904083251953
16157.54232788086
16118.225646972656
16478.376907348633
16774.078979492188
17263.768829345703
17653.845809936523
18183.4501953125
18142.91162109375
17637.21546936035
17051.73551940918
16279.356185913086
15540.421173095703
15233.86654663086
15179.681228637695
15303.380554199219
15924.426147460938
16171.633880615234
16349.600280761719
16368.587478637695
16203.276657104492
16379.202133178711
16369.043487548828
16290.384262084961
16262.460342407227
16003.241744995117
15738.97378540039
15676.873474121094
15539.964431762695
15891.103744506836
16108.94515991211
16145.418731689453
16189.680572509766
16042.48388671875
16089.658569335938
15689.792434692383
15544.961624145508
15448.47819519043
15129.772491455078
14361.442733764648
13925.337677001953
13572.778366088867
13498.397506713867
13593.310974121094
13561.437591552734
13905.759735107422
14073.745391845703
14457.613815307617
14625.144836425781
15089.279815673828
15785.427688598633
15952.649337768555
15753.787399291992
15450.463882446289
15198.494323730469
15158.415069580078
14717.734832763672
14398.593276977539
14204.921661376953
14077.291717529297
14212.149658203125
14634.170364379883
14686.841567993164
15328.308166503906
15449.48941040039
15269.377975463867
15058.904983520508
14418.05941772461
14161.319305419922
14072.075210571289
14027.645492553711
14168.635070800781
14321.714431762695
14317.702072143555
14697.658599853516
14632.303695678711
14390.642868041992
14174.614700317383
14094.907897949219
14074.23469543457
13997.102088928223
14210.464340209961
14257.985794067383
14251.875991821289
14573.39291381836
15056.643325805664
14691.636199951172
14357.226577758789
13867.866409301758
13118.057144165039
12564.209197998047
12058.466171264648
11760.633819580078
11836.209411621094
12154.188262939453
12392.842956542969
12912.856018066406
13383.086181640625
13580.227905273438
13784.771133422852
14374.588165283203
14233.041549682617
14264.843688964844
14715.778648376465
14672.048217773438
14244.948715209961
13809.120620727539
13311.65625
13156.1176071167
13069.27230834961
12812.188415527344
12868.235641479492
13013.277145385742
13033.4111328125
13084.375244140625
13412.962524414062
13320.064010620117
13313.537635803223
13435.202560424805
13478.955017089844
13752.232513427734
13602.27749633789
13448.14192199707
13470.30924987793
13300.482833862305
12988.186798095703
12839.311065673828
13052.922286987305
13146.0263671875
13307.589736938477
13133.292465209961
13331.345199584961
13417.017562866211
13357.906723022461
13263.205596923828
13580.484268188477
13787.365478515625
13710.840591430664
13289.522003173828
12365.72200012207
11896.671798706055
11351.231475830078
11147.851348876953
10833.647842407227
10772.686248779297
10915.00503540039
11364.202110290527
11892.880729675293
12268.308212280273
12442.226989746094
12590.616928100586
12639.179550170898
12849.840713500977
13196.454940795898
13261.006072998047
13349.724746704102
13200.361755371094
12946.379592895508
13005.447814941406
13422.887756347656
12990.795425415039
12551.674217224121
12335.69253540039
12028.592170715332
11829.090759277344
11759.127700805664
11823.98112487793
11861.892349243164
11877.36930847168
12135.341575622559
12428.736068725586
12855.415908813477
12944.679321289062
12953.262313842773
12665.649368286133
12296.44465637207
12161.481704711914
12071.197845458984
11920.086120605469
11698.837272644043
11546.660705566406
11655.622344970703
12151.682113647461
12615.4253616333
12693.766784667969
12659.572830200195
12440.531875610352
12181.63427734375
11921.76927947998
11482.673881530762
10922.768074035645
10505.76293182373
10819.241981506348
10774.492919921875
10824.337646484375
10850.58952331543
10864.472793579102
10913.180709838867
11184.648239135742
11360.548263549805
11671.133560180664
11894.165969848633
12253.124061584473
12483.699157714844
12682.435523986816
12549.347938537598
12231.11920928955
12074.529251098633
11752.041702270508
11788.463500976562
11588.9697265625
11775.774017333984
11556.883163452148
11338.165878295898
11285.357513427734
11194.182678222656
11522.263778686523
11558.3251953125
11533.40055847168
11522.944946289062
11706.881149291992
11883.10757446289
11878.200302124023
12054.492156982422
11851.208114624023
11451.436813354492
11592.215728759766
11412.014022827148
11160.325302124023
11260.155166625977
11381.563652038574
11489.681762695312
11386.658851623535
11560.266738891602
11532.76480102539
11628.287338256836
11651.11019897461
11591.129928588867
