cost:	
612003.4423828125
163737.77099609375
110543.6201171875
100741.78076171875
93695.07958984375
91291.1923828125
89278.10791015625
87573.55517578125
86210.09228515625
85083.16748046875
83145.89697265625
81736.09228515625
80173.30908203125
78458.20385742188
76738.49365234375
74878.884765625
72994.29711914062
71326.5625
69746.546875
67948.93041992188
66190.70483398438
64530.16650390625
62825.77880859375
61169.310302734375
59655.177001953125
58114.340087890625
56521.204345703125
54931.9560546875
53473.03869628906
51913.1328125
50531.42138671875
48978.355224609375
47549.45861816406
45938.070556640625
44581.64685058594
43045.57470703125
41739.44616699219
40293.912841796875
38898.24462890625
37556.49914550781
36285.85192871094
35063.24279785156
33755.18249511719
32494.385375976562
31319.76025390625
30112.511840820312
28897.844848632812
27845.863403320312
26721.6064453125
25699.495483398438
24696.2998046875
23738.61181640625
22811.941162109375
21917.2763671875
21091.249145507812
20315.21630859375
19464.803588867188
18696.705017089844
17930.60546875
17220.566467285156
16547.640991210938
15875.156616210938
15187.699401855469
14573.704467773438
13976.723815917969
13397.528198242188
12851.891357421875
12307.812744140625
11827.516235351562
11333.024536132812
10837.901275634766
10406.09634399414
9957.244995117188
9532.612579345703
9132.272521972656
8736.516906738281
8388.878875732422
8050.439910888672
7691.888488769531
7391.7113037109375
7070.67626953125
6761.040466308594
6486.109893798828
6201.2998046875
5945.035125732422
5712.0311279296875
5465.056121826172
5240.24169921875
5028.061950683594
4813.299041748047
4614.747619628906
4413.7291259765625
4231.1806640625
4055.77099609375
3903.1856994628906
3744.7212982177734
3599.1548614501953
3474.893585205078
3315.743621826172
3198.043487548828
3042.0288696289062
2929.5102157592773
2806.581039428711
2697.690475463867
2604.3164978027344
2503.343376159668
2418.529739379883
2329.4883728027344
2241.022476196289
2153.312240600586
2079.643783569336
2005.1387786865234
1930.8002700805664
1857.5862426757812
1793.859230041504
1734.4650802612305
1678.9542999267578
1619.989387512207
1555.9213409423828
1510.482551574707
1449.9358673095703
1400.9884948730469
1355.4120483398438
1307.4325408935547
1267.0100708007812
1232.4376220703125
1186.5130310058594
1145.7329711914062
1125.4066467285156
1085.961441040039
1052.9081802368164
1019.5443496704102
990.0188293457031
958.585090637207
933.3130722045898
904.5417327880859
884.1089782714844
861.4314956665039
838.8447380065918
836.408821105957
808.770450592041
784.1635704040527
757.6825332641602
753.5536918640137
733.0370101928711
716.3066635131836
706.3366050720215
691.7573852539062
678.5296249389648
656.323657989502
652.0993385314941
621.2601509094238
600.2002067565918
593.7405662536621
570.5539283752441
562.5751991271973
546.3724784851074
549.8761253356934
530.0501899719238
525.7175827026367
514.0397567749023
504.4546928405762
498.9391555786133
496.40618896484375
488.1752014160156
485.1610794067383
491.6030807495117
490.3965873718262
476.7351531982422
468.4904022216797
464.53930282592773
465.42721939086914
468.3386344909668
446.9820556640625
449.7749252319336
438.4352493286133
428.1290626525879
418.92139434814453
410.3984832763672
405.4806098937988
402.14376068115234
401.89637756347656
403.41315841674805
392.1216354370117
389.9378242492676
388.6062660217285
391.6403350830078
386.3518409729004
391.96931648254395
387.8763122558594
394.19987869262695
387.4371223449707
383.68250846862793
371.527889251709
368.9722366333008
363.17149543762207
362.56814193725586
355.93375396728516
352.0441703796387
348.5646209716797
345.5171413421631
356.5697135925293
355.6748847961426
368.52780532836914
352.56266593933105
364.1718559265137
345.2221431732178
334.6218509674072
345.78300857543945
323.3195095062256
320.6116065979004
325.6192817687988
335.81811141967773
334.9061527252197
339.77949714660645
337.63953399658203
338.82094383239746
340.80114555358887
351.9480457305908
353.6436424255371
364.71033668518066
373.35007095336914
361.51292610168457
356.19641494750977
361.95401763916016
380.9052200317383
378.8646411895752
380.15711975097656
409.14696311950684
414.95594787597656
413.709774017334
417.18505096435547
430.33983612060547
462.66471672058105
422.86561393737793
406.02574729919434
410.9985942840576
404.11862564086914
391.7818374633789
405.08666610717773
412.02062606811523
419.57017517089844
424.731689453125
415.07733726501465
403.96746826171875
389.85536193847656
400.47388076782227
382.0270080566406
380.44800567626953
361.52978515625
359.1971073150635
357.4839668273926
342.3092956542969
334.96943855285645
341.6893730163574
330.8270664215088
325.6190662384033
324.1013946533203
331.73571014404297
323.30809020996094
317.17640113830566
312.3939380645752
312.7712707519531
321.9974250793457
311.30773162841797
312.35405921936035
323.49701499938965
322.1835250854492
317.5359859466553
323.91420555114746
319.2610034942627
320.2200736999512
323.8311653137207
352.00482749938965
357.69153594970703
360.61362075805664
397.2892265319824
376.9556179046631
387.2212257385254
380.84462547302246
389.7944030761719
381.98366928100586
365.5850257873535
371.8601531982422
394.0397415161133
387.3062858581543
395.2220802307129
377.6983127593994
374.89087295532227
378.8912048339844
366.5137634277344
378.2678031921387
363.2397918701172
350.52425384521484
351.4784965515137
356.17211532592773
342.7805633544922
338.60780143737793
336.8357963562012
335.94907569885254
342.5395984649658
335.2837505340576
333.167236328125
328.4754219055176
364.7842311859131
364.26136589050293
344.64165115356445
335.1493492126465
330.89638328552246
321.98232650756836
318.3548011779785
311.103235244751
315.44841957092285
308.70203018188477
304.6250591278076
306.18737983703613
312.20622634887695
342.3519687652588
367.1995143890381
364.98143196105957
371.3484935760498
398.5024185180664
395.89191818237305
387.77988052368164
359.26718521118164
342.9929943084717
336.9393367767334
350.74488639831543
332.80261039733887
325.46418952941895
311.93614196777344
306.7939033508301
304.7003364562988
310.08384704589844
294.6808261871338
309.4602642059326
298.8756675720215
300.85929107666016
293.3712520599365
293.0043659210205
285.59116554260254
294.99547958374023
306.61676597595215
310.9807662963867
327.4043731689453
315.32145500183105
312.5303592681885
344.1413402557373
357.7389850616455
376.54513359069824
396.7245445251465
392.05688858032227
348.77238273620605
338.16687965393066
328.7416934967041
320.4675827026367
329.7353572845459
323.34149742126465
313.6882858276367
314.38450622558594
304.9143981933594
302.2251739501953
291.7817668914795
286.2551746368408
286.3957462310791
291.64943504333496
300.9556999206543
318.20537757873535
326.5798873901367
328.50268745422363
324.5017147064209
334.5910339355469
356.5936756134033
385.2318420410156
399.2001323699951
399.0478744506836
405.3528022766113
387.19425201416016
378.91723823547363
373.8468894958496
375.369873046875
380.5691909790039
392.66113662719727
379.0775547027588
374.32641220092773
361.0201835632324
373.38251876831055
390.81231689453125
424.7147979736328
447.04608154296875
429.8983974456787
416.9905033111572
413.8379096984863
428.1294593811035
412.29889488220215
372.10230255126953
357.21557998657227
342.38154220581055
351.8609619140625
322.6483860015869
