cost:	
616701.927734375
187089.6435546875
118480.15478515625
91169.119140625
75698.36547851562
65371.81298828125
57651.797607421875
50846.3564453125
45120.7412109375
40126.972412109375
35570.88659667969
31684.970092773438
28149.240966796875
24975.743774414062
22236.282470703125
19890.08984375
17733.032958984375
15874.925231933594
14253.200073242188
12692.421325683594
11655.081085205078
10403.074401855469
9346.320892333984
8494.39501953125
7705.905242919922
6897.584411621094
6325.922210693359
5697.086715698242
5384.574081420898
4903.150909423828
4610.6712646484375
4547.468444824219
4766.631164550781
4432.82096862793
3971.9494018554688
3557.649459838867
3297.1146697998047
3185.4195709228516
3065.137191772461
2815.7560958862305
2518.389503479004
2263.207176208496
2162.272232055664
1842.2648391723633
1830.8301086425781
1703.074577331543
1713.3770141601562
1576.3749504089355
1459.9071807861328
1338.1165466308594
