cost:	
594206.53125
176501.2060546875
119229.14453125
107804.79345703125
99584.0888671875
96593.7626953125
94982.44287109375
93257.0390625
91676.17431640625
90251.59252929688
88509.50634765625
86947.38159179688
85108.6796875
83440.49462890625
81628.86865234375
80015.140625
78150.701171875
76325.521484375
74704.1279296875
72873.94995117188
71523.828125
69857.91748046875
68104.24658203125
66498.40795898438
65072.38720703125
63323.356689453125
61833.2255859375
60320.66943359375
58884.0615234375
57420.665283203125
55824.306640625
54415.336669921875
53033.63134765625
51670.89697265625
50347.043701171875
48903.69873046875
47608.87841796875
46299.311767578125
45095.942138671875
43759.14306640625
42551.189453125
41325.66015625
40109.64697265625
38966.2373046875
37822.939453125
36857.31787109375
35788.67041015625
34765.25598144531
33812.281005859375
32850.252685546875
31975.39794921875
31133.243408203125
30326.578857421875
29573.468872070312
28801.47509765625
28097.491821289062
27404.819091796875
26730.537841796875
26079.791259765625
25499.29150390625
24934.0732421875
24357.015869140625
23855.111572265625
23310.922119140625
22863.997802734375
22396.566650390625
21918.19775390625
21491.869384765625
21059.035400390625
20635.24658203125
20249.934326171875
19868.96240234375
19511.573974609375
19193.477294921875
18847.918823242188
18555.919921875
18253.586669921875
17961.218627929688
17699.110229492188
17465.839477539062
17254.802612304688
17009.127685546875
16714.00830078125
16490.702270507812
16301.418701171875
16115.150634765625
15872.917602539062
15688.378540039062
15483.544555664062
15315.042846679688
15153.839477539062
15010.837524414062
14842.248901367188
14678.426635742188
14510.426879882812
14371.218017578125
14274.223876953125
14096.734008789062
13950.5087890625
13805.908081054688
13672.449096679688
13566.055297851562
13455.754516601562
13346.471923828125
13240.9794921875
13151.833129882812
13082.328735351562
13012.188598632812
12931.471557617188
12864.241821289062
12795.463500976562
12734.178955078125
12693.348266601562
12750.7353515625
12680.001342773438
12577.644653320312
12527.785766601562
12427.570434570312
12269.000244140625
12136.704223632812
12033.099487304688
11933.848754882812
11871.11767578125
11801.182250976562
11723.165161132812
11669.271911621094
11601.014221191406
11554.050537109375
11511.2041015625
11457.980285644531
11416.629638671875
11354.804626464844
11329.432678222656
11284.955200195312
11283.521118164062
11229.715698242188
11180.188110351562
11148.596008300781
11166.546997070312
11267.575744628906
11312.353698730469
11277.772277832031
11289.456359863281
11180.094543457031
11123.122131347656
11022.902099609375
10937.357727050781
10931.757934570312
10948.544555664062
10891.978942871094
10738.185302734375
10672.467895507812
10595.106689453125
10572.53662109375
10533.220031738281
10498.473510742188
10462.02294921875
10424.141906738281
10399.434326171875
10375.161743164062
10356.935119628906
10358.975891113281
10336.099609375
10302.156921386719
10274.792663574219
10251.662170410156
10238.37744140625
10243.732116699219
10207.3935546875
10177.52587890625
10154.859069824219
10136.287719726562
10136.631042480469
10187.461547851562
10211.563171386719
10206.383972167969
10241.64501953125
10280.399841308594
10374.055908203125
10407.85498046875
10506.442016601562
10441.971252441406
10376.038879394531
10215.110229492188
10045.670715332031
9938.197082519531
9902.342224121094
9898.931091308594
9922.665466308594
9950.518432617188
9910.1689453125
9846.677856445312
9816.794982910156
9764.677429199219
9746.205505371094
9731.741088867188
9701.647094726562
9700.485107421875
9661.710815429688
9638.817504882812
9622.72412109375
9597.522521972656
9581.701843261719
9575.407775878906
9564.093566894531
9563.70263671875
9574.285827636719
9602.184448242188
9618.157348632812
9619.43115234375
9576.894775390625
9582.271057128906
9553.590026855469
9541.543334960938
9531.88916015625
9536.577758789062
9508.846130371094
9501.701538085938
9506.676513671875
9484.269897460938
9470.383911132812
9467.998718261719
9505.609558105469
9519.213745117188
9508.446350097656
9519.597106933594
9576.489868164062
9550.214538574219
9506.835754394531
9429.698303222656
9407.634643554688
9410.684875488281
9390.729553222656
9376.405334472656
9371.983276367188
9437.083251953125
9480.922241210938
9405.006958007812
9347.81201171875
9321.048522949219
9314.323974609375
9326.780395507812
9298.603637695312
9289.662353515625
9260.111450195312
9280.3154296875
9328.362915039062
9405.45263671875
9384.739990234375
9426.501159667969
9360.504516601562
9270.135803222656
9267.160522460938
9251.665405273438
9266.8798828125
9218.939208984375
9203.471740722656
9163.709228515625
9126.620178222656
9113.985473632812
9100.940734863281
9104.449279785156
9134.246398925781
9105.987976074219
9082.025268554688
9042.647521972656
9033.316711425781
9030.171569824219
9014.4912109375
9048.050476074219
9115.524597167969
9219.490173339844
9240.3544921875
9214.137634277344
9141.175170898438
9117.967590332031
9087.448181152344
9055.101501464844
9020.126037597656
9025.595275878906
9075.355285644531
9148.563842773438
9177.664794921875
9166.574523925781
9159.305603027344
9117.341247558594
9071.669128417969
9040.108093261719
9026.328369140625
8959.8876953125
8964.411499023438
8953.53369140625
8933.018005371094
8971.740600585938
8956.29931640625
8915.255004882812
8927.773986816406
8973.351623535156
9128.844970703125
9117.136535644531
9056.306823730469
9030.331970214844
8989.022094726562
8946.743835449219
8947.239990234375
8913.516479492188
8857.360961914062
8819.422546386719
8807.752258300781
8804.216430664062
8799.379028320312
8791.629699707031
8824.429931640625
8812.239868164062
8808.624633789062
8828.445068359375
8834.657775878906
8820.752624511719
8885.361938476562
8911.636047363281
9008.298522949219
9320.168090820312
9463.8193359375
9696.52978515625
9498.711853027344
9477.376220703125
9261.788696289062
9049.8828125
9017.805847167969
8980.298400878906
8939.559265136719
8872.348876953125
8802.242248535156
8754.762573242188
8731.304321289062
8713.424438476562
8690.469177246094
8677.387634277344
8671.5
8664.640869140625
8668.962707519531
8664.956237792969
8661.38037109375
8644.563232421875
8653.135070800781
8656.864685058594
8649.10791015625
8641.363403320312
8636.521240234375
8662.731750488281
8663.528442382812
8677.552429199219
8662.163024902344
8652.603149414062
8661.887939453125
8685.140930175781
8689.096984863281
8671.646850585938
8664.922729492188
8656.615234375
8637.662353515625
8639.38623046875
8725.556396484375
8944.41943359375
9239.093200683594
9212.18115234375
9135.068908691406
9034.044311523438
8969.356628417969
8820.682983398438
8679.798095703125
8648.241943359375
8618.003967285156
8610.528076171875
8599.894165039062
8577.398132324219
8558.795043945312
8565.680786132812
8545.060913085938
8552.040344238281
8561.658935546875
8544.685729980469
8543.073425292969
8540.986877441406
8545.389892578125
8555.919250488281
8549.859985351562
8567.051452636719
8554.786437988281
8552.418640136719
8549.79541015625
8555.615478515625
8574.08447265625
8567.224914550781
8596.707885742188
8575.934875488281
8587.889953613281
8649.371337890625
8745.294738769531
8772.504089355469
