cost:	
644288.974609375
151627.77490234375
126181.56396484375
103477.03515625
96820.62109375
93658.24658203125
92168.1337890625
90798.80126953125
89853.6474609375
88916.39599609375
87941.236328125
86823.99609375
85729.7412109375
84402.75732421875
82815.19677734375
81801.04077148438
80074.59716796875
78531.92822265625
77142.60473632812
75479.56469726562
74021.34399414062
72415.22412109375
70922.27880859375
69454.458984375
67931.65576171875
66668.99243164062
65250.25634765625
63835.322998046875
62519.174072265625
61303.2919921875
60048.62841796875
58684.230224609375
57473.21142578125
56375.512939453125
55106.08056640625
53913.987060546875
52612.390625
51512.033203125
50193.866943359375
49144.5341796875
47991.3984375
46870.041259765625
45703.21728515625
44605.0732421875
43463.582275390625
42410.50048828125
41245.30017089844
40226.6064453125
39126.486328125
38116.525146484375
36987.26428222656
35968.19616699219
35028.678466796875
34132.87072753906
33190.490966796875
32286.433349609375
31388.046142578125
30481.060546875
29612.990356445312
28781.54443359375
27945.547729492188
27143.449462890625
26320.855712890625
25506.546020507812
24715.883666992188
24044.799194335938
23260.113159179688
22571.544067382812
21897.566162109375
21262.529663085938
20568.572021484375
19947.770141601562
19339.031127929688
18738.65789794922
18162.062927246094
17632.190368652344
17083.195190429688
16572.198974609375
16022.231811523438
15530.359741210938
15075.004943847656
14590.262817382812
14172.226196289062
13739.347045898438
13344.882873535156
12932.220458984375
12518.910278320312
12150.913818359375
11779.632934570312
11415.565979003906
11095.31591796875
10757.29150390625
10445.494689941406
10148.644653320312
9869.518432617188
9560.585327148438
9269.238647460938
9021.888427734375
8755.144897460938
8510.425811767578
8266.6748046875
8042.5699462890625
7835.738952636719
7641.462463378906
7435.458740234375
7235.298980712891
7048.66650390625
6872.129241943359
6699.600341796875
6516.305725097656
6352.142639160156
6198.97802734375
6053.9537353515625
5903.8919677734375
5767.277862548828
5638.395843505859
5500.185516357422
5378.143310546875
5269.959045410156
5135.6112060546875
5071.137054443359
4950.430511474609
4824.3514404296875
4734.300231933594
4626.119171142578
4518.315979003906
4426.060791015625
4345.548828125
4254.471374511719
4177.186767578125
4101.783538818359
4025.5416259765625
3946.0496215820312
3872.1974487304688
3818.447509765625
3742.933120727539
3684.4574279785156
3619.0482482910156
3563.781982421875
3498.2508239746094
3445.0252075195312
3379.7633361816406
3335.5046997070312
3285.258056640625
3240.4850158691406
3189.9990997314453
3146.0582580566406
3098.6448364257812
3051.84326171875
3010.2564849853516
2967.5464782714844
2926.381088256836
2887.5568084716797
2855.7311248779297
2823.1812286376953
2791.5647583007812
2764.888671875
2730.1019897460938
2706.0394897460938
2692.732208251953
2653.2986755371094
2646.0760192871094
2621.8197326660156
2595.769287109375
2586.3485412597656
2558.167678833008
2518.929473876953
2488.9212036132812
2468.2313537597656
2445.5020294189453
2421.8802032470703
2400.4469451904297
2374.7319946289062
2350.3496704101562
2330.1222229003906
2314.375930786133
2302.338150024414
2277.122116088867
2257.102020263672
2238.967300415039
2222.4324340820312
2211.3201599121094
2202.4501342773438
2193.7345275878906
2189.2403411865234
2176.927261352539
2158.9086151123047
2152.7304077148438
2127.6454315185547
2138.580825805664
2112.782180786133
2103.5032653808594
2091.1956939697266
2074.883102416992
2074.3871459960938
2070.5325927734375
2065.5928955078125
2097.164016723633
2150.1959381103516
2145.4742279052734
2201.8973236083984
2158.167037963867
2097.1866302490234
2071.3585205078125
2015.1832427978516
1981.388671875
1962.710433959961
1945.2874298095703
1936.714614868164
1921.0001678466797
1910.2843475341797
1896.1138305664062
1880.4844665527344
1871.7362518310547
1861.222885131836
1847.7908325195312
1843.8065643310547
1838.2060852050781
1830.1877136230469
1821.7237854003906
1816.7185821533203
1810.2612609863281
1804.134765625
1807.2130584716797
1803.5424194335938
1827.5770263671875
1802.3677368164062
1800.110610961914
1795.9332885742188
1795.1736297607422
1806.9908905029297
1828.545425415039
1838.685287475586
1837.4398345947266
1838.7351837158203
1893.4637145996094
1923.8582763671875
1963.1648864746094
1950.9805297851562
1916.0809478759766
1879.5838165283203
1850.4916381835938
1825.623291015625
1791.7925109863281
1773.6992645263672
1752.9043884277344
1734.4396209716797
1730.781753540039
1729.3729553222656
1721.301025390625
1728.1466064453125
1731.7120666503906
1714.6569366455078
1691.623519897461
1677.307876586914
1669.4810333251953
1661.721694946289
1661.2975616455078
1653.3292694091797
1640.9475402832031
1637.8318176269531
1639.6304779052734
1643.9672088623047
1661.8180389404297
1686.3544616699219
1677.4041748046875
1657.8885650634766
1651.2004089355469
1637.632797241211
1636.4466552734375
1628.4546966552734
1634.4588928222656
1631.6726379394531
1628.7076110839844
1627.050277709961
1629.3467559814453
1626.8197784423828
1625.9779357910156
1628.9745635986328
1649.426254272461
1710.886962890625
1830.8104400634766
1972.1570434570312
2100.076171875
2048.291290283203
1955.3475189208984
1833.8092193603516
1755.7416229248047
1705.8874816894531
1665.7231140136719
1660.3021850585938
1661.295669555664
1657.0838623046875
1661.4392395019531
1637.1240997314453
1610.4908752441406
1603.1187286376953
1583.9419708251953
1570.31396484375
1555.1431427001953
1549.7615051269531
1543.5086669921875
1549.7078399658203
1556.5021209716797
1561.1261901855469
1568.7009887695312
1575.1955261230469
1577.2991485595703
1581.0876159667969
1570.7115783691406
1542.2346649169922
1525.5213623046875
1528.2555236816406
1523.3533630371094
1502.7450866699219
1494.6298065185547
1489.338119506836
1486.2203826904297
1480.8321380615234
1485.3627166748047
1484.2626190185547
1475.6970672607422
1470.0742797851562
1472.8059844970703
1472.1122131347656
1471.9041290283203
1473.7934112548828
1470.873779296875
1468.3074188232422
1482.0338592529297
1491.5346374511719
1496.7468719482422
1513.9393920898438
1553.2787780761719
1591.494644165039
1646.9153137207031
1774.1878814697266
1801.9913787841797
1813.3717346191406
1820.3664093017578
1734.6158752441406
1636.0149383544922
1591.0094299316406
1560.7955780029297
1544.991683959961
1519.1326599121094
1495.2653198242188
1481.4864196777344
1466.2567443847656
1448.537857055664
1438.360107421875
1423.585189819336
1420.3083190917969
1417.6132507324219
1409.991958618164
1408.2141571044922
1403.4967956542969
1398.8253784179688
1408.79833984375
1401.9700317382812
1398.6358032226562
1394.464828491211
1394.0963745117188
1394.0005340576172
1387.3588562011719
1387.7340698242188
1389.4141235351562
1389.905029296875
1388.0677337646484
1383.828857421875
1388.4119110107422
1387.236572265625
1389.0294494628906
1395.812973022461
1413.0736389160156
1422.4181518554688
1418.509033203125
1421.497573852539
1439.6211547851562
1462.5016479492188
1504.8152618408203
1575.246353149414
1617.1700744628906
1686.1932678222656
1725.706283569336
1632.5453643798828
1590.9915618896484
1566.533920288086
1533.0538482666016
1528.5333099365234
1486.4959411621094
1478.1210327148438
1443.4505920410156
1446.8720703125
1441.8971252441406
1430.106430053711
1433.1139068603516
1433.555191040039
1432.9049377441406
1423.4158325195312
