cost:	
1235052.73828125
1232997.46484375
1231698.49609375
1231022.21875
1230590.56640625
1230254.1171875
1229966.515625
1229716.98046875
1229490.5234375
1229302.3671875
1229175.953125
1229069.45703125
1228978.65234375
1228914.50390625
1228859.125
1228810.12890625
1228762.90234375
1228714.328125
1228669.375
1228638.64453125
1228614.71875
1228594.4140625
1228577.2734375
1228562.31640625
1228550.265625
1228538.81640625
1228527.9765625
1228518.3828125
1228509.51171875
1228502.16015625
1228496.43359375
1228489.06640625
1228483.53515625
1228479.0703125
1228474.4375
1228470.78515625
1228467.74609375
1228464.9921875
1228461.53125
1228458.74609375
1228454.0625
1228451.234375
1228447.7421875
1228444.89453125
1228442.1953125
1228439.4453125
1228437.359375
1228434.953125
1228433.40234375
1228431.1328125
