cost:	
598608.541015625
164018.56103515625
112008.03271484375
100935.73681640625
93806.57788085938
90902.798828125
89287.8740234375
87502.74365234375
86177.3193359375
84671.11474609375
82679.93725585938
81014.76904296875
79238.04760742188
77303.89038085938
75429.13208007812
73395.25610351562
71506.0693359375
69814.64672851562
67952.19677734375
66243.22387695312
64718.6953125
63047.83349609375
61393.948974609375
59872.3125
58297.591064453125
56594.334716796875
55086.33581542969
53528.307861328125
52078.60400390625
50570.368408203125
48956.122802734375
47525.757080078125
46071.857666015625
44604.45458984375
43266.602783203125
41816.36315917969
40295.014404296875
38993.496337890625
37612.18615722656
36270.74755859375
35008.78283691406
33662.726806640625
32391.096313476562
31152.984375
29942.272705078125
28825.385864257812
27697.45556640625
26541.43096923828
25466.480346679688
24435.458129882812
23420.243408203125
22455.9453125
21557.987548828125
20680.648071289062
19841.046264648438
19067.062377929688
18324.426818847656
17530.00946044922
16758.574645996094
16046.9970703125
15355.896789550781
14732.980041503906
14119.778686523438
13524.605834960938
12988.88134765625
12416.65380859375
11882.79296875
11389.003875732422
10917.629516601562
10437.088104248047
9982.413665771484
9552.274047851562
9153.109100341797
8780.838897705078
8376.51171875
7998.686553955078
7670.806304931641
7349.708770751953
7015.464294433594
6775.818878173828
6424.767364501953
6121.072662353516
5861.553558349609
5596.424499511719
5360.211639404297
5136.616989135742
4898.142929077148
4685.95068359375
4468.856857299805
4280.454650878906
4089.3055267333984
3921.218490600586
3747.7935180664062
3589.1209716796875
3427.4091033935547
3276.484603881836
3131.96199798584
3000.9153747558594
2871.2843170166016
2743.4992294311523
2615.0271377563477
2502.6793365478516
2399.239845275879
2296.366180419922
2204.1416244506836
2102.0779342651367
2016.5052795410156
1929.772964477539
1846.9793548583984
1777.9536819458008
1702.392349243164
1629.6316528320312
1563.736701965332
1493.339958190918
1426.2620086669922
1377.0149154663086
1318.081787109375
1267.042121887207
1219.9196166992188
1166.6533012390137
1116.587215423584
1073.157859802246
1027.387191772461
986.0158004760742
947.314453125
910.9522018432617
873.2572708129883
838.5933494567871
800.6181297302246
770.1562309265137
741.9768218994141
709.2063617706299
685.0188064575195
656.9786758422852
629.2082576751709
609.2036991119385
594.551420211792
567.2062282562256
550.3278465270996
523.8836479187012
523.3281078338623
486.6689224243164
475.01317596435547
450.6859321594238
438.0287227630615
425.089204788208
405.3065872192383
393.7318286895752
379.60513496398926
372.6733283996582
354.8358974456787
353.8715476989746
361.4730682373047
349.05286693573
351.22189712524414
335.06628608703613
318.4196548461914
298.0550956726074
295.4394187927246
275.477014541626
271.028226852417
262.58752822875977
260.4174928665161
248.93077564239502
244.2764492034912
243.69879341125488
234.99074363708496
221.8565273284912
214.20774364471436
209.13406467437744
202.4370880126953
198.12209606170654
190.30780410766602
183.79021072387695
167.3390007019043
161.49445343017578
161.8989019393921
152.55980968475342
154.58219814300537
155.94338989257812
156.4277148246765
158.3323211669922
144.49446773529053
164.07507801055908
151.62708568572998
148.1922574043274
156.99053287506104
143.34231281280518
129.52825164794922
124.73692512512207
127.14643430709839
131.7358274459839
140.80765533447266
151.22251892089844
152.08981227874756
158.04650497436523
155.47545433044434
169.98947715759277
168.7368049621582
164.36461448669434
