cost:	
1230326.37890625
1217938.47265625
1205534.5
1192955.44921875
1179924.06640625
1167122.60546875
1154366.9140625
1141823.46875
1129786.109375
1117565.9453125
1105926.15234375
1094380.15625
1082820.83984375
1071605.6171875
1060606.09765625
1049599.8125
1038674.359375
1028070.7109375
1017484.671875
1007119.1484375
996626.91015625
986463.9765625
976248.140625
966231.55859375
956375.93359375
946538.796875
936633.09765625
927090.76953125
917524.48828125
907998.87890625
898819.7109375
889358.0
880261.92578125
871058.8671875
862053.755859375
853135.18359375
844227.3515625
835469.99609375
826694.01953125
818292.14453125
809561.62890625
801227.74609375
792771.9609375
784477.2265625
776293.52734375
768180.986328125
760144.265625
752030.92578125
744173.8125
736299.94140625
728685.25
721358.603515625
713881.7109375
706649.6171875
699537.90625
692348.927734375
685293.41796875
678312.111328125
671349.23046875
664510.5234375
657639.30078125
651036.0
644193.759765625
637574.982421875
631048.109375
624558.884765625
618038.576171875
611770.15625
605386.021484375
599120.671875
592870.978515625
586721.53515625
580683.953125
574599.728515625
568653.826171875
562725.884765625
556897.5078125
550985.75
545303.275390625
539627.578125
533946.916015625
528393.119140625
522857.966796875
517287.421875
511961.267578125
506478.880859375
501261.193359375
495933.05859375
490768.326171875
485547.318359375
480491.734375
475471.5078125
470363.259765625
465447.27734375
460489.439453125
455688.830078125
450879.03515625
446095.421875
441374.5205078125
436676.62890625
432154.861328125
427814.166015625
423409.5390625
419160.642578125
414864.8671875
410665.046875
406457.626953125
402390.7421875
398262.4873046875
394168.23046875
390190.607421875
386173.142578125
382298.810546875
378418.412109375
374571.193359375
370694.56640625
367020.2109375
363242.103515625
359492.97265625
355904.9033203125
352253.0546875
348679.0458984375
345125.384765625
341632.6123046875
338171.849609375
334749.0546875
331326.08984375
327957.916015625
324620.8388671875
321312.978515625
318066.90234375
314811.2509765625
311573.0537109375
308400.99609375
305272.107421875
302136.7705078125
299042.0126953125
295934.521484375
292931.349609375
289941.326171875
286967.1337890625
284037.619140625
281155.5087890625
278282.6318359375
275421.9560546875
272644.6376953125
269914.75
267167.5234375
264458.578125
261815.6376953125
259217.0517578125
256727.5341796875
254267.73828125
251825.646484375
249393.5380859375
247053.55712890625
244689.9306640625
242372.3408203125
240077.248046875
237799.431640625
235574.162109375
233369.2412109375
231174.2109375
228985.728515625
226891.5615234375
224759.9453125
222694.5146484375
220642.1162109375
218598.2841796875
216613.59375
214636.9873046875
212675.4453125
210738.5673828125
208849.333984375
206930.4755859375
205090.56640625
203272.7763671875
201443.9248046875
199683.7939453125
197888.669921875
196183.64990234375
194425.994140625
192743.359375
191091.96240234375
189425.6025390625
187781.6552734375
186172.9677734375
184602.30029296875
183014.9990234375
181486.2578125
179962.0556640625
178454.5126953125
176964.3408203125
175501.779296875
174050.212890625
172652.96533203125
171252.3154296875
169837.86328125
168475.1728515625
167138.138671875
165820.14794921875
164574.3095703125
163327.255859375
162112.84521484375
160891.5810546875
159720.30908203125
158533.97216796875
157369.35791015625
156217.50537109375
155106.12890625
153984.177734375
152904.140625
151801.76953125
150745.09716796875
149695.31689453125
148659.62158203125
147638.04736328125
146625.06298828125
145628.83544921875
144643.18505859375
143694.25537109375
142728.76611328125
141793.736328125
140882.53759765625
139963.8623046875
139071.3623046875
138183.625
137312.19775390625
136451.9189453125
135613.3818359375
134774.94580078125
133951.390625
133146.6572265625
132355.708984375
131555.43798828125
130800.52294921875
130026.3681640625
129274.5283203125
128557.384765625
127822.9638671875
127112.35791015625
126409.923828125
125715.9765625
125033.49609375
124369.1005859375
123706.18212890625
123051.34814453125
122431.34375
121782.6123046875
121176.50244140625
120583.96875
120001.57958984375
119434.39794921875
118879.96240234375
118331.66796875
117790.61865234375
117265.46533203125
116746.966796875
116225.43603515625
115721.0517578125
115221.43701171875
114743.111328125
114255.37890625
113780.55419921875
113313.17919921875
112852.16748046875
112401.28857421875
111963.77001953125
111525.498046875
111090.8896484375
110680.58642578125
110250.46435546875
109826.98291015625
109424.98486328125
109025.119140625
108636.60400390625
108258.86474609375
107883.09423828125
107513.21142578125
107148.4912109375
106793.8916015625
106444.216796875
106097.2529296875
105760.5048828125
105432.705078125
105102.84912109375
104787.822265625
104457.72607421875
104129.34375
103826.13793945312
103527.25708007812
103234.47827148438
102943.2333984375
102650.1044921875
102384.03271484375
102102.896484375
101836.34521484375
101577.37646484375
101316.8291015625
101065.76879882812
100814.60302734375
100587.7265625
100360.03955078125
100136.6748046875
99912.072265625
99697.76416015625
99489.48706054688
99275.1318359375
99068.353515625
98873.19091796875
98670.1015625
98482.8017578125
98293.7705078125
98109.173828125
97920.17456054688
97745.10498046875
97568.1015625
97392.01025390625
97222.27783203125
97058.3134765625
96900.5205078125
96733.28369140625
96582.84423828125
96429.57568359375
96279.923828125
96129.57885742188
95985.65625
95845.7841796875
95704.11669921875
95567.89892578125
95429.26318359375
95300.21142578125
95172.89306640625
95047.5927734375
94927.2666015625
94802.52270507812
94682.69189453125
94571.99609375
94451.0546875
94339.01220703125
94232.0107421875
94121.72607421875
94019.072265625
93920.61474609375
93820.38427734375
93723.70385742188
93627.65673828125
93535.240234375
93443.828125
93356.77978515625
93268.0166015625
93188.36572265625
93105.64599609375
93028.5576171875
92953.73974609375
92876.5693359375
92805.30126953125
92729.33813476562
92659.93579101562
92592.10986328125
92519.05810546875
92456.607421875
92388.60180664062
92327.0693359375
92264.89013671875
92204.8466796875
92145.50244140625
92087.9521484375
92029.6484375
91973.8876953125
91917.15576171875
91862.53930664062
91806.19140625
91751.15185546875
91708.44799804688
91656.95361328125
91603.61938476562
91558.00341796875
91508.18286132812
91462.35498046875
91414.45166015625
91368.802734375
91326.654296875
91280.568359375
91232.33471679688
91189.22827148438
91150.71875
91114.80029296875
91074.0576171875
91037.1923828125
91001.84814453125
90964.1357421875
90926.68481445312
90890.73120117188
90853.30639648438
90818.0703125
90780.23779296875
90746.28759765625
90704.8017578125
90670.95874023438
