cost:	
1224094.84375
1152647.20703125
1079196.80078125
1010230.19140625
946611.25390625
886193.87109375
830026.109375
777487.9140625
728067.341796875
681878.54296875
639329.607421875
597874.939453125
560085.509765625
524967.171875
491718.796875
460667.37890625
431744.712890625
404750.240234375
380268.3203125
356274.6796875
334859.01953125
314524.5361328125
296048.9775390625
278591.990234375
263085.9501953125
248001.2744140625
234269.306640625
221896.6337890625
210268.51171875
199754.46484375
190066.9326171875
181168.1845703125
172964.044921875
165595.1787109375
158729.92578125
152556.31884765625
146949.0966796875
141830.5947265625
137115.33984375
132961.7392578125
129067.3310546875
125676.9716796875
122548.142578125
119689.40283203125
117207.1953125
114919.02001953125
112856.34912109375
111044.32666015625
109375.7470703125
107881.87158203125
106581.8759765625
105464.1552734375
104421.8369140625
103540.86572265625
102697.48828125
101991.99853515625
101315.44189453125
100729.546875
100234.26708984375
99765.6328125
99349.5703125
98982.0166015625
98660.46240234375
98355.77587890625
98112.884765625
97874.349609375
97677.5087890625
97498.6435546875
97338.15234375
97193.3095703125
97072.39501953125
96959.8330078125
96860.3095703125
96773.0986328125
96695.095703125
96624.84326171875
96563.40234375
96509.67529296875
96457.3056640625
96414.09375
96378.31103515625
96336.5107421875
96310.74926757812
96277.62158203125
96252.5390625
96228.20043945312
96205.17626953125
96182.9111328125
96167.32568359375
96147.2880859375
96128.8408203125
96115.001953125
96101.619140625
96088.3330078125
96066.52905273438
96059.791015625
96038.2958984375
96025.5517578125
96009.7333984375
95995.826171875
95984.2822265625
95971.44482421875
95958.994140625
95942.61279296875
95929.9482421875
95914.6572265625
95908.333984375
95888.466796875
95874.88134765625
95862.68310546875
95841.9619140625
95819.8203125
95800.95361328125
95775.7724609375
95744.7021484375
95717.24536132812
95685.9658203125
95637.421875
95607.5712890625
95579.62841796875
95551.08642578125
95512.65966796875
95467.416015625
95343.833984375
95250.80859375
95021.25341796875
94086.7470703125
93584.10205078125
93087.7998046875
92729.2197265625
92446.83984375
91970.89990234375
91510.78564453125
91245.2080078125
91014.6328125
90831.57666015625
90671.11596679688
90563.64990234375
90403.15673828125
90291.0244140625
90170.5859375
90074.02197265625
89969.11083984375
89853.64892578125
89713.2919921875
89448.23486328125
89336.2470703125
89229.7421875
89130.92236328125
89056.20703125
88951.1220703125
88866.484375
88787.1884765625
88670.11376953125
88584.87255859375
88516.42822265625
88455.68969726562
88382.0830078125
88314.6005859375
88239.52197265625
88144.09033203125
88091.91064453125
88044.2265625
87994.087890625
87949.31298828125
87905.78515625
87862.8134765625
87816.6201171875
87767.34130859375
87731.55224609375
87691.95141601562
87569.701171875
87520.73217773438
87471.96044921875
87419.7587890625
87374.40478515625
87316.96630859375
87271.21484375
87231.21923828125
87193.77587890625
87164.79541015625
87133.3876953125
87096.87426757812
87071.02294921875
87040.97509765625
87008.2138671875
86976.90698242188
86957.20361328125
86922.23388671875
86894.88037109375
86866.85888671875
86841.87109375
86815.02075195312
86787.6416015625
86742.8603515625
86572.3935546875
86538.47509765625
86510.2890625
86483.1904296875
86454.3623046875
86423.29931640625
86395.93017578125
86370.7958984375
86344.68212890625
86313.1591796875
86292.55126953125
86274.5244140625
86255.24560546875
86231.283203125
86201.22094726562
86181.95263671875
86157.59326171875
86144.55322265625
86114.59375
86089.94018554688
86065.5712890625
86039.05419921875
86014.54931640625
85992.19091796875
85941.27734375
85870.02978515625
85842.173828125
85819.66259765625
85786.0029296875
85764.9423828125
85744.1923828125
85722.10400390625
85699.77734375
85682.32397460938
85653.12109375
85401.05322265625
85361.4267578125
85318.7529296875
85287.18798828125
85263.36596679688
85242.93212890625
85216.38330078125
85200.05517578125
85177.646484375
85159.3125
85138.6259765625
85118.31640625
85094.88037109375
85078.6767578125
85047.68359375
85024.1494140625
85004.95849609375
84982.82177734375
84959.30932617188
84930.025390625
84898.6650390625
84879.9677734375
84856.48291015625
84833.0947265625
84818.25854492188
84799.77978515625
84776.90258789062
84723.0576171875
84686.83154296875
84558.998046875
84547.97509765625
84495.23095703125
84430.16064453125
84381.74633789062
84349.77758789062
84300.26171875
84278.8291015625
84245.84155273438
84225.95751953125
84154.14526367188
84134.36059570312
84091.6162109375
84064.10498046875
84023.11279296875
84009.08251953125
83994.443359375
83961.02880859375
83904.26831054688
83870.77172851562
83822.45068359375
83806.28491210938
83781.013671875
83758.609375
83732.16259765625
83715.1923828125
83693.4384765625
83670.16259765625
83639.16235351562
83598.220703125
83576.64892578125
83554.14306640625
83528.98779296875
83501.59228515625
83470.77783203125
83456.64306640625
83460.82177734375
83429.90478515625
83407.27172851562
83381.2509765625
83367.6513671875
83350.69384765625
83325.421875
83304.38110351562
83286.6865234375
83260.9228515625
83243.0751953125
83219.0478515625
83199.20361328125
83180.78076171875
83160.3515625
83144.0419921875
83138.74682617188
83112.603515625
83092.19287109375
83051.01098632812
82986.79809570312
82964.1025390625
82949.91064453125
82937.99682617188
82913.76904296875
82892.59985351562
82875.39013671875
82851.33740234375
82835.89428710938
82809.451171875
82796.705078125
82771.69970703125
82759.208984375
82714.83740234375
82687.90307617188
82666.93896484375
82643.23583984375
82621.29345703125
82603.3447265625
82583.67211914062
82561.779296875
82542.6337890625
82520.68115234375
82495.06958007812
82467.24047851562
82453.23486328125
82425.40673828125
82408.7978515625
82362.93383789062
82379.56103515625
82323.1650390625
82328.896484375
82327.69091796875
82308.32861328125
82275.59521484375
82266.72265625
82247.9306640625
82207.7197265625
82191.75
82165.47265625
82156.40576171875
82121.45361328125
82122.63037109375
82099.12646484375
82096.35302734375
82086.96826171875
82058.43408203125
82023.6845703125
82033.72827148438
82003.69580078125
81987.9541015625
81963.68139648438
81933.7255859375
81911.7880859375
81890.34033203125
81865.86059570312
81843.4765625
81820.92822265625
81791.2900390625
81783.7080078125
81779.58642578125
81759.6455078125
81776.8212890625
81748.44384765625
81711.75537109375
81689.162109375
81659.89672851562
81639.396484375
81613.89208984375
81583.826171875
81562.560546875
81551.08666992188
81538.17724609375
81523.537109375
81496.6015625
81469.52514648438
81459.32592773438
81473.484375
81454.14697265625
81421.45532226562
81433.61328125
81391.275390625
81373.3232421875
81343.3349609375
81297.96435546875
