cost:	
1186830.76953125
922754.55859375
595187.708984375
413485.0517578125
328996.5009765625
289250.603515625
266513.486328125
246233.541015625
228836.3203125
214871.8857421875
202171.5419921875
190413.1767578125
180126.966796875
171621.7978515625
163883.20947265625
157655.5595703125
151603.4716796875
146578.82421875
142411.615234375
138429.82177734375
134296.59130859375
131055.91943359375
128024.23486328125
125173.3916015625
122560.2841796875
120277.50634765625
118014.8642578125
115918.86767578125
114124.3701171875
112381.11474609375
110605.72119140625
109075.16796875
107654.666015625
106292.6298828125
104964.3486328125
103742.7314453125
102692.578125
101588.68505859375
100602.12158203125
99558.57275390625
98645.884765625
97784.65380859375
96942.080078125
96210.32666015625
95454.96069335938
94704.27392578125
94004.87255859375
93354.84985351562
92737.00415039062
92170.4150390625
91596.822265625
91084.65454101562
90515.06396484375
90072.92504882812
89538.02099609375
89110.447265625
88648.39013671875
88222.90625
87799.19897460938
87444.41040039062
86971.21240234375
86526.888671875
86171.14038085938
85748.74975585938
85379.76196289062
85012.1220703125
84671.01391601562
84280.45458984375
83925.11694335938
83587.21533203125
83236.60180664062
82891.90478515625
82549.80419921875
82226.14990234375
81892.9443359375
81556.7421875
81252.01293945312
80947.32348632812
80608.60717773438
80313.45556640625
80017.0732421875
79711.46704101562
79424.39672851562
79116.27587890625
78855.72338867188
78627.18481445312
78272.97534179688
77974.5068359375
77719.2490234375
77429.77221679688
77159.84765625
76895.05859375
76678.10668945312
76408.48754882812
76185.353515625
75923.34326171875
75687.5341796875
75447.31079101562
75220.994140625
74997.6884765625
74777.72192382812
74563.94165039062
74358.7216796875
74179.7734375
73993.73876953125
73786.53125
73618.22387695312
73423.658203125
73248.20825195312
73049.68701171875
72886.9013671875
72716.45385742188
72539.79443359375
72372.443359375
72206.64453125
72045.96313476562
71889.56201171875
71744.701171875
71584.35327148438
71434.97973632812
71289.44653320312
71149.22900390625
70991.53002929688
70869.37866210938
70733.3740234375
70590.07421875
70450.9423828125
70318.04223632812
70191.35595703125
70089.60620117188
69953.8037109375
69830.47216796875
69708.93115234375
69594.67993164062
69471.91015625
69355.28271484375
69259.89721679688
69144.74829101562
69032.82568359375
68928.05834960938
68832.02514648438
68721.01733398438
68623.62646484375
68532.892578125
68426.88989257812
68323.16650390625
68240.11865234375
68141.88330078125
68062.21899414062
67956.54711914062
67863.18627929688
67777.85791015625
67700.7822265625
67612.10986328125
67532.28198242188
67463.70263671875
67372.24096679688
67300.55688476562
67222.54541015625
67149.208984375
67078.5458984375
66999.47509765625
66930.5458984375
66866.38940429688
66796.68334960938
66727.052734375
66652.2431640625
66585.52099609375
66513.70825195312
66450.09155273438
66391.99243164062
66332.7958984375
66261.00170898438
66202.712890625
66135.7841796875
66081.77124023438
66020.27172851562
65955.84252929688
65900.78125
65846.85107421875
65781.57153320312
65730.30346679688
65680.56079101562
65618.30859375
65569.14379882812
65499.470458984375
65454.493408203125
65412.1416015625
65361.2294921875
65292.51220703125
65247.758056640625
65189.576904296875
65153.208984375
65089.838134765625
65035.20849609375
64993.516357421875
64945.339111328125
64895.41357421875
64838.330078125
64801.299560546875
64745.09375
64715.63232421875
64658.622802734375
64610.345458984375
64577.20166015625
64538.080078125
64482.798583984375
64448.98828125
64412.55859375
64370.915283203125
64320.512451171875
64284.991455078125
64249.365478515625
64207.05712890625
64162.230224609375
64128.614501953125
64093.04931640625
64042.459716796875
64010.18310546875
63972.80908203125
63935.94287109375
63903.27392578125
63854.92333984375
63823.170654296875
63792.395751953125
63754.1298828125
63720.8876953125
63679.31982421875
63650.946533203125
63613.79443359375
63579.724853515625
63541.54638671875
63500.88427734375
63478.68359375
63443.92333984375
63408.931884765625
63371.05078125
63339.281982421875
63307.582275390625
63287.259033203125
63250.595458984375
63227.56982421875
63196.59912109375
63178.82958984375
63148.587646484375
63118.908935546875
63067.385009765625
63055.291748046875
62992.29150390625
62967.463134765625
62931.497314453125
62905.65185546875
62874.824462890625
62840.60888671875
62816.642333984375
62786.2451171875
62768.91455078125
62740.761962890625
62713.773193359375
62697.42138671875
62664.23388671875
62639.083984375
62620.99462890625
62578.33837890625
62542.668701171875
62530.09619140625
62499.420654296875
62462.454833984375
62441.29052734375
62412.73388671875
62387.14404296875
62366.593994140625
62346.66552734375
62305.369873046875
62282.0244140625
62255.753173828125
62231.884033203125
62205.373291015625
62171.0986328125
62149.4521484375
62115.316650390625
62097.185546875
62077.27844238281
62046.267822265625
62021.75390625
61998.00537109375
61970.95361328125
61949.1875
61920.369873046875
61904.742919921875
61884.9189453125
61849.29541015625
61829.419189453125
61814.23828125
61787.26025390625
61756.320556640625
61735.153564453125
61722.794189453125
61691.582275390625
61691.02685546875
61673.557861328125
61676.086181640625
61636.0048828125
61603.237548828125
61575.229736328125
61553.968017578125
61536.83935546875
61513.222412109375
61516.5703125
61476.058349609375
61454.3486328125
61437.368896484375
61401.65625
61362.087646484375
61362.7509765625
61337.812744140625
61313.689453125
61288.502685546875
61281.272216796875
61269.427978515625
61242.923583984375
61256.950927734375
61228.718505859375
61202.671630859375
61244.6669921875
61260.5302734375
61207.871337890625
61208.81591796875
61257.16845703125
61169.807373046875
61132.983154296875
61083.734375
61067.781982421875
61062.935302734375
61065.089111328125
61243.01708984375
61369.843017578125
61314.02490234375
61313.41174316406
61114.29638671875
61014.6650390625
60953.48583984375
60969.4970703125
60901.56640625
60872.224853515625
60816.17236328125
60833.939697265625
60814.5595703125
60764.675537109375
60745.038818359375
60711.865234375
60696.913818359375
60682.40869140625
60669.967041015625
60649.241455078125
60624.607421875
60620.400146484375
60602.7998046875
60592.841064453125
60581.334228515625
60564.08251953125
60560.4072265625
60542.285400390625
60526.1640625
60506.314208984375
60493.3740234375
60484.057373046875
60471.260498046875
60451.518310546875
60443.74609375
60426.22314453125
60407.456787109375
60400.55615234375
60388.140869140625
60385.59167480469
60355.091552734375
60343.814697265625
60329.704833984375
60334.232421875
60321.296142578125
60321.353515625
60335.9453125
60334.6923828125
60347.001953125
60334.12646484375
60288.501220703125
60315.240478515625
60349.283203125
60428.079833984375
60439.91064453125
60497.9482421875
60579.3369140625
60515.384765625
60637.13037109375
60640.254638671875
60323.287841796875
60258.0166015625
60229.729248046875
60303.8681640625
60361.8974609375
