cost:	
797212.62109375
149007.33642578125
139913.2607421875
102946.13305664062
98044.48291015625
93406.49853515625
92687.5771484375
91788.9453125
91047.60009765625
90467.04516601562
89886.18872070312
89346.31982421875
88498.30029296875
87787.1328125
86967.95068359375
86133.26098632812
85374.36572265625
84413.77392578125
83521.52270507812
82428.59619140625
81406.25732421875
80198.9541015625
79114.55932617188
77951.68823242188
76921.5986328125
76002.98388671875
74903.13891601562
73960.68676757812
72956.83325195312
71751.453125
70963.9736328125
69815.95166015625
68987.919921875
67866.15771484375
67053.046875
66249.884765625
65195.512451171875
64244.105712890625
63294.46142578125
62427.208251953125
61677.818603515625
60739.546875
59837.649658203125
59017.244140625
58111.707275390625
57467.37451171875
56554.241455078125
55765.1396484375
54938.66650390625
54077.220458984375
53308.825439453125
52486.65283203125
51742.853271484375
51008.777099609375
50204.883056640625
49455.25964355469
48688.794189453125
48012.9150390625
47150.046142578125
46422.24426269531
45691.41101074219
44942.70422363281
44238.495361328125
43519.4375
42822.15002441406
42116.95947265625
41370.29528808594
40705.55285644531
40023.75378417969
39288.50146484375
38563.654541015625
37964.91711425781
37255.573974609375
36548.635498046875
35844.49353027344
35198.170166015625
34582.78515625
33890.76330566406
33262.142822265625
32605.272827148438
32003.334716796875
31397.13671875
30767.28125
30128.449340820312
29504.434936523438
28923.921997070312
28405.02392578125
27802.31689453125
27226.72509765625
26641.593627929688
26121.942138671875
25527.023559570312
24989.92529296875
24491.789428710938
23980.3115234375
23449.51904296875
22968.049072265625
22451.5185546875
21990.2353515625
21487.465698242188
20988.48095703125
20571.888549804688
20127.41748046875
19719.640258789062
19295.970092773438
18884.86260986328
18487.678466796875
18086.61376953125
17697.29510498047
17326.387084960938
16963.751892089844
16578.91619873047
16225.511535644531
15877.335510253906
15555.273132324219
15219.9423828125
14876.111450195312
14583.477172851562
14260.029174804688
13946.239013671875
13640.696655273438
13337.42578125
13040.658081054688
12783.894165039062
12524.908935546875
12250.864868164062
11979.477844238281
11718.835571289062
11477.315307617188
11220.247131347656
10996.604797363281
10763.169647216797
10517.428649902344
10298.592712402344
10075.595581054688
9880.470336914062
9679.152160644531
9470.052185058594
9279.337585449219
9097.851013183594
8906.106750488281
8728.30859375
8555.434997558594
8389.10693359375
8206.951538085938
8038.824279785156
7886.065734863281
7735.5465087890625
7583.448486328125
7434.0186767578125
7278.484680175781
7148.791320800781
7015.599304199219
6893.4771728515625
6759.838073730469
6640.36474609375
6517.540100097656
6407.446838378906
6299.5103759765625
6197.443023681641
6096.113983154297
5995.708068847656
5890.61279296875
5801.725494384766
5697.9254150390625
5595.4058837890625
5506.863525390625
5416.028472900391
5318.1351318359375
5244.196838378906
5158.6611328125
5073.887054443359
4991.651428222656
4901.729675292969
4827.518249511719
4750.18701171875
4696.710784912109
4628.162994384766
4560.001220703125
4509.680999755859
4437.003936767578
4360.232818603516
4303.088806152344
4239.682159423828
4184.194244384766
4116.503631591797
4062.2297973632812
4014.22900390625
3955.0423583984375
3925.0466918945312
3853.1668090820312
3799.5301818847656
3751.244827270508
3708.5039672851562
3672.8826599121094
3648.9486694335938
3642.1153717041016
3589.8635864257812
3530.784912109375
3494.3206481933594
3461.3676147460938
3416.603240966797
3380.0428161621094
3356.561569213867
3315.845489501953
3280.2753295898438
3244.284393310547
3196.271743774414
3181.352508544922
3124.0950927734375
3108.0507202148438
3067.9119262695312
3038.4143981933594
3013.1578826904297
2983.7276916503906
2955.7701110839844
2925.2483978271484
2916.6099548339844
2893.848892211914
2868.9408416748047
2836.203140258789
2825.2776947021484
2816.8253173828125
2816.449981689453
2790.203414916992
2754.7811737060547
2717.7984313964844
2690.967987060547
2670.167526245117
2643.6115112304688
2630.306625366211
2610.3126831054688
2601.7166900634766
2576.3453216552734
2573.1962280273438
2551.689697265625
2529.3411407470703
2513.8702239990234
2499.7786865234375
2472.9927978515625
2458.109848022461
2458.9945068359375
2441.381317138672
2420.6046600341797
2399.4524536132812
2370.3468170166016
2352.385711669922
2341.0808868408203
2321.3587036132812
2308.4217834472656
2307.4696044921875
2315.4555053710938
2320.6224060058594
2299.3986206054688
2269.9302825927734
2260.584991455078
2226.268798828125
2204.1083374023438
2189.061233520508
2175.2757873535156
2162.3976287841797
2155.2061157226562
2144.41064453125
2137.5569763183594
2128.370651245117
2121.437957763672
2115.700210571289
2109.2891540527344
2105.032974243164
2116.502395629883
2114.401840209961
2105.0789337158203
2101.6888275146484
2101.043472290039
2103.6060638427734
2088.924514770508
2078.1814727783203
2074.8106384277344
2055.3412170410156
2053.269012451172
2044.4426879882812
2035.7840118408203
2026.8727416992188
2016.4012145996094
2005.7082977294922
2008.5903778076172
2008.5880432128906
1996.6370849609375
1985.7677764892578
1986.0817260742188
1971.3461608886719
1982.7070922851562
1995.3143463134766
2004.512466430664
2009.8526306152344
2019.1873168945312
2040.2663879394531
2058.6557006835938
2031.8437957763672
1987.3165435791016
1965.582046508789
1928.7724151611328
1911.8348541259766
1896.5545654296875
1886.5757141113281
1882.88818359375
1878.8339538574219
1874.2077941894531
1866.6955871582031
1862.141845703125
1857.474868774414
1858.6839141845703
1865.8168487548828
1860.33056640625
1856.1518096923828
1850.7993927001953
1843.0100402832031
1847.9176483154297
1841.276626586914
1844.6915740966797
1839.9621276855469
1854.4436645507812
1896.1325225830078
1886.4827423095703
1843.2420043945312
1831.1616821289062
1835.0099029541016
1842.3855743408203
1825.8621368408203
1814.956069946289
1805.3397979736328
1851.5490112304688
1923.8767700195312
1981.8758697509766
2082.5433197021484
2151.6035766601562
2089.632568359375
1968.6868438720703
1902.8437042236328
1856.538589477539
1823.115982055664
1809.5689086914062
1792.0026397705078
1782.9729919433594
1786.344955444336
1805.6153717041016
1801.6609802246094
1781.00537109375
1763.6661071777344
1762.453353881836
1770.8040771484375
1790.8634796142578
1806.9817352294922
1821.9743041992188
1836.4752655029297
1886.9757690429688
1919.0493469238281
1966.2674560546875
2015.4586944580078
1994.4695281982422
1908.8074645996094
1843.392837524414
1780.7890625
1730.3150024414062
1707.5335693359375
1688.1306610107422
1679.7208099365234
1665.6342010498047
1660.364242553711
1653.7144622802734
1646.4222106933594
1640.253433227539
1634.323013305664
1633.9514465332031
1632.8556060791016
1636.7026062011719
1628.5049896240234
1624.9478759765625
1623.923324584961
1618.1827697753906
1616.702133178711
1613.7610168457031
1608.9653778076172
1604.470718383789
1602.4813079833984
1603.6194152832031
1604.9772186279297
1604.2217864990234
1603.9225769042969
1604.7109680175781
1604.6528930664062
1607.6603393554688
1608.4491119384766
1596.6982879638672
1592.3570556640625
1586.6295318603516
1586.6657104492188
1584.8839874267578
1584.8056945800781
1583.0214233398438
