cost:	
630040.6220703125
173097.76025390625
110641.0751953125
101730.68017578125
93501.38623046875
90430.78564453125
88280.79760742188
86964.77734375
85356.556640625
83792.44946289062
82273.63134765625
80620.44702148438
78762.47778320312
77015.82104492188
75257.52368164062
73300.3671875
71513.99438476562
69758.32543945312
67931.86157226562
66297.46801757812
64542.1572265625
62956.547119140625
61475.74658203125
59623.331787109375
58005.083740234375
56535.046630859375
54937.85546875
53514.153076171875
51846.198486328125
50296.69519042969
48708.000732421875
47235.712158203125
45773.275146484375
44386.07385253906
42868.83410644531
41510.29260253906
40081.968994140625
38739.044921875
37459.3251953125
36103.65466308594
34795.762451171875
33562.490966796875
32266.248168945312
31136.935668945312
29881.794677734375
28741.828247070312
27609.575927734375
26510.550659179688
25501.84765625
24427.440795898438
23404.203002929688
22528.661987304688
21600.2294921875
20760.923095703125
19886.440551757812
19076.378295898438
18267.41436767578
17509.98358154297
16793.763671875
16071.342407226562
15417.126586914062
14742.884643554688
14135.917358398438
13545.217651367188
12983.429809570312
12440.190002441406
11911.483520507812
11384.114562988281
10907.872863769531
10419.009643554688
9971.625579833984
9584.693176269531
9156.596313476562
8784.442901611328
8407.61489868164
8048.304779052734
7692.3150634765625
7356.763702392578
7046.153045654297
6753.835296630859
6464.573455810547
6180.289581298828
5922.310363769531
5672.797271728516
5438.980697631836
5214.8262939453125
4994.244918823242
4785.425262451172
4571.507125854492
4401.875381469727
4207.832077026367
4028.7469177246094
3869.4749755859375
3717.6126251220703
3558.5782775878906
3417.3790588378906
3267.1920318603516
3143.3975830078125
3010.3714599609375
2894.9572982788086
2781.717971801758
2674.8956298828125
2562.7181549072266
2489.2386627197266
2385.605453491211
2296.7937774658203
2201.4542694091797
2111.594039916992
2034.8711242675781
1956.5781784057617
1886.2305068969727
1835.5381774902344
1759.0597229003906
1693.085823059082
1636.0580215454102
1579.8454284667969
1531.4220886230469
1478.692123413086
1421.1942901611328
1369.7045440673828
1329.0245742797852
1276.2646942138672
1237.601303100586
1198.5456008911133
1160.982292175293
1122.9394073486328
1084.9627304077148
1056.2676544189453
1044.9898223876953
1012.877799987793
977.1360626220703
947.8111457824707
917.7848052978516
891.0875091552734
869.164665222168
847.9704818725586
819.9544219970703
793.4874229431152
764.9586563110352
751.3702621459961
733.9536056518555
715.0437393188477
696.535270690918
679.5227203369141
662.0638809204102
653.7247009277344
645.6797943115234
634.6920890808105
614.1822738647461
598.4529190063477
592.3444938659668
575.6444473266602
559.6688003540039
551.9528388977051
539.2605590820312
529.3089942932129
513.5156631469727
504.6119918823242
505.2524185180664
495.4812240600586
493.9296569824219
482.84174728393555
479.3689308166504
468.7337646484375
459.80724334716797
457.9805221557617
446.3151626586914
439.6535453796387
429.28465270996094
431.683349609375
425.32988357543945
417.51292419433594
413.06501388549805
400.2007427215576
398.66893768310547
403.46659088134766
406.697696685791
409.0357666015625
401.5774898529053
397.6013946533203
396.2912406921387
378.6373748779297
394.5786781311035
384.8789653778076
389.3166809082031
381.5065612792969
383.88003158569336
405.0126667022705
392.5359516143799
398.73321533203125
384.51491355895996
383.61398696899414
376.96986389160156
377.1846446990967
379.8935775756836
373.7468318939209
381.1687717437744
379.4247875213623
379.96453285217285
366.9367389678955
359.3751792907715
354.923282623291
373.7460479736328
381.3318042755127
358.74256134033203
390.02704429626465
365.64001083374023
341.3510551452637
350.9831352233887
339.20619201660156
342.4291133880615
327.0262260437012
328.23294258117676
342.3564167022705
332.622163772583
345.19507217407227
336.44432830810547
341.748104095459
337.64320373535156
333.7530403137207
335.370512008667
349.4848880767822
373.0759983062744
352.7654685974121
351.8735542297363
353.13927268981934
346.73179626464844
340.3422393798828
354.9024257659912
366.69697189331055
376.8988037109375
384.61108779907227
410.009313583374
413.7448844909668
385.5662479400635
404.4618721008301
422.6653709411621
390.4577865600586
382.911190032959
397.9104652404785
385.5570125579834
383.7119369506836
387.06267166137695
387.9562797546387
396.58642196655273
373.0699939727783
374.5051460266113
381.9151611328125
370.5707702636719
384.4451503753662
404.76722717285156
404.5827751159668
380.52998542785645
366.91034507751465
351.636323928833
419.09764862060547
422.7272548675537
435.0054473876953
411.6489543914795
421.8815383911133
483.08245849609375
475.1095504760742
452.3301696777344
407.4460105895996
379.71226501464844
378.86006927490234
376.60654067993164
354.6482334136963
344.8931713104248
353.7654914855957
338.4948081970215
342.36266708374023
350.55956840515137
325.0695457458496
312.0349597930908
312.1641731262207
290.90994453430176
314.22378158569336
306.83063888549805
279.08880615234375
312.8620204925537
292.64628982543945
275.7122859954834
292.73778915405273
266.12196922302246
277.7159080505371
278.38952827453613
286.0301856994629
287.6536407470703
275.73730087280273
268.38490104675293
275.4130039215088
272.2679195404053
260.0161590576172
263.85831451416016
281.72114181518555
292.28475189208984
282.5109577178955
274.5526695251465
276.43934440612793
262.9486770629883
268.23368644714355
259.3991584777832
261.1846008300781
260.06220054626465
264.3450126647949
259.3612422943115
260.56435203552246
266.6844787597656
270.65624237060547
276.74305534362793
306.8940124511719
294.6907787322998
293.10730743408203
302.98910331726074
332.5924530029297
329.0982437133789
334.56812477111816
339.6855716705322
337.58166885375977
345.0849151611328
345.8601474761963
349.9069404602051
361.4296531677246
354.55362129211426
369.906925201416
379.0530090332031
383.28107833862305
383.9514808654785
411.36682891845703
416.3914794921875
425.04468536376953
455.4020576477051
512.4463233947754
566.136775970459
526.340877532959
486.13188552856445
447.9598026275635
429.9068012237549
417.04188346862793
394.32172775268555
385.8640785217285
423.55224418640137
415.72867584228516
394.067081451416
364.81457138061523
352.4796962738037
357.26261711120605
355.459997177124
328.0657653808594
317.1691551208496
316.7820568084717
303.22406005859375
302.8876152038574
291.471378326416
283.7015323638916
272.7572078704834
270.5550289154053
264.8736763000488
258.3545913696289
251.28828811645508
250.98346710205078
258.13454246520996
266.6560878753662
250.21124458312988
254.95688247680664
250.5600414276123
253.78491973876953
251.0439624786377
262.43499183654785
245.55172729492188
244.00567054748535
237.71649360656738
239.63978004455566
241.25364875793457
242.26468658447266
246.1466579437256
252.04104232788086
257.0902862548828
262.0362911224365
265.1872329711914
274.3387680053711
302.50501441955566
318.40796089172363
329.7989101409912
361.16534996032715
390.07691192626953
437.5372848510742
473.5050849914551
501.8303737640381
538.0221824645996
573.1306457519531
648.6336975097656
682.748966217041
706.9768371582031
718.6263656616211
803.1888885498047
856.0520629882812
1025.8305282592773
996.4113540649414
