cost:	
1234671.92578125
1232054.45703125
1230436.2578125
1229452.546875
1228895.9296875
1228577.72265625
1228377.87109375
1228263.859375
1228178.0078125
1228120.1953125
1228071.07421875
1228014.16015625
1227970.5078125
1227939.0078125
1227908.3203125
1227888.6171875
1227873.109375
1227859.64453125
1227847.08203125
1227833.21875
1227821.9765625
1227818.51953125
1227806.96875
1227800.25390625
1227780.91796875
1227775.3359375
1227772.7890625
1227772.18359375
1227765.1640625
1227765.046875
1227762.18359375
1227750.95703125
1227742.03515625
1227738.625
1227738.9609375
1227735.91796875
1227727.50390625
1227719.046875
1227714.08984375
1227709.55078125
1227715.33203125
1227713.4140625
1227706.1875
1227701.73046875
1227701.265625
1227704.65625
1227704.91015625
1227703.4140625
1227700.75
1227705.43359375
1227697.1328125
1227696.16015625
1227690.03515625
1227691.78125
1227684.30078125
1227677.79296875
1227676.32421875
1227681.63671875
1227676.82421875
1227674.4921875
1227681.24609375
1227678.6328125
1227670.9375
1227668.18359375
1227664.47265625
1227666.484375
1227666.5
1227669.66796875
1227666.8671875
1227663.8515625
1227661.32421875
1227658.63671875
1227659.1484375
1227653.46484375
1227650.3671875
1227650.98828125
1227650.9296875
1227650.39453125
1227651.1015625
1227652.2265625
1227649.1875
1227657.33984375
1227649.9375
1227649.21875
1227653.12109375
1227650.51953125
1227644.375
1227649.93359375
1227649.3203125
1227654.0703125
1227646.50390625
1227638.83984375
1227634.7890625
1227632.8828125
1227633.5703125
1227629.89453125
1227627.1875
1227628.7265625
1227626.57421875
1227621.46484375
1227621.8046875
1227622.47265625
1227622.3984375
1227625.671875
1227622.34765625
1227623.84375
1227617.90234375
1227617.6953125
1227621.90625
1227620.01953125
1227620.8125
1227619.02734375
1227619.3125
1227617.89453125
1227613.85546875
1227617.0234375
1227615.3203125
1227612.16015625
1227608.59765625
1227609.0
1227605.6953125
1227605.7578125
1227605.16796875
1227604.671875
1227607.74609375
1227609.39453125
1227605.87109375
1227605.4375
1227606.31640625
1227604.19140625
1227605.71484375
1227609.71484375
1227611.69140625
1227620.8828125
1227620.375
1227617.03515625
1227618.5859375
1227616.10546875
1227614.4375
1227613.17578125
1227608.75390625
1227607.9140625
1227612.69921875
1227606.87890625
1227605.3515625
1227599.64453125
1227595.3125
1227594.1953125
1227595.23046875
1227597.7734375
1227597.46484375
1227592.1640625
1227595.27734375
1227593.78125
1227595.421875
1227596.44140625
1227591.875
1227589.7734375
1227589.75
1227592.5703125
1227591.9375
1227591.359375
1227594.50390625
1227591.8671875
1227594.1484375
1227593.76953125
1227591.8203125
1227587.94921875
1227588.1640625
1227585.8828125
1227587.83984375
1227588.32421875
1227587.328125
1227586.625
1227586.625
1227587.15234375
1227587.83203125
1227590.953125
1227595.3046875
1227589.34765625
1227590.90625
1227594.15234375
1227593.8515625
1227592.12109375
1227588.078125
1227590.3203125
1227590.53515625
1227589.32421875
1227591.1875
1227591.41796875
1227592.46484375
1227595.640625
1227598.109375
1227602.97265625
1227604.8515625
1227605.03515625
1227601.9453125
1227601.62109375
1227602.6640625
1227594.765625
1227596.421875
1227593.30859375
1227589.91015625
1227588.5625
1227585.609375
1227583.16796875
1227582.8515625
1227578.34375
1227578.95703125
1227576.07421875
1227574.85546875
1227576.87890625
1227577.6640625
1227579.71484375
1227583.21875
1227578.453125
1227576.42578125
1227576.45703125
1227577.02734375
1227576.6875
1227577.5859375
1227576.17578125
1227575.55078125
1227575.34765625
1227579.01953125
1227573.96875
1227577.59375
1227578.71875
1227579.76953125
1227580.75
1227578.1328125
1227578.5859375
1227580.8203125
1227581.38671875
1227579.48046875
1227579.01953125
1227577.97265625
1227576.3515625
1227577.19140625
1227579.5703125
1227575.92578125
1227577.80859375
1227576.8828125
1227574.97265625
1227574.41796875
1227574.3984375
1227576.4140625
1227573.8984375
1227570.7734375
1227574.98828125
1227572.9609375
1227569.296875
1227571.96875
1227570.296875
1227572.26953125
1227571.3828125
1227568.890625
1227570.40234375
1227570.39453125
1227568.171875
1227568.59375
1227566.80078125
1227568.4375
1227568.2421875
1227566.63671875
1227565.9921875
1227566.08984375
1227566.5078125
1227567.5859375
1227566.234375
1227568.01171875
1227566.70703125
1227570.3359375
1227572.875
1227572.83984375
1227575.75
1227577.86328125
1227580.3046875
1227578.19921875
1227574.0078125
1227576.390625
1227573.4609375
1227573.015625
1227569.34375
1227570.7421875
1227570.01953125
1227571.328125
1227570.76171875
1227568.15234375
1227569.1328125
1227571.07421875
1227570.62890625
1227569.5859375
1227570.3359375
1227569.99609375
1227569.09765625
1227570.16015625
1227569.578125
1227569.7734375
1227569.6171875
1227568.4921875
1227565.2578125
1227565.87890625
1227563.5625
1227562.59375
1227563.140625
1227561.96875
1227562.05078125
1227561.17578125
1227561.40625
1227561.85546875
1227565.3203125
1227564.9921875
1227563.28515625
1227565.50390625
1227563.80859375
1227563.421875
1227562.9296875
1227562.65625
1227562.296875
1227562.16796875
1227564.03515625
1227564.0390625
1227563.578125
1227561.546875
1227561.53125
1227560.07421875
1227560.578125
1227560.07421875
1227562.3359375
1227561.9453125
1227561.69921875
1227562.7109375
1227561.33203125
1227564.296875
1227566.25390625
1227571.1328125
1227570.30859375
1227565.953125
1227564.81640625
1227565.8359375
1227565.03515625
1227567.4609375
1227564.921875
1227561.46484375
1227564.8046875
1227561.2265625
1227560.28125
1227562.515625
1227559.0078125
1227559.25390625
1227560.26953125
1227558.2109375
1227556.484375
1227556.2109375
1227559.1484375
1227560.171875
1227558.29296875
1227559.51171875
1227559.609375
1227558.80859375
1227557.1171875
1227557.64453125
1227555.8515625
1227553.5078125
1227555.921875
1227555.28515625
1227553.4921875
1227552.18359375
1227554.17578125
1227554.74609375
1227555.08203125
1227556.3828125
1227557.90625
1227556.6640625
1227556.0546875
1227554.3203125
1227553.11328125
1227552.5
1227553.48828125
1227555.41796875
1227553.91015625
1227556.08984375
1227557.13671875
1227559.33203125
1227560.14453125
1227557.82421875
1227557.17578125
1227557.703125
1227557.484375
1227555.88671875
1227555.28125
1227555.6015625
1227555.2421875
1227555.59375
1227554.359375
1227554.359375
1227555.71875
1227556.26953125
1227556.41015625
