cost:	
1120986.9453125
719013.83984375
407123.1484375
226152.7080078125
144605.08984375
117188.09814453125
110183.02734375
108463.296875
107629.0712890625
107084.33984375
106596.9609375
106269.0126953125
105970.6044921875
105698.94384765625
105467.171875
105261.80126953125
105075.14794921875
104890.26171875
104704.46142578125
104525.4697265625
104357.583984375
104210.43359375
104102.67236328125
103903.4052734375
103797.4453125
103675.810546875
103560.81396484375
103421.970703125
103319.00048828125
103213.7236328125
103093.17431640625
103038.7275390625
102920.93115234375
102876.4873046875
102743.88232421875
102652.326171875
102570.68798828125
102488.525390625
102399.9638671875
102341.55517578125
102314.48388671875
102212.10986328125
102135.998046875
102101.478515625
102055.2744140625
101984.03955078125
101919.43798828125
101794.92724609375
101833.33447265625
101779.93310546875
101705.31689453125
101598.373046875
101495.94580078125
101323.84521484375
101070.1298828125
100760.33056640625
100528.48388671875
100283.85693359375
100058.14404296875
99699.9990234375
99487.078125
99152.599609375
98892.5322265625
98456.77880859375
98232.50634765625
97870.556640625
97573.2216796875
97385.05859375
97064.3486328125
96859.8671875
96588.0009765625
96349.30810546875
96104.029296875
95852.876953125
95592.98974609375
95311.6689453125
95095.83935546875
94876.53466796875
94631.76025390625
94478.77197265625
94289.65234375
94226.4287109375
94006.080078125
93847.05859375
93710.822265625
93500.962890625
93387.6171875
93244.2705078125
93084.3359375
93013.21240234375
92883.1513671875
92752.15869140625
92620.06298828125
92528.5751953125
92437.63232421875
92358.78857421875
92269.2734375
92074.4833984375
92031.0673828125
91949.5166015625
91856.1806640625
91695.6181640625
91607.85888671875
91490.134765625
91407.1162109375
91292.06298828125
91222.25
91092.2626953125
91043.453125
90944.564453125
90887.9208984375
90782.17626953125
90699.55615234375
90571.6328125
90440.35986328125
90316.7275390625
90223.9248046875
90135.00537109375
90083.521484375
89988.43310546875
89913.7451171875
89932.5849609375
89803.619140625
89685.341796875
89511.5126953125
89480.73828125
89345.58984375
89260.2138671875
89131.734375
89112.0498046875
88997.70947265625
88938.6630859375
88791.662109375
88695.96142578125
88624.888671875
88555.86328125
88495.73779296875
88426.546875
88309.2919921875
88241.982421875
88175.81640625
88102.1396484375
88040.61767578125
87936.06494140625
87880.75634765625
87769.82958984375
87695.861328125
87634.59716796875
87559.30810546875
87484.208984375
87378.81103515625
87354.498046875
87268.82470703125
87239.46044921875
87168.00537109375
87097.06640625
87045.47119140625
86983.4267578125
86912.56103515625
86885.427734375
86829.05517578125
86770.79931640625
86705.87109375
86672.7646484375
86600.626953125
86523.55322265625
86493.69775390625
86426.14013671875
86352.859375
86316.97900390625
86240.552734375
86213.83837890625
86180.837890625
86132.755859375
86078.54736328125
86046.123046875
85993.7783203125
85955.26513671875
85895.23974609375
85827.8017578125
85809.5087890625
85713.513671875
85646.95361328125
85653.48046875
85603.4140625
85579.64404296875
85513.41259765625
85454.6015625
85449.89453125
85400.63427734375
85372.41748046875
85342.68115234375
85263.06298828125
85228.34130859375
85228.05419921875
85133.74072265625
85131.39111328125
85073.85791015625
85047.3154296875
85017.2900390625
84940.021484375
84893.99462890625
84890.66796875
84799.89013671875
84800.45654296875
84737.708984375
84738.7216796875
84659.21533203125
84646.740234375
84558.91796875
84556.72998046875
84548.4248046875
84519.37939453125
84520.888671875
84460.4638671875
84452.17333984375
84382.6376953125
84342.8564453125
84298.78857421875
84263.34033203125
84190.47021484375
84208.98193359375
84196.17236328125
84103.43872070312
84076.7373046875
84023.07373046875
84040.740234375
84004.2373046875
83946.70751953125
83909.009765625
83871.8662109375
83877.26904296875
83823.6767578125
83792.9189453125
83754.66845703125
83779.61962890625
83693.154296875
83706.91015625
83626.7001953125
83626.66064453125
83571.77783203125
83518.6923828125
83530.0419921875
83464.1630859375
83449.287109375
83397.97290039062
83334.99267578125
83346.3046875
83333.091796875
83282.45166015625
83296.29052734375
83202.67333984375
83177.5576171875
83131.32763671875
83113.84033203125
83065.21484375
83048.3193359375
83013.361328125
83006.78076171875
82976.435546875
82966.8193359375
82955.9189453125
82874.93359375
82916.2109375
82824.048828125
82864.01220703125
82766.73974609375
82775.0595703125
82723.92919921875
82656.57861328125
82649.8359375
82663.4091796875
82602.8134765625
82610.70703125
82572.17724609375
82527.31982421875
82499.7373046875
82471.66064453125
82471.708984375
82388.1318359375
82369.3408203125
82357.30712890625
82324.72412109375
82311.88818359375
82292.47705078125
82258.86962890625
82256.5595703125
82213.26318359375
82230.7138671875
82167.65966796875
82140.70361328125
82139.21044921875
82079.40283203125
82023.2822265625
82046.34228515625
82014.2861328125
82001.216796875
81946.173828125
81941.73193359375
81909.71630859375
81889.8740234375
81857.15478515625
81867.33837890625
81809.701171875
81756.23681640625
81759.7421875
81754.19921875
81715.623046875
81702.0771484375
81666.34375
81612.154296875
81601.10302734375
81567.1669921875
81544.5830078125
81528.67529296875
81561.4326171875
81516.109375
81470.47412109375
81498.09423828125
81471.84033203125
81416.85498046875
81378.46435546875
81339.6435546875
81328.72216796875
81306.2529296875
81280.79809570312
81294.9794921875
81281.11279296875
81259.9111328125
81231.4931640625
81198.44873046875
81141.41064453125
81123.23046875
81123.51953125
81086.05615234375
81122.263671875
81104.369140625
81058.36181640625
81033.88623046875
80998.03564453125
80985.97412109375
80972.529296875
80949.60986328125
80985.89111328125
80919.4296875
80902.1650390625
80846.06640625
80807.19482421875
80801.169921875
80810.04150390625
80751.9755859375
80726.9208984375
80683.90966796875
80673.23876953125
80660.05126953125
80651.4912109375
80645.74560546875
80601.04736328125
80606.412109375
80612.5263671875
80597.76416015625
80568.005859375
80543.98681640625
80529.109375
80481.10986328125
80455.27294921875
80488.3291015625
80439.4033203125
80451.27587890625
80431.3447265625
80441.0693359375
80411.75146484375
80332.4462890625
80328.08642578125
80318.38623046875
80262.5732421875
80268.8154296875
80243.767578125
80207.54638671875
80184.39599609375
80168.72412109375
80172.5947265625
80124.8046875
80131.0009765625
80130.21240234375
80132.244140625
80097.25122070312
80083.74462890625
80073.583984375
80041.748046875
80003.66650390625
79971.2958984375
79984.283203125
79938.3623046875
79920.5419921875
79915.1103515625
79879.1103515625
79876.81396484375
79831.48046875
79800.18115234375
