cost:	
684349.5146484375
148393.8779296875
125491.17529296875
102178.537109375
96112.32299804688
92923.94873046875
91447.802734375
89892.19775390625
88928.62890625
87698.142578125
86626.634765625
85225.50610351562
83969.220703125
82547.69189453125
81323.86596679688
79778.9677734375
78358.09521484375
77001.54443359375
75415.98559570312
74060.51635742188
72520.77099609375
71094.67626953125
69803.76147460938
68276.56762695312
67011.97827148438
65505.96435546875
64302.0146484375
62793.976318359375
61676.294677734375
60189.572021484375
59020.16259765625
57718.466796875
56625.2392578125
55250.382568359375
53950.32531738281
52633.5126953125
51564.939453125
50303.096435546875
49150.798583984375
47943.169921875
46842.281005859375
45694.17919921875
44509.16796875
43383.92834472656
42248.92199707031
41129.765380859375
39985.85363769531
38964.15734863281
37825.67199707031
36715.31335449219
35728.240966796875
34723.266845703125
33814.24694824219
32754.041748046875
31891.735595703125
30914.025268554688
29977.312744140625
29142.376708984375
28308.30078125
27431.93408203125
26625.441040039062
25744.770751953125
24896.092346191406
24172.0517578125
23415.5185546875
22706.48193359375
21907.038330078125
21224.241943359375
20541.336059570312
19915.534423828125
19241.17059326172
18614.557250976562
18001.271728515625
17370.76446533203
16799.05694580078
16265.252380371094
15710.482238769531
15184.342712402344
14693.494201660156
14180.574829101562
13707.469970703125
13246.511291503906
12795.041137695312
12315.112915039062
11897.72314453125
11494.049255371094
11089.46630859375
10698.258972167969
10333.02993774414
9989.222625732422
9646.678588867188
9319.935272216797
8970.272033691406
8663.251495361328
8346.421630859375
8047.753509521484
7777.755157470703
7513.212707519531
7248.435211181641
6985.475158691406
6741.6317138671875
6515.210632324219
6299.417572021484
6083.261627197266
5892.016662597656
5672.598937988281
5481.179260253906
5302.44694519043
5120.250564575195
4951.060653686523
4789.138427734375
4628.636672973633
4468.6552734375
4314.473617553711
4171.038055419922
4029.831085205078
3895.8697662353516
3769.01416015625
3640.564422607422
3528.4324645996094
3415.359329223633
3302.1448364257812
3197.387939453125
3090.2428131103516
2983.7184448242188
2889.852981567383
2797.271659851074
2706.9151763916016
2639.009635925293
2543.9550018310547
2471.162155151367
2381.303497314453
2303.508659362793
2230.657684326172
2174.688720703125
2096.9673461914062
2028.9904708862305
1972.043800354004
1902.5697784423828
1838.6027908325195
1784.752685546875
1726.9839172363281
1676.7013473510742
1633.2039184570312
1588.6167221069336
1543.294204711914
1501.2643737792969
1463.1693801879883
1418.9477920532227
1372.2798538208008
1344.5420417785645
1301.7709503173828
1254.6320571899414
1217.9913024902344
1184.7025909423828
1151.0272598266602
1122.6618309020996
1091.938232421875
1062.8531494140625
1033.8879928588867
1008.056396484375
983.9486846923828
966.0424652099609
942.5128707885742
922.5455093383789
902.7327728271484
875.449089050293
861.5021095275879
835.9870796203613
818.0687637329102
798.8594779968262
783.4263458251953
767.6248016357422
752.1971664428711
740.2595901489258
729.0042419433594
722.1860427856445
717.089111328125
691.5281524658203
678.5953407287598
661.6840362548828
649.4701957702637
644.4178848266602
621.3017349243164
611.4478187561035
596.2206115722656
593.3469276428223
602.374439239502
608.1215629577637
593.4361801147461
577.6412925720215
565.3619842529297
558.8299102783203
537.3986930847168
529.4948539733887
522.5702781677246
514.0835876464844
523.4903450012207
514.2394752502441
517.7383117675781
523.1149978637695
506.5216255187988
487.3844299316406
470.8574676513672
460.5809783935547
452.3852424621582
443.0378532409668
437.87683868408203
426.2746047973633
418.81346893310547
411.7926139831543
406.1359329223633
406.92215728759766
415.80526542663574
428.3408393859863
430.38847732543945
417.56322479248047
419.7263374328613
412.89088439941406
411.6894130706787
407.3230285644531
401.13501358032227
401.6668071746826
408.5172920227051
432.4732437133789
438.11309814453125
437.95849227905273
440.3119201660156
419.3014717102051
414.5630874633789
401.6079406738281
391.5785675048828
380.7383155822754
371.07015800476074
368.60767936706543
369.5311698913574
362.0055503845215
359.5946273803711
360.98410415649414
359.5043182373047
351.53663635253906
347.12553787231445
349.1479263305664
344.90504455566406
336.13803482055664
328.0802745819092
329.0214786529541
332.65888595581055
331.7272033691406
334.60507583618164
342.2986869812012
344.36207580566406
357.64963150024414
352.5690155029297
364.6182861328125
375.0956497192383
370.4475517272949
364.44446563720703
364.52602767944336
363.82888412475586
374.7476291656494
380.9075622558594
390.5243339538574
415.8771438598633
447.9184455871582
427.3852310180664
408.2577667236328
382.2091979980469
367.0381832122803
341.81298446655273
327.4208278656006
318.9969120025635
315.8482265472412
321.18422508239746
328.258092880249
322.7536926269531
346.273681640625
343.80180168151855
340.6316566467285
325.76032638549805
344.6853141784668
347.1443386077881
378.893367767334
401.14887619018555
423.49776458740234
434.32494354248047
428.17692947387695
443.1567687988281
480.17065048217773
527.2763442993164
543.7198371887207
489.8016052246094
444.0476493835449
419.44603157043457
391.0592727661133
361.4887638092041
356.3015079498291
345.3517322540283
331.43431854248047
335.2322826385498
340.08679962158203
325.21289443969727
317.24475288391113
309.02909660339355
299.21526527404785
295.23054695129395
298.4511489868164
285.1500835418701
286.1331253051758
283.4405403137207
286.5130844116211
292.552677154541
297.13923835754395
291.75914573669434
284.29982566833496
288.9687271118164
292.8849639892578
293.34032821655273
308.3987293243408
307.0545139312744
297.8445987701416
291.9580383300781
287.0479507446289
283.385950088501
282.34468269348145
289.3514633178711
298.98990058898926
300.336124420166
298.0804748535156
304.0421314239502
306.29735565185547
300.8731803894043
340.4688720703125
309.5383014678955
320.10183334350586
323.17696380615234
325.142520904541
322.15051078796387
327.1502685546875
336.4554805755615
345.2961845397949
336.08356285095215
353.7538089752197
384.5297565460205
379.7473030090332
356.10847091674805
351.43151092529297
342.23033905029297
338.01265144348145
323.9313163757324
315.2153663635254
314.2704029083252
300.7720699310303
302.6019992828369
303.7470188140869
300.0175533294678
298.8444519042969
304.7757682800293
320.2074604034424
313.1859550476074
303.33242416381836
303.54235649108887
299.36827850341797
307.1349925994873
309.4128894805908
304.8454189300537
304.87871170043945
310.49440002441406
321.63438606262207
320.0182628631592
318.1778030395508
318.23045539855957
308.29488372802734
312.0571804046631
321.9835834503174
323.09176445007324
313.6732521057129
313.5895481109619
302.22937965393066
292.739200592041
293.0674114227295
295.5285415649414
298.4154872894287
298.84624671936035
308.93128967285156
337.95680809020996
363.9151439666748
342.7217197418213
347.75807762145996
350.61932945251465
350.1303958892822
351.31678009033203
344.03733825683594
348.54797744750977
350.9330348968506
359.1109848022461
359.53189849853516
364.0672302246094
358.5044574737549
378.9707431793213
