cost:	
1230401.234375
1218007.83984375
1205688.44140625
1192592.0859375
1178950.6171875
1164820.6171875
1150701.2890625
1136896.17578125
1123594.0
1110597.36328125
1097808.734375
1085603.80078125
1073637.890625
1061647.83203125
1050160.453125
1038932.109375
1027639.7109375
1016626.75
1005718.44140625
995008.83984375
984558.296875
973888.38671875
963869.498046875
953569.27734375
943505.3046875
933560.34375
923613.96875
913973.82421875
904229.95703125
894801.095703125
885339.0703125
875912.6015625
866694.65625
857613.8671875
848569.8046875
839498.9140625
830744.24609375
821918.24609375
813189.7421875
804635.0078125
795982.87890625
787671.8125
779124.8125
771071.54296875
762742.87109375
754551.34375
746596.29296875
738606.1484375
730722.583984375
722945.328125
715275.146484375
707973.267578125
700636.513671875
693454.546875
686304.8984375
679167.9453125
672062.9375
665179.42578125
658353.689453125
651450.248046875
644796.12890625
638060.486328125
631347.892578125
624812.181640625
618285.091796875
611860.501953125
605416.259765625
599138.01171875
592928.134765625
586605.349609375
580499.693359375
574444.205078125
568405.626953125
562455.427734375
556438.380859375
550757.333984375
544822.720703125
539150.369140625
533405.642578125
527791.384765625
522267.56640625
516707.236328125
511249.498046875
505850.3359375
500497.619140625
495174.498046875
489942.1484375
484787.44921875
479582.634765625
474501.904296875
469487.212890625
464444.380859375
459584.486328125
454656.287109375
449787.83203125
445028.169921875
440282.7109375
435614.7265625
430999.03125
426384.08203125
421889.912109375
417581.669921875
413323.1171875
409084.9638671875
404921.015625
400775.3984375
396641.71875
392584.734375
388553.912109375
384584.970703125
380659.98828125
376770.7275390625
372937.9521484375
369102.576171875
365271.732421875
361584.19921875
357873.4609375
354194.9921875
350592.935546875
347000.486328125
343494.240234375
339937.8125
336486.462890625
333085.51953125
329654.33203125
326261.037109375
323006.2451171875
319698.25
316483.9970703125
313184.021484375
310048.6259765625
306938.19921875
303761.326171875
300721.7021484375
297695.3447265625
294652.7724609375
291685.0458984375
288784.2587890625
285816.513671875
282965.212890625
280103.154296875
277321.3388671875
274517.8642578125
271701.3330078125
269015.8056640625
266306.896484375
263656.0
260963.5205078125
258398.5478515625
255766.384765625
253239.1923828125
250821.529296875
248408.3974609375
246014.6552734375
243695.3955078125
241334.765625
239033.2451171875
236727.990234375
234545.78271484375
232302.767578125
230113.6435546875
227943.3779296875
225782.13330078125
223687.7978515625
221595.5654296875
219569.810546875
217531.2080078125
215492.7314453125
213533.9599609375
211589.44140625
209640.5537109375
207722.2041015625
205864.833984375
204005.0830078125
202163.87646484375
200323.9833984375
198553.1142578125
196792.4365234375
195071.125
193340.181640625
191650.486328125
189980.92919921875
188302.7412109375
186699.333984375
185093.4833984375
183515.30615234375
181934.11865234375
180390.6630859375
178880.46044921875
177376.68603515625
175881.921875
174439.35986328125
173000.806640625
171575.0546875
170182.94189453125
168804.65234375
167432.2529296875
166104.30908203125
164749.8505859375
163474.5390625
162219.47998046875
160984.97509765625
159794.162109375
158611.50439453125
157421.21337890625
156300.3046875
155167.7265625
154030.7001953125
152914.3359375
151855.0595703125
150760.095703125
149702.60302734375
148674.07568359375
147626.6337890625
146617.21435546875
145624.654296875
144648.35595703125
143675.74853515625
142711.1650390625
141775.3310546875
140842.7255859375
139927.46142578125
139022.70654296875
138131.38330078125
137270.771484375
136396.64111328125
135563.23291015625
134715.94921875
133900.0947265625
133076.306640625
132283.3037109375
131488.740234375
130720.14697265625
129973.951171875
129213.6162109375
128476.29931640625
127739.74072265625
127033.65478515625
126335.54931640625
125623.2822265625
124938.703125
124257.96435546875
123628.015625
122950.14599609375
122319.58349609375
121679.51318359375
121073.72631835938
120447.45849609375
119848.8330078125
119264.21337890625
118688.1201171875
118142.7802734375
117604.34912109375
117077.8349609375
116550.1142578125
116041.17138671875
115525.4248046875
115039.400390625
114538.61669921875
114060.1640625
113593.08203125
113125.1328125
112658.6796875
112209.3427734375
111762.24658203125
111329.2529296875
110901.7275390625
110483.12060546875
110061.255859375
109655.27197265625
109258.1923828125
108852.85986328125
108470.337890625
108087.51220703125
107714.10400390625
107329.451171875
106963.78271484375
106609.31640625
106258.36596679688
105903.65576171875
105572.51220703125
105229.240234375
104905.45263671875
104582.94140625
104266.66943359375
103965.98681640625
103660.7138671875
103355.01171875
103070.00732421875
102766.11962890625
102482.50048828125
102203.98486328125
101931.9033203125
101659.12744140625
101392.888671875
101135.02392578125
100886.322265625
100630.53759765625
100386.8505859375
100149.966796875
99920.11376953125
99696.17529296875
99482.93017578125
99266.11376953125
99059.32470703125
98854.396484375
98652.72509765625
98454.54833984375
98250.6826171875
98066.23388671875
97874.79296875
97692.75341796875
97512.65673828125
97337.17333984375
97163.71459960938
96994.2294921875
96821.869140625
96661.8271484375
96496.09497070312
96339.94921875
96187.9560546875
96029.93115234375
95881.2978515625
95726.20556640625
95589.2578125
95446.59204101562
95315.24609375
95173.50708007812
94993.14086914062
94836.80639648438
94699.568359375
94584.15234375
94447.2314453125
94323.4541015625
94197.9462890625
94082.1845703125
93967.85498046875
93854.46533203125
93727.90698242188
93577.59521484375
93471.75805664062
93361.123046875
93265.62939453125
93173.74755859375
93074.11376953125
92974.5703125
92865.65869140625
92771.279296875
92688.80297851562
92583.3701171875
92502.6435546875
92415.79467773438
92334.94189453125
92257.40356445312
92175.865234375
92102.14331054688
92026.34887695312
91948.4208984375
91917.01977539062
91808.109375
91749.66796875
91677.51782226562
91598.31420898438
91536.38037109375
91478.55419921875
91410.44799804688
91361.30615234375
91290.03857421875
91229.10986328125
91169.85717773438
91110.64453125
91050.2724609375
90994.58251953125
90942.59619140625
90891.39453125
90840.78125
90794.4716796875
90742.73681640625
90695.2724609375
90648.3662109375
90603.58447265625
90558.71899414062
90516.6572265625
90473.1064453125
90434.8798828125
90394.24877929688
90355.359375
90317.03735351562
90281.33154296875
90244.37841796875
90212.16552734375
90177.25244140625
90141.97802734375
90109.86499023438
90072.51123046875
90036.07739257812
90003.712890625
89963.54052734375
89933.35546875
89901.52905273438
