cost:	
1987026.1875
983967.791015625
957206.099609375
927153.1303710938
899977.59765625
871124.5078125
837024.21484375
804819.4921875
773195.6118164062
741516.2578125
713826.2236328125
685898.0024414062
659367.9521484375
633312.580078125
609078.0151367188
583622.4497070312
564521.4184570312
543870.0883789062
519381.98681640625
498769.84521484375
481345.29296875
463483.98779296875
448040.37158203125
432216.6481933594
418330.76318359375
408307.9931640625
398720.1640625
386203.7255859375
375649.3603515625
364281.9978027344
355708.1513671875
348315.08349609375
341218.98095703125
335669.1867675781
330475.302734375
324491.14404296875
319009.73876953125
314210.55615234375
310827.98291015625
307171.96728515625
303499.5322265625
299147.23583984375
295744.2145996094
293091.1457519531
290119.046875
288958.0146484375
287238.8762207031
285069.7761230469
282424.19873046875
279435.078125
275141.5925292969
271090.5261230469
268418.1796875
267740.2578125
267322.2727050781
267005.10498046875
267258.3933105469
266536.0947265625
264008.8688964844
263310.9562988281
262206.8078613281
261262.66015625
259813.19653320312
260599.84765625
261150.49731445312
258992.00244140625
257052.07934570312
255150.59838867188
254889.865234375
257035.35278320312
259511.69897460938
258734.31274414062
255036.17895507812
253023.56616210938
250746.5361328125
249647.064453125
249137.75830078125
249395.07592773438
250055.64599609375
250075.90185546875
250574.94287109375
250487.99536132812
250139.59692382812
251349.7470703125
252069.77368164062
252427.533203125
251900.18603515625
250215.0029296875
247603.1630859375
245550.79443359375
244711.27294921875
246931.75024414062
249757.73779296875
247571.63427734375
246416.95922851562
245740.26635742188
244169.14526367188
243082.02685546875
244256.09204101562
244685.54931640625
246168.29760742188
242933.10009765625
241241.20336914062
240158.02880859375
239895.83837890625
239684.09497070312
239485.7490234375
239525.35400390625
240759.14672851562
240263.91162109375
240713.26342773438
241285.37036132812
240771.44604492188
241941.65478515625
242248.99072265625
241757.30737304688
241422.34716796875
241417.9072265625
243745.54345703125
240026.14672851562
238070.91137695312
237220.11865234375
237696.76342773438
239509.81494140625
240963.80444335938
241268.35791015625
242609.23266601562
239672.46997070312
237478.92529296875
237679.56030273438
236931.12646484375
236991.3427734375
235567.16186523438
236023.86401367188
237150.65161132812
240319.111328125
240491.62060546875
239399.84301757812
236660.35571289062
235338.173828125
235457.70678710938
235268.32495117188
235452.83618164062
235221.33862304688
236066.23583984375
236381.56762695312
237937.24560546875
237247.525390625
236070.4189453125
235917.36376953125
234347.89819335938
232772.46362304688
232751.61108398438
234427.13916015625
233786.455078125
232896.18334960938
233987.36938476562
235876.7626953125
236407.31103515625
234931.09887695312
234993.31787109375
233751.46337890625
232427.95434570312
232666.31567382812
233206.04858398438
233712.8837890625
233259.689453125
231908.07592773438
231826.63916015625
232596.69580078125
232084.56201171875
232151.65844726562
232854.88598632812
232964.865234375
233858.142578125
234910.91430664062
235730.77563476562
233355.42578125
232492.92993164062
231923.89306640625
233260.146484375
232150.31591796875
231579.79077148438
232325.90405273438
233018.77563476562
232996.10302734375
232984.59326171875
231280.38061523438
230615.68481445312
230776.76000976562
235087.74438476562
235143.826171875
233976.14794921875
231873.68505859375
230689.55346679688
230243.45825195312
229470.2470703125
228984.41235351562
228735.81616210938
229820.10913085938
229930.26318359375
230674.34741210938
229903.40942382812
229047.07666015625
227903.34790039062
228130.87524414062
227851.01586914062
228184.80322265625
228094.21215820312
228097.1875
229974.59228515625
230445.54296875
230456.47583007812
230726.869140625
229679.02856445312
229771.97241210938
231910.28125
232144.62548828125
230449.400390625
227914.63256835938
226486.6708984375
229093.5380859375
230193.10180664062
229166.64013671875
227589.26416015625
227205.80053710938
226629.14086914062
226659.67993164062
227068.47387695312
226877.82055664062
227224.9150390625
228261.89697265625
229078.08618164062
229990.57275390625
229835.34741210938
228368.10888671875
227536.7373046875
227820.43701171875
228533.18188476562
227843.50048828125
227994.70532226562
227061.42626953125
228091.78100585938
228837.125
228649.94995117188
228688.01342773438
229056.75268554688
228908.9111328125
228237.41455078125
227012.435546875
225221.31616210938
224500.84545898438
224559.10498046875
224836.02124023438
225540.83081054688
226543.5634765625
227810.2216796875
227096.2294921875
227764.59521484375
227223.54833984375
226767.76904296875
225272.35473632812
224722.58911132812
224870.51782226562
225049.95874023438
225939.90600585938
226604.09838867188
226128.70092773438
225560.4912109375
225569.916015625
225486.55151367188
225263.4765625
225058.8330078125
225025.94970703125
224929.06518554688
227666.6650390625
228368.03295898438
227500.82202148438
226293.2255859375
227447.02685546875
227659.48974609375
225695.88745117188
223975.7353515625
223465.25512695312
223328.38940429688
224695.5302734375
224114.50610351562
224054.5927734375
224322.083984375
224551.08251953125
224417.74584960938
224493.482421875
225466.79638671875
225078.35815429688
225181.859375
227472.18237304688
226569.71728515625
225837.72143554688
225340.79956054688
224952.20532226562
224451.77368164062
222845.53491210938
222350.83764648438
221677.6630859375
222105.72509765625
222323.11108398438
222753.69506835938
223686.16552734375
223421.67211914062
222854.00805664062
222476.2509765625
222161.11743164062
222561.84423828125
222818.44653320312
222778.013671875
223638.93994140625
224646.421875
224133.1416015625
223456.97583007812
223468.3681640625
223513.41674804688
223563.84619140625
223521.35595703125
223636.9638671875
223128.9189453125
223118.97680664062
223119.9501953125
223177.98974609375
222854.853515625
222819.22729492188
225458.96704101562
228848.82250976562
228012.37280273438
225100.13720703125
222294.74658203125
220949.787109375
220665.99340820312
220901.70703125
221001.21508789062
222119.03833007812
221941.61962890625
222309.14526367188
223275.16186523438
223558.822265625
224674.8505859375
224287.69775390625
222664.1787109375
221756.55712890625
221372.18237304688
221713.6728515625
220686.17846679688
220333.93701171875
220421.56689453125
220191.8154296875
220267.41967773438
220132.32055664062
220733.18432617188
221545.24633789062
221296.326171875
221501.30078125
220819.17626953125
220878.4052734375
221156.720703125
221653.87255859375
221899.91943359375
221082.96826171875
221309.69116210938
221179.39013671875
220177.52026367188
219870.70751953125
219723.74609375
220095.53784179688
220169.27734375
220500.33081054688
221460.52465820312
221855.16870117188
222262.08862304688
223477.6416015625
222988.85400390625
221319.82250976562
220149.7412109375
220521.45385742188
220527.93774414062
220307.1240234375
220603.10791015625
221822.62426757812
221537.22729492188
221815.00659179688
222688.49658203125
221437.123046875
220074.62963867188
219790.74072265625
220106.11328125
219805.197265625
219601.75048828125
219469.09912109375
219642.70166015625
219796.32275390625
219775.08935546875
219600.279296875
