cost:	
1206423.5390625
1077715.578125
944168.31640625
829077.80078125
723263.69140625
630917.26171875
551406.703125
482001.513671875
421259.517578125
368515.1005859375
323851.095703125
284711.462890625
251899.138671875
224172.5869140625
200427.21923828125
180459.27294921875
163870.34033203125
150383.6083984375
138816.5712890625
129310.2177734375
121525.5771484375
115388.31103515625
110284.3876953125
106195.2958984375
102826.8369140625
100182.3359375
98032.42309570312
96329.4267578125
95048.58935546875
93974.0908203125
93131.87353515625
92469.39892578125
91951.62060546875
91560.208984375
91225.95654296875
90982.375
90784.18188476562
90621.0791015625
90499.6767578125
90399.40185546875
90323.00244140625
90262.22265625
90200.86474609375
90161.85913085938
90125.86962890625
90102.93310546875
90068.30078125
90042.8623046875
90020.38525390625
90013.95703125
89990.46923828125
89982.23754882812
89967.52392578125
89954.1181640625
89944.11889648438
89938.77587890625
89928.3837890625
89915.85205078125
89914.666015625
89901.3994140625
89897.18408203125
89885.5107421875
89882.36499023438
89878.47875976562
89872.1103515625
89862.70947265625
89861.96508789062
89850.95678710938
89848.7919921875
89843.05200195312
89838.22045898438
89833.68505859375
89821.41625976562
89816.89599609375
89821.11376953125
89808.32592773438
89804.76831054688
89791.60571289062
89781.7626953125
89782.57763671875
89774.47045898438
89761.49829101562
89755.68920898438
89759.69189453125
89737.51220703125
89734.2275390625
89728.87475585938
89713.1796875
89705.40258789062
89704.08349609375
89676.86206054688
89675.20434570312
89667.74609375
89653.11279296875
89635.72607421875
89613.4365234375
89609.6201171875
89578.31762695312
89561.1748046875
89541.80639648438
89519.07763671875
89497.919921875
89477.87646484375
89462.35766601562
89445.62548828125
89438.19458007812
89420.93701171875
89407.38427734375
89386.75146484375
89385.4970703125
89364.630859375
89347.53466796875
89327.640625
89317.73193359375
89295.51489257812
89293.80200195312
89268.6650390625
89253.2880859375
89229.89404296875
89204.916015625
89151.95922851562
89075.41186523438
89026.58349609375
88664.7890625
88203.49072265625
87745.98510742188
87452.13208007812
87223.6181640625
87027.46533203125
86845.146484375
86548.31201171875
86401.548828125
86240.5947265625
86112.677734375
85997.80395507812
85925.033203125
85855.080078125
85789.50048828125
85725.2529296875
85658.048828125
85592.27880859375
85493.7890625
85416.78784179688
85346.84423828125
85273.50415039062
85179.724609375
85118.5439453125
85026.529296875
84920.61767578125
84784.2373046875
84511.7265625
84208.86303710938
83993.10595703125
83821.44506835938
83696.23315429688
83525.76538085938
83108.58935546875
82800.34985351562
82436.94970703125
82266.15087890625
82039.41137695312
81904.01245117188
81789.36474609375
81671.32006835938
81531.41088867188
81401.36767578125
81283.00415039062
81157.59301757812
81025.7724609375
80795.81616210938
80650.65014648438
80522.38818359375
80389.92236328125
80260.9951171875
80048.296875
79944.5625
79853.98315429688
79772.86499023438
79683.20922851562
79613.03637695312
79531.2802734375
79462.41357421875
79389.62817382812
79322.3076171875
79247.93896484375
79177.42163085938
79107.39208984375
79037.50561523438
78967.05810546875
78795.189453125
78715.126953125
78582.619140625
78413.6650390625
78315.7900390625
78229.9912109375
78161.7802734375
78083.84594726562
78016.92358398438
77957.5029296875
77895.06884765625
77829.31469726562
77764.27783203125
77707.9765625
77651.53881835938
77578.78271484375
77520.38671875
77461.78295898438
77407.0888671875
77343.70166015625
77283.29345703125
77225.6767578125
77169.89404296875
77103.10522460938
77033.16040039062
76965.1103515625
76892.90869140625
76692.4052734375
76610.66381835938
76537.3759765625
76478.62548828125
76415.02587890625
76360.05737304688
76291.98315429688
76205.06103515625
76136.7333984375
76076.41259765625
76007.58081054688
75953.63134765625
75908.19677734375
75827.951171875
75757.82275390625
75697.43676757812
75638.78173828125
75565.32080078125
75510.07836914062
75436.86889648438
75381.5166015625
75314.13745117188
75250.822265625
75184.71240234375
75129.62963867188
75062.9990234375
75002.19897460938
74948.6884765625
74900.94458007812
74837.41821289062
74776.51171875
74712.53295898438
74655.86279296875
74605.48510742188
74547.083984375
74489.4228515625
74434.80859375
74372.8935546875
74321.13842773438
74262.70068359375
74199.97583007812
74148.109375
74096.90942382812
74033.47705078125
73979.30395507812
73931.40771484375
73872.28125
73786.35083007812
73635.46557617188
73571.72827148438
73500.81469726562
73429.41284179688
73376.86279296875
73324.1884765625
73266.78125
73182.5283203125
73125.06372070312
73068.7724609375
73004.69067382812
72945.08740234375
72884.99243164062
72829.20043945312
72765.3759765625
72708.28271484375
72658.61596679688
72605.14038085938
72554.98950195312
72486.90869140625
72423.26831054688
72365.23657226562
72304.50903320312
72232.27465820312
72178.46899414062
72126.4638671875
72072.94873046875
72016.70825195312
71947.49658203125
71889.66186523438
71808.53393554688
71749.15380859375
71677.91064453125
71592.85766601562
71538.181640625
71469.48999023438
71403.17163085938
71352.07348632812
71307.0947265625
71242.671875
71189.05053710938
71128.85961914062
71075.07568359375
71023.87744140625
70964.859375
70906.87670898438
70858.80615234375
70811.0927734375
70753.9755859375
70695.5078125
70636.38110351562
70583.13110351562
70527.85229492188
70478.88208007812
70417.27905273438
70362.86572265625
70306.97607421875
70241.4873046875
70193.29248046875
70137.26977539062
70097.95361328125
70040.88208007812
69983.2880859375
69946.31860351562
69881.3369140625
69822.693359375
69759.76342773438
69704.47583007812
69651.03833007812
69604.93334960938
69541.85180664062
69492.30981445312
69444.29028320312
69348.05493164062
69245.75415039062
69131.8984375
69058.42236328125
68996.32934570312
68952.08544921875
68904.44580078125
68842.69946289062
68787.13720703125
68738.61596679688
68660.0078125
68614.72314453125
68556.13500976562
68495.96752929688
68411.3359375
68354.6865234375
68302.73217773438
68237.59716796875
68179.64916992188
68142.32836914062
68093.48193359375
68034.07568359375
67985.43579101562
67937.96411132812
67881.65551757812
67864.46459960938
67827.6357421875
67779.62817382812
67732.16943359375
67642.12036132812
67576.75
67510.41918945312
67447.32788085938
67419.439453125
67343.81298828125
67290.96948242188
67240.73388671875
67141.22094726562
67100.54321289062
67055.96923828125
66995.76220703125
66950.7998046875
66910.29858398438
66867.64599609375
66804.01513671875
66702.39404296875
66630.029296875
66609.88525390625
66552.0908203125
66495.92724609375
66438.55053710938
66369.90551757812
66283.3056640625
66186.97680664062
66147.94580078125
66086.88232421875
66048.53247070312
65993.5
65944.95263671875
65906.49780273438
65862.49877929688
65813.0498046875
65762.6201171875
