cost:	
818787.275390625
154349.08251953125
138960.3251953125
106368.373046875
100915.46533203125
97405.6904296875
95893.103515625
95020.40283203125
94393.93505859375
93729.18408203125
93229.9892578125
92456.32763671875
91520.7490234375
90837.50634765625
90000.7548828125
88884.41455078125
87947.595703125
86941.95947265625
85833.45434570312
84922.23828125
83781.01904296875
82763.5517578125
81573.53930664062
80601.98974609375
79547.56787109375
78500.916015625
77559.73046875
76452.43139648438
75490.82153320312
74527.1005859375
73535.90673828125
72680.88696289062
71756.0341796875
70886.3125
70135.23046875
69196.57006835938
68480.50073242188
67508.978515625
66689.705078125
65981.54809570312
65184.594970703125
64510.655517578125
63715.549560546875
63003.11083984375
62248.613037109375
61507.2978515625
60676.542724609375
60098.767333984375
59276.94873046875
58540.94775390625
57674.65625
57148.69775390625
56336.672607421875
55748.544189453125
55051.905517578125
54428.265380859375
53687.241943359375
53062.184326171875
52426.998046875
51705.682373046875
51074.78125
50413.716064453125
49735.221435546875
49100.41259765625
48428.36865234375
47864.64892578125
47109.56103515625
46500.641357421875
45792.573486328125
45206.400390625
44579.1025390625
43938.619384765625
43353.799072265625
42708.45361328125
42126.366943359375
41508.963134765625
40941.11865234375
40310.981201171875
39768.502685546875
39210.93603515625
38611.319091796875
38092.397705078125
37540.8623046875
36937.906005859375
36426.00146484375
35874.85803222656
35342.342041015625
34817.61669921875
34285.241455078125
33778.509521484375
33307.6318359375
32778.640380859375
32296.372314453125
31832.771118164062
31373.749389648438
30927.415161132812
30452.11669921875
29998.73486328125
29579.351806640625
29128.3037109375
28680.014404296875
28311.441162109375
27934.902099609375
27542.59912109375
27168.788330078125
26815.080322265625
26441.268676757812
26100.550048828125
25791.48974609375
25417.856689453125
25094.501220703125
24762.763916015625
24439.69921875
24130.91943359375
23843.110229492188
23553.341918945312
23267.4345703125
22995.518798828125
22705.69482421875
22432.794921875
22152.765869140625
21905.982055664062
21643.95263671875
21426.88134765625
21198.878662109375
20981.06298828125
20772.082641601562
20550.852172851562
20333.361206054688
20104.19384765625
19894.716186523438
19712.3056640625
19470.354125976562
19304.723999023438
19109.922241210938
18907.526733398438
18718.804931640625
18560.117919921875
18394.751953125
18229.509887695312
18068.056518554688
17899.205810546875
17757.27783203125
17606.916748046875
17452.06494140625
17316.869018554688
17158.163940429688
17006.48486328125
16893.222045898438
16775.792724609375
16644.70947265625
16516.821044921875
16400.6962890625
16282.848754882812
16175.570678710938
16072.158447265625
15963.658447265625
15848.845825195312
15762.5703125
15690.389404296875
15644.7265625
15566.30859375
15425.755249023438
15309.034301757812
15214.388549804688
15111.5107421875
15031.512084960938
14917.26416015625
14839.66015625
14761.538696289062
14684.789672851562
14594.778198242188
14504.151245117188
14434.411254882812
14351.608154296875
14292.610473632812
14215.684326171875
14146.244873046875
14081.677612304688
14013.21875
13953.8359375
13899.509887695312
13841.798583984375
13779.514282226562
13724.565551757812
13666.2109375
13602.251831054688
13559.22265625
13501.142578125
13449.314453125
13402.904174804688
13364.955200195312
13328.24462890625
13278.6806640625
13272.974731445312
13251.025512695312
13260.195068359375
13206.010009765625
13131.460205078125
13051.941528320312
13041.623046875
13010.093383789062
12951.063110351562
12863.469604492188
12809.270141601562
12763.680419921875
12715.726440429688
12682.440673828125
12630.40380859375
12593.64892578125
12551.62939453125
12529.68896484375
12487.919067382812
12451.492431640625
12415.263916015625
12379.247192382812
12389.6845703125
12401.499877929688
12386.873413085938
12480.470703125
12480.149047851562
12388.058471679688
12297.550170898438
12265.612182617188
12247.815795898438
12179.275756835938
12134.821533203125
12103.573120117188
12072.719360351562
12086.887573242188
12079.94091796875
12056.3447265625
12096.841064453125
12250.445678710938
12156.2822265625
12025.404418945312
11989.820434570312
11907.0859375
11881.045776367188
11832.145751953125
11801.451171875
11770.713012695312
11719.97998046875
11668.114624023438
11651.897338867188
11634.967407226562
11615.397583007812
11580.699096679688
11574.463989257812
11558.2392578125
11547.857421875
11527.687866210938
11501.420288085938
11478.217895507812
11463.845947265625
11438.351806640625
11419.427124023438
11395.877563476562
11388.3994140625
11359.112548828125
11342.130859375
11316.593872070312
11306.943725585938
11282.406127929688
11279.8251953125
11261.696655273438
11255.939819335938
11230.847900390625
11217.065063476562
11212.629272460938
11209.03759765625
11209.008056640625
11203.684692382812
11187.41015625
11161.654418945312
11149.019653320312
11133.332153320312
11130.193237304688
11136.719970703125
11138.515625
11159.5615234375
11167.936157226562
11148.831176757812
11138.980102539062
11167.760559082031
11132.397583007812
11095.695617675781
11055.609741210938
11039.078552246094
11014.720825195312
11019.903442382812
10979.4736328125
10965.760314941406
10969.259765625
10998.501342773438
11029.270568847656
11012.80126953125
10986.160278320312
11018.319274902344
10987.43603515625
10922.618957519531
10880.87841796875
10872.1162109375
10870.080810546875
10860.833190917969
10835.194091796875
10808.613037109375
10791.117248535156
10767.445007324219
10757.164367675781
10743.088745117188
10746.511901855469
10753.9345703125
10731.003356933594
10711.978088378906
10687.319885253906
10688.721984863281
10673.223510742188
10666.953674316406
10686.603454589844
10760.799682617188
10811.58251953125
10842.413635253906
10855.959106445312
10815.181030273438
10827.014892578125
10772.692932128906
10724.324462890625
10696.096313476562
10680.115356445312
10657.451904296875
10641.654052734375
10623.581726074219
10621.028686523438
10616.355773925781
10601.791015625
10561.072448730469
10534.332214355469
10511.740051269531
10507.207336425781
10503.332336425781
10490.426391601562
10485.490783691406
10470.005798339844
10467.999572753906
10461.081359863281
10458.530334472656
10455.160888671875
10456.953857421875
10446.346313476562
10435.005981445312
10433.576293945312
10412.312805175781
10400.4541015625
10389.949951171875
10382.842041015625
10386.472961425781
10380.271789550781
10376.200561523438
10359.843322753906
10355.146240234375
10346.106506347656
10334.954895019531
10329.924987792969
10316.398376464844
10316.620056152344
10310.97119140625
10308.580505371094
10294.39794921875
10301.902709960938
10294.731201171875
10305.728942871094
10302.985107421875
10307.618530273438
10338.092163085938
10306.793334960938
10300.123962402344
10288.275390625
10288.932373046875
10282.2158203125
10274.014038085938
10279.451049804688
10298.445007324219
10305.278686523438
10323.516296386719
10340.915466308594
10344.567077636719
10295.185302734375
10308.63037109375
10297.061096191406
10276.267150878906
10277.940612792969
10335.744262695312
10465.827209472656
10424.802307128906
10333.108764648438
10337.204223632812
10339.761840820312
10324.088317871094
10262.55712890625
