cost:	
1203795.61328125
1078913.38671875
949203.2421875
832254.30078125
728203.65234375
634787.79296875
555934.51953125
485444.298828125
424574.35546875
372009.705078125
327203.380859375
288185.466796875
254780.8896484375
226742.1396484375
202531.12646484375
182981.17822265625
166047.76513671875
151739.21630859375
140287.80224609375
130768.86376953125
122798.5693359375
116395.77392578125
111187.85986328125
106905.9072265625
103486.8837890625
100762.93798828125
98506.16455078125
96744.712890625
95337.04931640625
94243.33911132812
93380.07373046875
92688.58813476562
92132.16552734375
91699.36376953125
91354.88623046875
91071.6435546875
90871.2880859375
90721.50073242188
90571.11254882812
90470.08837890625
90384.3603515625
90322.2529296875
90251.75610351562
90212.21215820312
90177.29248046875
90145.13598632812
90110.30932617188
90098.310546875
90069.18603515625
90049.12548828125
90030.39208984375
90012.5
90004.50341796875
89987.0146484375
89982.609375
89974.10107421875
89965.73071289062
89955.17529296875
89945.486328125
89938.43359375
89927.29443359375
89920.90087890625
89913.29248046875
89904.52807617188
89907.00146484375
89902.24047851562
89883.7978515625
89877.607421875
89887.0751953125
89870.01904296875
89861.21923828125
89860.029296875
89847.17041015625
89834.318359375
89829.38305664062
89830.78857421875
89814.3046875
89801.82470703125
89803.08569335938
89790.623046875
89775.61572265625
89764.33056640625
89757.49194335938
89737.49658203125
89745.11962890625
89716.59765625
89702.45068359375
89700.3857421875
89676.64526367188
89658.205078125
89651.29418945312
89644.060546875
89621.462890625
89609.86328125
89598.66796875
89581.49609375
89566.59375
89541.69458007812
89532.44140625
89506.94946289062
89480.1591796875
89471.80859375
89456.09326171875
89431.017578125
89407.5712890625
89390.64892578125
89377.4091796875
89357.97045898438
89333.5634765625
89310.91064453125
89281.52563476562
89237.5087890625
89197.53491210938
89175.41650390625
89128.79931640625
89097.86572265625
89062.1591796875
89034.30102539062
89018.06958007812
88975.17211914062
88881.19775390625
88793.83544921875
88680.32006835938
88211.87890625
87850.43188476562
87112.28759765625
86658.02807617188
86309.02294921875
86043.28662109375
85808.673828125
85509.50732421875
85294.69018554688
84979.0927734375
84694.40185546875
84427.13916015625
84229.73388671875
84050.232421875
83871.86499023438
83702.70263671875
83528.15771484375
83316.49829101562
83149.0712890625
83011.78369140625
82824.38793945312
82622.083984375
82488.974609375
82328.06420898438
82220.49951171875
82100.603515625
82009.205078125
81913.54736328125
81790.62744140625
81510.3583984375
81411.27026367188
81335.05029296875
81238.89404296875
81152.83374023438
81045.33618164062
80937.95532226562
80783.6748046875
80699.76416015625
80616.4453125
80538.75561523438
80455.27661132812
80383.45581054688
80309.99145507812
80241.83984375
80172.94873046875
80081.87915039062
80018.87158203125
79948.2861328125
79871.69555664062
79783.79467773438
79706.88208007812
79532.65087890625
79460.55297851562
79380.10302734375
79313.15869140625
79084.57666015625
79009.28930664062
78931.88647460938
78862.22119140625
78785.7490234375
78716.95581054688
78643.94165039062
78554.01538085938
78496.77490234375
78437.625
78373.84130859375
78316.52001953125
78249.84545898438
78164.94213867188
78113.11572265625
78054.06103515625
78000.67456054688
77944.48754882812
77889.90234375
77837.02661132812
77775.68286132812
77726.50610351562
77672.91015625
77627.056640625
77562.57153320312
77512.94091796875
77451.39379882812
77386.83447265625
77335.77807617188
77272.53955078125
77211.45703125
77153.60327148438
77097.46557617188
77041.11376953125
76990.50146484375
76926.94091796875
76845.23559570312
76744.25463867188
76665.61303710938
76593.07055664062
76525.59594726562
76347.62353515625
76176.50146484375
76113.03637695312
76057.69091796875
75969.09423828125
75907.10888671875
75835.69311523438
75775.46606445312
75696.5654296875
75622.96533203125
75577.81494140625
75508.9384765625
75446.82446289062
75391.10620117188
75334.8193359375
75274.61865234375
75215.09692382812
75151.89086914062
75088.45703125
75039.4501953125
74979.97192382812
74922.04418945312
74862.27783203125
74803.98901367188
74749.83764648438
74687.8818359375
74625.62622070312
74570.6103515625
74506.03588867188
74460.36328125
74391.45141601562
74343.1572265625
74287.22436523438
74232.29638671875
74177.15869140625
74130.24487304688
74088.85620117188
74025.49658203125
73956.328125
73889.990234375
73828.24682617188
73763.71020507812
73706.67163085938
73660.04370117188
73594.68969726562
73522.04638671875
73467.5830078125
73404.41064453125
73353.22314453125
73282.30810546875
73217.2431640625
73164.30224609375
73103.84643554688
73050.97583007812
72984.1171875
72912.18359375
72831.27221679688
72776.8642578125
72707.06689453125
72650.50390625
72602.6826171875
72558.30908203125
72501.3740234375
72450.51171875
72388.01953125
72334.9248046875
72265.52563476562
72207.5927734375
72156.15087890625
72102.64306640625
72054.96264648438
72012.19921875
71945.4931640625
71890.98779296875
71837.2177734375
71767.4736328125
71727.1728515625
71671.36572265625
71616.04150390625
71557.12280273438
71500.32080078125
71428.759765625
71326.38208007812
71273.41748046875
71156.77514648438
71068.15795898438
71008.53955078125
70963.98266601562
70905.43237304688
70842.513671875
70790.92358398438
70745.78686523438
70697.21411132812
70654.47412109375
70587.17626953125
70537.39208984375
70485.89697265625
70437.99536132812
70394.62182617188
70339.1689453125
70276.70874023438
70216.9638671875
70162.3583984375
70129.35034179688
70065.78247070312
70001.46948242188
69915.91137695312
69852.14208984375
69797.9189453125
69752.22827148438
69669.71044921875
69618.748046875
69560.70166015625
69496.62890625
69436.3017578125
69382.8232421875
69336.46459960938
69299.71630859375
69241.6533203125
69205.720703125
69148.21118164062
69093.62573242188
69045.2236328125
68994.58374023438
68942.66455078125
68901.62158203125
68861.52490234375
68804.513671875
68749.40161132812
68681.47998046875
68642.02465820312
68591.01708984375
68531.46533203125
68486.00366210938
68469.11572265625
68412.888671875
68352.04467773438
68294.92529296875
68230.76928710938
68171.50463867188
68131.51879882812
68094.703125
68061.53662109375
67999.78442382812
67954.5224609375
67894.140625
67849.09057617188
67802.5791015625
67765.29248046875
67713.75219726562
67674.79345703125
67613.01220703125
67563.94189453125
67521.18823242188
67473.62231445312
67432.43408203125
67386.81713867188
67342.73486328125
67286.94140625
67233.994140625
67174.27905273438
67134.884765625
67093.1845703125
67050.3828125
67016.43701171875
66961.26171875
66917.71948242188
66871.68041992188
66835.36572265625
66790.021484375
66734.43701171875
66679.89587402344
66642.13916015625
66581.96826171875
66500.0595703125
66437.22583007812
66388.3505859375
66332.615234375
66269.99780273438
66223.99755859375
66156.1787109375
