cost:	
1076561.26953125
606575.990234375
281947.7958984375
138869.69140625
100327.06982421875
94556.59228515625
93199.18701171875
91995.291015625
91315.46826171875
91062.17578125
90914.2255859375
90869.21655273438
90788.86059570312
90729.9306640625
90704.33154296875
90629.40478515625
90628.24072265625
90602.56176757812
90626.65869140625
90592.109375
90568.0400390625
90515.1796875
90522.73559570312
90505.06176757812
90462.83251953125
90456.93530273438
90459.14794921875
90498.26245117188
90430.81958007812
90412.61865234375
90447.2607421875
90392.0703125
90431.10473632812
90357.76489257812
90410.26879882812
90427.8779296875
90288.759765625
90303.04296875
90390.81982421875
90287.93701171875
90333.54345703125
90310.82958984375
90314.80126953125
90311.66796875
90273.15991210938
90320.90576171875
90277.3583984375
90240.08251953125
90255.8330078125
90234.78637695312
90140.40625
90137.7958984375
90139.08203125
90102.76123046875
90107.1953125
90094.990234375
90067.85400390625
90038.9755859375
90089.1962890625
90008.18603515625
90035.1787109375
89939.01586914062
89996.13330078125
90011.640625
89943.96533203125
89947.06103515625
89941.1826171875
89848.88452148438
89868.0859375
89871.72265625
89806.28515625
89729.80615234375
89688.48486328125
89697.80810546875
89764.412109375
89659.34936523438
89677.91943359375
89629.13208007812
89486.0107421875
89494.890625
89270.65673828125
89084.77856445312
88833.04150390625
88660.31884765625
88315.05444335938
88236.40283203125
87975.13208007812
87666.6591796875
87449.68432617188
87161.63134765625
87012.1875
86727.794921875
86500.2216796875
86213.8916015625
86009.2939453125
85787.529296875
85550.84814453125
85281.27172851562
85040.19018554688
84909.41284179688
84602.87915039062
84335.96704101562
84139.81787109375
83913.27905273438
83687.3017578125
83449.25927734375
83201.79809570312
82987.6826171875
82715.36010742188
82454.8466796875
82145.02294921875
81856.544921875
81523.591796875
81312.2119140625
80992.05126953125
80738.41162109375
80453.04736328125
80266.6376953125
79999.83520507812
79719.16650390625
79439.21606445312
79195.49829101562
78905.28466796875
78676.11328125
78377.75341796875
78196.5380859375
77986.80078125
77747.341796875
77484.20483398438
77267.716796875
77039.86206054688
76828.07690429688
76600.951171875
76329.81201171875
76144.50634765625
75903.97534179688
75680.9775390625
75390.87182617188
75198.52978515625
74931.43872070312
74693.9169921875
74393.244140625
74098.10961914062
73881.20458984375
73572.03393554688
73324.95166015625
73080.70581054688
72861.39794921875
72525.14282226562
72312.34423828125
72000.45581054688
71731.5380859375
71478.71630859375
71272.66259765625
70955.22412109375
70677.04223632812
70389.65600585938
70117.7841796875
69757.68505859375
69443.67895507812
69139.8857421875
68779.60791015625
68458.087890625
68204.02124023438
67912.404296875
67653.6982421875
67329.05322265625
67040.66821289062
66803.91918945312
66481.73266601562
66191.88427734375
65882.83374023438
65590.857421875
65318.6123046875
65057.754150390625
64817.0302734375
64498.715576171875
64177.916748046875
63893.44384765625
63627.159423828125
63340.44482421875
63023.6513671875
62745.15234375
62482.26953125
62197.46142578125
61929.683837890625
61638.99755859375
61393.47265625
61110.424560546875
60828.608642578125
60542.688232421875
60252.717529296875
59975.457275390625
59661.449951171875
59383.580078125
59082.833740234375
58794.6904296875
58558.7734375
58237.4853515625
57965.2578125
57686.574951171875
57404.009033203125
57104.243896484375
56806.508056640625
56558.481201171875
56234.390869140625
55972.11865234375
55689.38525390625
55461.419921875
55190.31005859375
54904.916015625
54582.59826660156
54307.313232421875
54038.414794921875
53749.925048828125
53484.294189453125
53198.2802734375
52933.32275390625
52665.1181640625
52365.967529296875
52052.74462890625
51765.525146484375
51485.83337402344
51243.569580078125
50879.631103515625
50627.16296386719
50315.919189453125
50049.718017578125
49721.064453125
49452.945068359375
49119.55139160156
48864.747314453125
48565.920166015625
48282.76123046875
47999.53369140625
47725.828125
47420.879150390625
47127.04602050781
46865.96142578125
46555.42041015625
46257.264892578125
45977.03515625
45706.064453125
45412.9970703125
45109.71923828125
44846.882568359375
44561.9619140625
44296.95739746094
43999.008544921875
43707.389404296875
43399.33190917969
43107.57958984375
42884.56335449219
42578.937744140625
42288.13330078125
42041.382568359375
41764.864990234375
41484.271240234375
41212.799072265625
40952.61950683594
40660.99255371094
40423.10900878906
40159.04296875
39897.864013671875
39609.24304199219
39361.13720703125
39102.45104980469
38845.517333984375
38566.91540527344
38321.531494140625
38058.400390625
37807.52197265625
37549.60461425781
37293.26110839844
37053.74658203125
36800.29113769531
36582.53088378906
36331.22668457031
36069.81848144531
35815.49645996094
35585.607666015625
35367.69873046875
35099.48046875
34866.58459472656
34599.998779296875
34355.80895996094
34112.13928222656
33902.986328125
33651.6689453125
33419.18908691406
33185.029541015625
32947.626708984375
32712.498168945312
32516.4658203125
32268.303955078125
32068.96044921875
31821.687133789062
31607.292358398438
31407.3603515625
31176.007690429688
30947.604248046875
30737.595092773438
30528.901000976562
30349.19677734375
30150.97314453125
29938.615356445312
29767.279663085938
29563.94189453125
29352.785278320312
29155.923583984375
28960.852172851562
28773.25732421875
28590.401245117188
28417.562866210938
28219.518981933594
28024.564575195312
27847.755126953125
27671.101440429688
27483.422241210938
27314.805419921875
27147.857421875
26962.826599121094
26777.16064453125
26594.413940429688
26441.436889648438
26278.719970703125
26101.978149414062
25948.4169921875
25766.78271484375
25609.68603515625
25425.032592773438
25265.441528320312
25091.70263671875
24917.396362304688
24757.311279296875
24589.908935546875
24430.133178710938
24262.901733398438
24102.988830566406
23929.487670898438
23803.067260742188
23618.080932617188
23457.548767089844
23318.63427734375
23177.703247070312
23031.90966796875
22906.91064453125
22750.124389648438
22608.203247070312
22446.36737060547
22299.016357421875
22146.18798828125
22017.025268554688
21885.65869140625
21751.073852539062
21604.629943847656
21475.61798095703
21345.051025390625
21230.437133789062
21085.130126953125
20938.775634765625
20808.531188964844
20703.475646972656
20585.95556640625
20470.93389892578
20346.397705078125
20219.088623046875
20104.70245361328
19970.115356445312
19874.052307128906
19738.165405273438
19612.377319335938
19479.987060546875
19354.45263671875
19251.323791503906
19124.360961914062
19009.102294921875
18910.431518554688
18846.772338867188
18719.888244628906
18608.923217773438
18529.049865722656
18414.7724609375
18321.781799316406
18205.632873535156
18082.94677734375
18002.877685546875
17890.662170410156
17785.796997070312
17676.31512451172
17586.005859375
17497.83331298828
17373.875244140625
17252.66534423828
17147.469116210938
17031.522583007812
16942.294311523438
16848.910400390625
16755.78143310547
16680.85107421875
