cost:	
613002.6284179688
168327.87353515625
113874.9853515625
101036.64501953125
95046.05615234375
91719.55395507812
89395.83349609375
87930.43041992188
86503.2919921875
85214.40625
83694.24291992188
81990.02563476562
80093.3330078125
78410.02270507812
76475.68041992188
74531.64086914062
72596.01977539062
70871.82495117188
68847.86889648438
67273.70727539062
65526.9658203125
63802.6337890625
62031.79296875
60340.30810546875
58629.68359375
57034.6806640625
55406.917724609375
53774.837646484375
52266.637451171875
50802.25390625
49132.822509765625
47661.24353027344
46131.84423828125
44706.109619140625
43252.939697265625
41781.6630859375
40385.17346191406
38952.0703125
37642.4580078125
36376.84558105469
35089.27880859375
33764.01220703125
32571.1787109375
31297.154052734375
30081.742553710938
28950.146728515625
27769.544921875
26709.21533203125
25666.853149414062
24658.160400390625
23673.781005859375
22747.645263671875
21899.174072265625
21043.074951171875
20250.818725585938
19464.219482421875
18735.879760742188
17977.99090576172
17293.984375
16632.685119628906
16000.162353515625
15374.143920898438
14823.592895507812
14262.249694824219
13729.898254394531
13190.293334960938
12699.591430664062
12253.712158203125
11808.90185546875
11351.324157714844
10945.227783203125
10559.948425292969
10165.019256591797
9803.983764648438
9455.170654296875
9128.992553710938
8798.494140625
8506.843566894531
8218.192932128906
7954.2777099609375
7674.198211669922
7416.591522216797
7181.347351074219
6951.975799560547
6736.557556152344
6529.1292724609375
6321.676788330078
6126.50537109375
5947.812347412109
5783.305603027344
5625.1109619140625
5469.760833740234
5316.409484863281
5183.716827392578
5017.000457763672
4882.985534667969
4753.426940917969
4629.858459472656
4515.0369873046875
4404.395782470703
4295.511413574219
4188.713134765625
4105.648010253906
4012.1739196777344
3935.9095764160156
3843.4104614257812
3765.5559692382812
3679.4427185058594
3607.6915893554688
3544.0805053710938
3486.972198486328
3419.0259399414062
3345.6121215820312
3286.1371154785156
3228.8519287109375
3184.2161254882812
3122.6976776123047
3087.140380859375
3032.162841796875
2980.069869995117
2928.9110412597656
2887.835479736328
2846.8419647216797
2800.1102600097656
2758.5509338378906
2724.808883666992
2689.670913696289
2655.383575439453
2630.599853515625
2599.1324157714844
2576.9017639160156
2549.2001953125
2518.9087982177734
2576.0375213623047
2506.0392150878906
2529.100341796875
2432.522705078125
2468.352279663086
2412.7151947021484
2358.509521484375
2340.302001953125
2308.0614166259766
2286.260772705078
2263.1065979003906
2259.191940307617
2254.0608520507812
2280.2142791748047
2215.183151245117
2196.1976318359375
2177.0367736816406
2152.1871032714844
2136.9011993408203
2107.4722290039062
2086.950698852539
2071.4021606445312
2058.014907836914
2038.9533386230469
2026.614013671875
2021.1431732177734
2008.7421112060547
2002.8023834228516
1999.9788818359375
2007.1505737304688
2003.329605102539
2001.1685791015625
2007.2796173095703
1991.9771575927734
1977.769287109375
1946.588119506836
1931.1021728515625
1915.969009399414
1900.797592163086
1901.755874633789
1899.661880493164
1890.947738647461
1878.2461547851562
1875.9410247802734
1888.8164520263672
1872.9293670654297
1867.329086303711
1857.8139038085938
1850.8594207763672
1845.82275390625
1847.6251831054688
1840.3482055664062
1821.4017181396484
1813.9791870117188
1830.7030181884766
1849.2782745361328
1869.7904205322266
1883.5265197753906
1872.3438110351562
1867.4783935546875
1818.3688201904297
1810.2185974121094
1763.8362121582031
1748.2450714111328
1737.3921203613281
1737.0298309326172
1730.2705078125
1721.5362854003906
1719.6021881103516
1708.9404754638672
1711.775131225586
1722.5046844482422
1724.0584564208984
1711.5316314697266
1701.9373626708984
1704.1127624511719
1703.4508056640625
1692.1419677734375
1685.1513977050781
1711.1074676513672
1720.8272857666016
1709.4662322998047
1715.8698425292969
1738.9014434814453
1742.3236541748047
1762.4413757324219
1760.6497344970703
1737.1701965332031
1732.7331085205078
1700.0794525146484
1665.3474426269531
1661.9474792480469
1662.4524383544922
1642.699234008789
1633.4849395751953
1629.7874755859375
1629.1798095703125
1629.2816925048828
1638.4422302246094
1632.943115234375
1625.5500030517578
1646.9773712158203
1699.5430145263672
1704.1119842529297
1752.1357879638672
1769.4476776123047
1792.1528625488281
1893.0630950927734
1848.3495483398438
1752.972671508789
1750.6783447265625
1761.8294982910156
1725.1389465332031
1704.245849609375
1669.083267211914
1637.5149688720703
1617.2686920166016
1587.6444549560547
1562.6807250976562
1555.8434448242188
1554.3926544189453
1552.3671569824219
1551.7948608398438
1579.4125366210938
1605.857192993164
1593.3199615478516
1540.6346740722656
1548.9295196533203
1533.7967529296875
1531.6828918457031
1535.9787902832031
1520.6482543945312
1508.6353149414062
1481.3828125
1484.9285736083984
1476.3191986083984
1469.4219665527344
1463.795394897461
1461.8507843017578
1446.9368591308594
1449.3927917480469
1457.8331909179688
1446.8145446777344
1434.396728515625
1448.160385131836
1436.4105834960938
1442.2283782958984
1446.0343322753906
1453.9361267089844
1458.1477355957031
1442.6887664794922
1477.5043182373047
1470.6179504394531
1449.1556701660156
1451.9023742675781
1465.1528778076172
1499.756362915039
1538.749008178711
1556.808364868164
1574.8059997558594
1597.895523071289
1659.732192993164
1703.3083953857422
1831.2316436767578
1840.3556671142578
1786.2467498779297
1789.2118530273438
1770.1324157714844
1680.1138916015625
1627.085693359375
1571.7381439208984
1531.8362426757812
1509.301498413086
1495.2494049072266
1484.7333984375
1490.2492980957031
1481.2401123046875
1521.1100158691406
1523.8345184326172
1491.5859832763672
1536.8464050292969
1514.7872619628906
1512.2178039550781
1495.5810241699219
1472.3937530517578
1435.8508911132812
1421.107681274414
1407.3780517578125
1399.5471801757812
1392.8043518066406
1409.2343292236328
1416.2775268554688
1412.3826446533203
1380.6990661621094
1358.9160766601562
1347.5093536376953
1345.2111206054688
1353.0272979736328
1338.2860107421875
1334.2119598388672
1319.2835540771484
1320.4301147460938
1325.9491577148438
1327.1367797851562
1323.9419174194336
1329.0313034057617
1339.3672637939453
1356.0131378173828
1385.1925811767578
1385.9293975830078
1393.1583557128906
1391.5158996582031
1389.1856079101562
1393.9696960449219
1384.0979309082031
1403.7498779296875
1404.108154296875
1394.376449584961
1402.0967254638672
1428.5162506103516
1487.132827758789
1560.1746063232422
1560.8750305175781
1610.80029296875
1594.2462768554688
1537.965087890625
1541.436782836914
1520.2272186279297
1507.7839965820312
1494.96484375
1467.494384765625
1486.591079711914
1450.4608612060547
1428.7460174560547
1426.271499633789
1406.5578308105469
1362.0312728881836
1361.110336303711
1354.1415252685547
1357.940200805664
1342.5358505249023
1317.1575393676758
1320.7752380371094
1304.9376220703125
1288.375717163086
1277.1782608032227
1270.2919311523438
1278.2138671875
1288.4659271240234
1314.6147918701172
1326.2629013061523
1371.3009872436523
1404.7413177490234
1416.792221069336
1371.4795227050781
1402.375
1449.503662109375
1427.595474243164
1413.2052917480469
1372.2516021728516
1382.180923461914
1393.8864974975586
1371.8374938964844
1372.4907760620117
1410.6932983398438
1404.3181915283203
1388.938217163086
