cost:	
657790.296875
234833.08203125
162069.6650390625
150805.9072265625
139839.4130859375
133076.388671875
128994.203125
124932.0498046875
121567.068359375
118583.90869140625
115501.2490234375
112711.82568359375
109865.181640625
107340.24462890625
104835.052734375
102479.96875
100149.4453125
98136.9794921875
96305.9384765625
94523.34912109375
92833.01513671875
90792.4560546875
89234.634765625
87595.3251953125
86154.04736328125
84692.08447265625
83317.05419921875
82148.93115234375
81031.2509765625
79831.73193359375
78659.498046875
77769.4599609375
76553.6982421875
75687.33447265625
74743.8984375
73952.77978515625
73012.498046875
72323.47900390625
71442.64404296875
70689.16552734375
69995.84130859375
69179.76953125
68523.69580078125
67993.8662109375
67458.607421875
66713.52392578125
66211.48461914062
65667.1748046875
65071.9453125
64640.85986328125
64109.21923828125
63662.47265625
63275.69580078125
62850.16162109375
62592.62158203125
62395.85888671875
62169.42041015625
61743.49072265625
61413.39208984375
61089.07861328125
60680.9130859375
60279.91796875
60046.03125
59700.42626953125
59463.12646484375
59320.701171875
58938.42724609375
58784.9375
58604.82080078125
58407.30517578125
58227.51318359375
58017.647216796875
57840.364013671875
57541.455078125
57333.2255859375
57247.36767578125
57221.560546875
57159.8681640625
57178.29443359375
56780.417724609375
56682.81201171875
56537.5224609375
56334.2998046875
56163.99951171875
55944.5361328125
55790.32470703125
55757.66357421875
55586.7236328125
55482.7099609375
55282.77294921875
55236.06298828125
55111.771484375
54981.4345703125
54919.90771484375
54895.96484375
54788.1708984375
54862.6484375
54706.3583984375
54536.3486328125
54487.45751953125
54346.54736328125
54242.1845703125
54180.521484375
54125.91748046875
54032.88720703125
53990.30322265625
53970.513916015625
54107.828857421875
54301.977783203125
55049.11279296875
55070.458984375
54438.7021484375
54250.17822265625
53846.529296875
53607.923095703125
53404.0693359375
53362.771240234375
53321.056396484375
53220.3408203125
53209.8564453125
53168.8046875
53305.40380859375
53136.8046875
53130.64990234375
53069.692626953125
53032.79931640625
53016.64111328125
52945.1845703125
52887.848876953125
52943.82861328125
52897.138671875
53107.95703125
53394.4775390625
53628.3876953125
53324.94384765625
53402.37939453125
53171.180419921875
52851.523681640625
52742.2216796875
52531.315673828125
52572.52734375
52491.27490234375
52484.18603515625
52503.812255859375
52408.564453125
52426.97607421875
52378.304443359375
52299.326171875
52393.92919921875
52344.22802734375
52201.54541015625
52229.21484375
52224.997314453125
52205.9033203125
52188.07421875
51993.52587890625
52052.759765625
52023.717529296875
51992.98291015625
51973.966796875
52035.546875
52039.13916015625
52004.61669921875
51937.07861328125
52038.2744140625
52087.62744140625
52069.1572265625
52030.37060546875
52024.1669921875
52111.65966796875
52028.45263671875
52029.69580078125
52124.419677734375
52088.5859375
52163.45361328125
52113.536865234375
51871.1923828125
51873.205322265625
51859.209716796875
51949.47802734375
52004.3349609375
52113.90771484375
52163.999755859375
52211.853515625
52079.208251953125
51884.369140625
51949.804443359375
51826.227783203125
51830.00830078125
51991.6875
51998.2451171875
51890.243896484375
51659.54052734375
51699.0048828125
51638.483154296875
51704.12548828125
51661.3388671875
51542.959716796875
51604.471923828125
51593.8564453125
51447.5712890625
51418.4375
51378.392822265625
51300.1337890625
51428.3876953125
51418.02001953125
51340.51318359375
51437.075927734375
51479.6708984375
51381.01513671875
51446.70947265625
51338.62939453125
51331.84814453125
51383.2216796875
51329.49072265625
51299.044189453125
51355.357421875
51368.979248046875
51368.82763671875
51308.9228515625
51436.044677734375
51448.432373046875
51510.17333984375
51436.85302734375
51524.05712890625
51476.5283203125
51435.298828125
51430.4072265625
51306.48486328125
51242.29736328125
51238.705810546875
51172.29345703125
51271.0458984375
51244.3740234375
51252.5146484375
51385.31982421875
51481.97216796875
51384.437255859375
51237.3203125
51184.80615234375
51124.823974609375
51197.76123046875
51207.8359375
51200.12744140625
51201.788818359375
51188.775634765625
51304.806640625
51236.9970703125
51190.16845703125
51222.94482421875
51188.31591796875
51321.510986328125
51371.806640625
51169.892578125
51096.30224609375
51058.751220703125
51000.0673828125
51005.103515625
50974.08935546875
51003.63232421875
51013.245849609375
51098.3056640625
51021.1494140625
51052.765380859375
51034.477294921875
51044.059326171875
51012.30517578125
50936.0185546875
51007.0654296875
51064.3837890625
50937.54296875
51001.465087890625
51044.62646484375
51012.19677734375
50907.030029296875
50911.169921875
50892.421630859375
50878.116943359375
51045.584716796875
50998.467529296875
51321.1162109375
51489.54052734375
51634.985595703125
51446.628662109375
51201.40380859375
51086.12255859375
51052.1015625
50962.684326171875
51126.93603515625
51415.08349609375
51238.09521484375
51024.59033203125
50942.507568359375
50853.8525390625
50841.962646484375
50867.81689453125
50829.791748046875
50798.519775390625
50781.57080078125
50754.02392578125
50673.370361328125
50725.3701171875
50846.7705078125
50857.7275390625
50728.52783203125
50664.724365234375
50635.011474609375
50622.670654296875
50654.82275390625
50756.098876953125
50674.119873046875
50621.3896484375
50571.42919921875
50615.8291015625
50606.98388671875
50823.68017578125
50859.014892578125
51045.98046875
51250.439697265625
51116.11865234375
50938.20068359375
50944.034912109375
50910.943359375
50736.919189453125
50803.721435546875
50724.553955078125
50760.30078125
50702.7138671875
50613.29345703125
50587.54443359375
50698.541015625
50764.10400390625
50719.546630859375
50699.8798828125
50702.30810546875
50679.125
50718.971435546875
50636.436767578125
50576.694091796875
50570.30078125
50602.642333984375
50670.630126953125
50587.61083984375
50602.09130859375
50513.1708984375
50513.746826171875
50567.505615234375
50667.908447265625
50613.2880859375
50573.13671875
50476.04736328125
50452.183837890625
50429.5830078125
50463.729248046875
50389.587158203125
50522.0654296875
50508.800048828125
50557.0712890625
50609.950439453125
50581.671875
50449.46630859375
50406.86279296875
50484.26904296875
50638.833984375
50632.519775390625
50685.93310546875
50677.469970703125
50528.7744140625
50578.965087890625
50538.22607421875
50472.1640625
50485.93603515625
50511.18017578125
50436.0302734375
50517.91064453125
50442.328369140625
50325.0537109375
50363.736328125
50360.8173828125
50299.99462890625
50503.50244140625
50362.338623046875
50353.0126953125
50419.94775390625
50559.548828125
50574.64111328125
50511.47802734375
50539.0673828125
50518.733154296875
50438.2978515625
50515.67578125
50417.700439453125
50417.376220703125
50331.327880859375
50391.46484375
50390.826171875
50329.646484375
50377.1552734375
50239.3681640625
50276.501220703125
