cost:	
1230218.37109375
1217738.7421875
1205423.01953125
1193209.3671875
1180874.90234375
1168805.046875
1157057.5625
1145246.07421875
1133582.4375
1122278.29296875
1110961.1484375
1099793.1796875
1088663.56640625
1077730.98046875
1066940.9140625
1056259.66015625
1045698.59375
1035209.57421875
1024837.4375
1014443.40234375
1004376.26953125
994294.62109375
984247.21484375
974360.09765625
964449.265625
954791.03125
945170.72265625
935559.5625
926163.25390625
916688.4296875
907561.44921875
898187.19140625
889076.453125
880112.61328125
871021.55859375
862198.20703125
853308.08203125
844651.55859375
836063.6796875
827434.40625
818797.953125
810495.3671875
802173.0390625
793913.193359375
785721.439453125
777563.072265625
769466.23046875
761486.052734375
753599.1328125
745794.0
738209.65234375
730685.71875
723394.48046875
716269.13671875
709069.8203125
701800.03515625
694806.572265625
687774.3515625
680903.09765625
673969.755859375
667103.0
660367.89453125
653682.41015625
647067.458984375
640425.853515625
633947.458984375
627432.78125
620985.68359375
614593.755859375
608334.115234375
602154.2578125
595826.087890625
589679.12890625
583512.83203125
577336.22265625
571292.951171875
565313.943359375
559292.59765625
553389.9453125
547477.314453125
541649.287109375
535800.515625
530085.3359375
524307.080078125
518790.5234375
513196.16015625
507655.46484375
502207.630859375
496776.837890625
491432.90625
486082.1640625
480822.630859375
475694.27734375
470542.869140625
465433.4453125
460461.552734375
455434.314453125
450470.552734375
445642.279296875
440838.052734375
436126.93359375
431583.62890625
427073.130859375
422652.251953125
418187.57421875
413789.267578125
409430.79296875
405076.3974609375
400710.669921875
396425.48046875
392273.56640625
388109.8095703125
383899.189453125
379824.404296875
375739.28515625
371781.123046875
367801.7109375
363834.2841796875
359964.724609375
356185.009765625
352384.2041015625
348624.73828125
344988.658203125
341317.8486328125
337653.625
334115.23828125
330621.044921875
327094.1318359375
323715.3427734375
320296.09375
316885.6552734375
313583.134765625
310354.193359375
307076.02734375
303893.0849609375
300730.103515625
297598.0869140625
294542.2841796875
291456.2265625
288465.7509765625
285486.1005859375
282549.9541015625
279647.1572265625
276791.2802734375
273974.26171875
271200.1015625
268416.916015625
265652.80078125
263003.115234375
260278.09375
257755.8544921875
255277.5869140625
252818.4501953125
250364.7724609375
247955.576171875
245633.3916015625
243247.0390625
240940.162109375
238647.607421875
236426.341796875
234159.6376953125
231949.1318359375
229781.921875
227655.517578125
225520.71875
223413.2919921875
221341.7119140625
219298.123046875
217268.11328125
215298.787109375
213337.1064453125
211390.69140625
209434.66796875
207578.06640625
205708.2578125
203848.064453125
202027.87109375
200244.23193359375
198461.19970703125
196696.9609375
194989.150390625
193268.75146484375
191604.3056640625
189939.58642578125
188265.32421875
186675.994140625
185069.14501953125
183497.421875
181964.7587890625
180412.541015625
178901.4365234375
177428.0732421875
175974.1953125
174485.76513671875
173059.7490234375
171647.87109375
170270.1630859375
168906.9365234375
167534.9619140625
166217.41064453125
164917.42041015625
163670.97802734375
162444.39404296875
161229.150390625
160036.7666015625
158853.138671875
157687.08740234375
156560.9736328125
155421.35595703125
154308.5224609375
153210.1044921875
152128.8681640625
151059.71484375
149999.201171875
148964.67919921875
147943.52880859375
146918.8212890625
145939.46044921875
144952.435546875
144001.2734375
143024.33837890625
142090.52099609375
141167.578125
140251.22412109375
139374.17626953125
138469.73583984375
137614.29296875
136738.0693359375
135902.94287109375
135053.060546875
134252.619140625
133438.8359375
132639.80419921875
131853.84423828125
131098.83642578125
130322.505859375
129574.63427734375
128840.72119140625
128117.45458984375
127395.36962890625
126698.21337890625
126004.2919921875
125320.03271484375
124655.59130859375
123999.037109375
123356.55224609375
122706.92626953125
122081.2080078125
121469.10498046875
120853.48095703125
120265.224609375
119697.34814453125
119140.791015625
118591.69775390625
118059.0283203125
117512.39453125
116998.3447265625
116489.30859375
115981.0068359375
115481.1376953125
114994.04345703125
114517.67919921875
114033.462890625
113577.21044921875
113110.82421875
112667.615234375
112224.30078125
111789.40087890625
111355.9365234375
110932.22705078125
110523.451171875
110103.77587890625
109707.36962890625
109310.658203125
108924.93359375
108547.04443359375
108176.4970703125
107798.779296875
107444.18603515625
107088.35107421875
106743.9228515625
106396.58837890625
106063.56982421875
105735.02197265625
105406.740234375
105084.52880859375
104774.91015625
104470.037109375
104165.38598632812
103872.0732421875
103573.23876953125
103296.97583007812
103008.31884765625
102738.4404296875
102462.80419921875
102197.69873046875
101934.4296875
101677.7568359375
101425.13671875
101178.13427734375
100942.3212890625
100714.63330078125
100487.65502929688
100269.38793945312
100056.6982421875
99843.134765625
99634.2802734375
99433.09814453125
99232.94482421875
99035.9873046875
98847.17724609375
98650.2666015625
98464.93603515625
98282.88232421875
98096.15185546875
97924.94848632812
97757.064453125
97586.341796875
97417.8291015625
97254.04541015625
97104.19873046875
96944.63159179688
96790.59423828125
96647.9267578125
96497.33959960938
96356.001953125
96211.5361328125
96071.72827148438
95938.8798828125
95802.9580078125
95680.419921875
95552.96826171875
95421.6826171875
95298.14770507812
95182.09423828125
95060.828125
94945.31958007812
94831.17578125
94711.92822265625
94581.8994140625
94463.23291015625
94358.08032226562
94253.310546875
94151.59399414062
94052.296875
93957.85180664062
93863.4169921875
93771.50244140625
93677.8369140625
93594.6455078125
93495.53662109375
93416.7490234375
93333.09423828125
93254.5341796875
93178.18017578125
93099.32763671875
93025.875
92953.837890625
92882.10009765625
92811.43798828125
92743.3662109375
92679.23828125
92612.76635742188
92543.58740234375
92480.22973632812
92420.35595703125
92362.056640625
92303.3828125
92244.84375
92186.55151367188
92132.3310546875
92068.712890625
91986.92236328125
91926.91796875
91872.71923828125
91824.9501953125
91775.73022460938
91722.1904296875
91672.15380859375
91615.07641601562
91568.90283203125
91526.32763671875
91482.5556640625
91435.416015625
91394.10107421875
91353.611328125
91311.3798828125
91271.525390625
91229.66796875
91188.146484375
91144.51538085938
91103.080078125
91061.17651367188
91021.00146484375
90982.18408203125
90938.66186523438
90902.095703125
90873.15356445312
90830.90454101562
90780.568359375
