cost:	
1071014.4609375
676765.548828125
382756.5517578125
216400.5185546875
135505.177734375
104029.78955078125
94669.0009765625
92023.84643554688
91236.17578125
90924.62036132812
90682.654296875
90544.724609375
90458.87744140625
90408.05859375
90377.93798828125
90330.30517578125
90330.26416015625
90267.8583984375
90246.37817382812
90263.39013671875
90257.60791015625
90252.81787109375
90202.33251953125
90244.5673828125
90202.5986328125
90208.72827148438
90174.4560546875
90164.6845703125
90169.60278320312
90161.70971679688
90148.38012695312
90130.12622070312
90121.72778320312
90119.44799804688
90143.37109375
90154.94921875
90122.91943359375
90109.8359375
90098.64038085938
90087.72143554688
90099.13452148438
90063.07421875
90034.4267578125
90057.1044921875
90021.70556640625
90065.66967773438
90044.80224609375
90042.96875
90002.328125
89972.57275390625
89962.87548828125
89944.8583984375
89907.607421875
89872.03295898438
89923.81298828125
89888.86572265625
89874.7138671875
89825.75952148438
89819.56567382812
89826.55981445312
89832.78369140625
89843.18505859375
89782.13916015625
89735.7236328125
89737.2470703125
89738.69995117188
89730.30981445312
89715.7998046875
89700.9921875
89658.681640625
89648.193359375
89596.66845703125
89603.1845703125
89570.87646484375
89585.765625
89493.671875
89474.41357421875
89462.16235351562
89429.49267578125
89428.94189453125
89330.9140625
89281.33056640625
89281.2958984375
89189.4169921875
89108.5947265625
88888.048828125
88605.57373046875
88364.1083984375
87910.17749023438
87485.04077148438
87165.6669921875
86812.9052734375
86554.271484375
86167.99243164062
85891.50146484375
85662.2109375
85416.63525390625
85143.25512695312
84930.1826171875
84693.6181640625
84491.76293945312
84227.154296875
83952.111328125
83576.7412109375
83266.84399414062
82944.62158203125
82641.0283203125
82424.34423828125
82224.8173828125
81874.68823242188
81652.60864257812
81479.21728515625
81243.95849609375
81038.53662109375
80850.73681640625
80624.77783203125
80431.96923828125
80253.01953125
80004.30444335938
79808.56298828125
79554.85571289062
79336.91625976562
79144.54248046875
78882.65185546875
78676.32275390625
78436.13671875
78165.1162109375
77861.8359375
77669.89086914062
77402.52563476562
77193.5830078125
77012.35888671875
76757.4921875
76571.52270507812
76352.99096679688
76139.90380859375
75906.26147460938
75740.00610351562
75497.32861328125
75272.07470703125
75106.0908203125
74873.61889648438
74672.1552734375
74462.1142578125
74269.59643554688
73969.16528320312
73739.68310546875
73436.2080078125
73231.78393554688
73009.30541992188
72748.54931640625
72560.81176757812
72344.17578125
72121.02734375
71933.68872070312
71753.02490234375
71512.34033203125
71325.08032226562
71089.205078125
70859.908203125
70644.60717773438
70401.08154296875
70193.52783203125
69959.1357421875
69746.02856445312
69541.42138671875
69337.00830078125
69135.47680664062
68896.89086914062
68693.15380859375
68452.21875
68258.80810546875
67993.7822265625
67767.53540039062
67555.31372070312
67319.89038085938
67090.9267578125
66817.79174804688
66590.64575195312
66322.81396484375
66090.45434570312
65859.00073242188
65627.08203125
65411.673583984375
65192.663330078125
64933.390625
64713.866943359375
64485.67333984375
64258.030029296875
64014.435302734375
63790.488525390625
63571.90625
63337.6103515625
63098.171142578125
62844.641357421875
62621.007080078125
62397.36474609375
62192.47802734375
61927.9716796875
61709.5322265625
61468.61376953125
61244.79638671875
61046.59814453125
60808.599853515625
60606.7353515625
60368.261962890625
60185.7861328125
59942.02587890625
59720.838134765625
59510.506591796875
59302.913330078125
59067.760986328125
58841.012451171875
58601.6748046875
58387.802734375
58182.64306640625
57955.112548828125
57709.162841796875
57492.294189453125
57278.620849609375
57041.5234375
56855.705322265625
56620.228515625
56414.098388671875
56169.333251953125
55951.01318359375
55760.434814453125
55537.507080078125
55273.298095703125
55067.605224609375
54812.851806640625
54617.943359375
54383.230712890625
54154.02294921875
53942.583740234375
53715.91650390625
53510.35888671875
53310.0361328125
53085.033447265625
52860.77624511719
52635.75085449219
52399.348876953125
52181.15869140625
52004.456298828125
51781.014892578125
51566.850830078125
51327.42431640625
51139.174560546875
50911.14538574219
50679.423095703125
50453.910888671875
50241.236328125
50036.37109375
49831.960693359375
49603.302001953125
49404.66748046875
49209.79235839844
48997.76525878906
48785.062744140625
48578.24267578125
48375.31115722656
48151.8603515625
47966.33020019531
47781.73828125
47552.13525390625
47370.00927734375
47142.91455078125
46938.92138671875
46719.449951171875
46504.321533203125
46323.978759765625
46102.2451171875
45916.994384765625
45718.111328125
45500.412841796875
45300.01318359375
45090.332763671875
44897.39111328125
44701.27490234375
44489.52868652344
44252.699462890625
44065.10900878906
43847.17028808594
43654.8291015625
43455.14794921875
43239.45947265625
43089.376708984375
42857.99548339844
42701.35583496094
42499.89013671875
42309.026123046875
42091.650146484375
41906.93212890625
41699.36083984375
41482.685302734375
41316.871337890625
41087.780517578125
40924.37841796875
40729.40490722656
40560.58935546875
40378.89013671875
40165.78894042969
39992.27307128906
39768.87646484375
39592.52294921875
39393.471435546875
39218.7490234375
39033.55908203125
38853.09716796875
38680.37414550781
38494.798828125
38315.83605957031
38131.81799316406
37956.702392578125
37759.11145019531
37598.05859375
37410.075927734375
37224.099609375
37045.66650390625
36860.78161621094
36671.81787109375
36510.371337890625
36333.72717285156
36148.035888671875
35966.791748046875
35796.63342285156
35642.56066894531
35469.355224609375
35301.56164550781
35109.21008300781
34978.95031738281
34792.41320800781
34620.34375
34476.80358886719
34286.99938964844
34114.85119628906
33961.970458984375
33779.74609375
33621.85534667969
33451.73547363281
33281.150146484375
33126.82470703125
32967.44677734375
32803.89929199219
32661.773681640625
32517.372802734375
32359.724243164062
32178.206909179688
32045.908447265625
31876.090454101562
31745.847778320312
31608.09375
31448.012817382812
31297.086303710938
31145.5439453125
30991.517456054688
30854.077392578125
30710.6376953125
30555.545166015625
30422.633666992188
30273.80517578125
30128.657592773438
30004.732788085938
29836.68438720703
29697.38427734375
29564.537231445312
29451.368896484375
29309.615478515625
29181.7978515625
29023.316772460938
28894.339294433594
28772.74462890625
28649.54052734375
28532.113830566406
28404.214111328125
28260.802856445312
28144.021484375
28017.792114257812
27870.277465820312
27741.317016601562
27600.922607421875
27478.002807617188
27365.295837402344
27228.2646484375
27093.073974609375
26963.851806640625
26854.150512695312
26734.671264648438
26603.375854492188
26493.22705078125
26354.036010742188
26244.131958007812
26115.244140625
26018.798706054688
25934.74444580078
25803.697692871094
25714.999389648438
25578.590454101562
25483.1826171875
25334.047729492188
