cost:	
1220805.92578125
1148936.00390625
1076002.06640625
1007624.76953125
943974.26953125
883993.943359375
828189.75
775484.07421875
726290.1875
680539.76953125
637086.486328125
596140.99609375
558914.431640625
523302.578125
489734.36328125
458927.822265625
429615.044921875
402937.703125
377747.931640625
353893.4443359375
332297.1435546875
312013.2548828125
293076.427734375
276086.8349609375
259607.0615234375
244784.5908203125
231117.8662109375
218257.1728515625
206864.3525390625
196001.2490234375
186038.2001953125
177228.3037109375
168941.12890625
161242.69677734375
154435.9072265625
148188.05224609375
142287.62255859375
137113.7421875
132415.32470703125
128175.474609375
124169.29736328125
120655.8916015625
117502.015625
114590.3525390625
112032.4052734375
109608.3154296875
107563.83251953125
105673.2373046875
103931.00073242188
102441.84765625
101090.56201171875
99915.0244140625
98877.83056640625
97920.36328125
97064.99560546875
96330.369140625
95643.62939453125
95019.68725585938
94501.91259765625
93988.78930664062
93570.12646484375
93177.978515625
92846.25122070312
92532.32373046875
92266.76928710938
92033.45703125
91804.40844726562
91617.52392578125
91443.9794921875
91289.60595703125
91161.03564453125
91048.72900390625
90938.4375
90845.0673828125
90757.98828125
90679.26025390625
90614.0390625
90555.18505859375
90499.07983398438
90462.888671875
90414.8525390625
90373.2490234375
90337.3212890625
90304.71044921875
90280.6181640625
90258.57470703125
90232.2060546875
90208.017578125
90186.13110351562
90171.8916015625
90152.63061523438
90134.98291015625
90119.03100585938
90105.41748046875
90092.1806640625
90079.61547851562
90069.9931640625
90057.8466796875
90045.1552734375
90031.03735351562
90016.9931640625
90007.05737304688
89997.22216796875
89982.52612304688
89969.14819335938
89957.45434570312
89945.79931640625
89927.19604492188
89909.09423828125
89884.71533203125
89860.41552734375
89836.60107421875
89815.84619140625
89797.5009765625
89773.1142578125
89756.27490234375
89731.02856445312
89711.47412109375
89696.6142578125
89683.69091796875
89668.564453125
89652.822265625
89631.63525390625
89606.22631835938
89578.32080078125
89539.65014648438
89484.69018554688
89390.78662109375
89303.40234375
89182.8798828125
88912.43383789062
88052.39990234375
87411.27221679688
87125.4638671875
86883.9619140625
86695.3134765625
86541.0546875
86183.86279296875
85980.73291015625
85660.55810546875
85496.55883789062
85391.17431640625
85304.7275390625
85155.63354492188
84952.29858398438
84831.296875
84684.98388671875
84571.984375
84474.76586914062
84380.31616210938
84279.46655273438
84181.02124023438
84108.91357421875
84048.6640625
83989.00024414062
83937.16552734375
83885.37109375
83834.0361328125
83800.125
83730.72900390625
83681.84130859375
83623.20849609375
83567.17578125
83476.05151367188
83377.25122070312
83288.5341796875
83074.876953125
82991.19165039062
82859.97607421875
82772.193359375
82706.3544921875
82637.228515625
82509.123046875
82445.02124023438
82394.4931640625
82335.16455078125
82287.24072265625
82228.7890625
82172.50903320312
82049.79516601562
81710.18603515625
81621.89794921875
81562.73413085938
81515.22900390625
81474.86962890625
81434.64111328125
81390.9755859375
81348.56616210938
81307.048828125
81268.525390625
81236.142578125
81203.4580078125
81157.1806640625
81125.93872070312
81082.6484375
80932.49243164062
80842.58349609375
80775.7158203125
80732.92041015625
80667.22265625
80561.033203125
80492.0576171875
80426.07763671875
80387.04272460938
80335.18188476562
80282.9443359375
80211.39990234375
80187.78759765625
80152.955078125
80116.49169921875
80085.49072265625
80053.83203125
80020.63891601562
79995.4658203125
79966.64501953125
79934.23168945312
79885.41748046875
79861.73559570312
79834.43359375
79810.82543945312
79782.45703125
79762.08447265625
79727.98388671875
79703.90405273438
79677.3798828125
79638.40478515625
79598.46997070312
79567.76293945312
79543.43823242188
79514.16333007812
79490.22192382812
79465.87768554688
79437.94384765625
79415.35375976562
79389.87377929688
79363.50268554688
79338.36938476562
79315.09057617188
79293.24194335938
79270.109375
79248.77319335938
79233.86328125
79224.29296875
79191.41650390625
79165.34301757812
79136.5205078125
79115.77880859375
79092.6162109375
79069.84301757812
79048.38110351562
79021.4560546875
79005.01733398438
78979.892578125
78960.32250976562
78938.470703125
78909.09912109375
78870.52783203125
78752.9462890625
78725.98388671875
78695.85278320312
78676.1640625
78636.21166992188
78604.10571289062
78567.46997070312
78535.77661132812
78508.80615234375
78491.03247070312
78471.1064453125
78448.84448242188
78424.03369140625
78401.17358398438
78379.10009765625
78358.85888671875
78327.89477539062
78309.53198242188
78286.94848632812
78274.21997070312
78246.53662109375
78230.193359375
78216.75024414062
78174.37866210938
78145.97875976562
78120.1416015625
78093.96630859375
78067.5048828125
78046.765625
78020.95922851562
77995.16137695312
77974.34716796875
77958.87866210938
77933.82275390625
77904.87890625
77890.5302734375
77873.5576171875
77846.34692382812
77808.0712890625
77772.77026367188
77754.68896484375
77720.78125
77713.56591796875
77676.07885742188
77653.544921875
77636.26220703125
77609.14428710938
77589.63452148438
77575.15625
77545.42309570312
77537.83471679688
77505.56787109375
77478.26342773438
77442.48266601562
77422.5517578125
77403.27709960938
77382.8623046875
77367.84423828125
77344.44360351562
77327.77856445312
77295.45556640625
77283.19775390625
77255.95581054688
77240.87768554688
77217.64282226562
77198.88427734375
77179.9755859375
77158.98706054688
77137.35083007812
77110.01391601562
77091.69140625
77071.89331054688
77050.33178710938
77032.56640625
77009.76635742188
76989.98388671875
76972.61401367188
76955.599609375
76941.83715820312
76920.8076171875
76948.8037109375
76917.38110351562
76882.46875
76855.02612304688
76825.44067382812
76808.31274414062
76757.63671875
76708.2783203125
76669.80834960938
76657.94653320312
76628.04663085938
76609.03271484375
76590.80004882812
76577.10620117188
76567.37084960938
76560.86962890625
76533.357421875
76488.53051757812
76489.45385742188
76452.03784179688
76419.115234375
76392.51586914062
76378.95043945312
76364.87280273438
76344.42333984375
76337.33154296875
76312.81665039062
76274.17626953125
76248.39404296875
76221.70703125
76198.90576171875
76167.39892578125
76137.4072265625
76109.55493164062
76082.57299804688
76060.26513671875
76037.08911132812
76011.8720703125
75986.3125
75967.28002929688
75959.94897460938
75951.08056640625
75899.85180664062
75869.7333984375
75838.94018554688
75810.38305664062
75768.7919921875
75730.515625
75707.22607421875
75672.74145507812
75615.95629882812
75603.244140625
75579.08129882812
75553.62744140625
75532.41137695312
75514.94946289062
75484.19506835938
75463.49536132812
75432.84228515625
75425.77368164062
75402.52734375
75399.61938476562
75402.6591796875
