cost:	
1948100.6625976562
909611.1733398438
893365.1860351562
867758.0966796875
839125.806640625
811283.0219726562
778700.7919921875
746324.0830078125
710713.267578125
674946.759765625
641748.1127929688
610458.4731445312
578830.859375
545748.9978027344
513237.4050292969
479999.341796875
447561.0205078125
417626.95458984375
387450.1442871094
359320.3298339844
333322.1101074219
308612.7265625
286756.1516113281
265608.1979980469
245144.07153320312
226650.91528320312
210243.75537109375
196004.66271972656
182362.39782714844
170137.76623535156
158399.03259277344
147530.40911865234
137981.0009765625
129118.12329101562
120771.46984863281
113364.11596679688
106705.11779785156
100723.060546875
95547.03741455078
90161.40090942383
85335.78576660156
80844.1392211914
76769.00872802734
72867.04620361328
69107.9107055664
65964.12307739258
63263.76953125
60566.41677856445
57936.07162475586
55758.4289855957
53317.658935546875
50875.391174316406
48820.67028808594
46909.189544677734
45152.6242980957
43762.78680419922
42638.95529174805
41834.494537353516
40720.02087402344
39559.076568603516
38878.070251464844
38464.44046020508
37713.38668823242
36581.062072753906
35252.446380615234
34045.79476928711
33083.06198120117
32180.026397705078
31486.237854003906
31210.196868896484
30610.335968017578
30401.944915771484
30089.433166503906
29930.305755615234
29725.041412353516
29111.701416015625
28283.920654296875
27938.72982788086
27618.18392944336
27071.92642211914
26699.462921142578
26595.36557006836
26229.968948364258
26045.50440979004
26044.866180419922
25843.446090698242
25637.733428955078
25326.58544921875
24724.755310058594
24370.77459716797
24285.403564453125
24252.72787475586
24146.392303466797
24120.189910888672
24483.880920410156
24537.671920776367
24305.086700439453
23562.720642089844
23274.43441772461
22986.160858154297
22211.676956176758
21621.98582458496
21028.982299804688
20638.6531829834
20370.83529663086
20011.29522705078
19928.306259155273
19914.45135498047
19882.206939697266
19957.020874023438
20208.616317749023
20323.123138427734
20510.887588500977
20801.00082397461
20804.583984375
20827.629135131836
20688.72540283203
20283.218521118164
19930.214462280273
19454.99627685547
19471.452606201172
19660.08544921875
19751.56217956543
20168.79559326172
20446.58203125
19989.510192871094
19586.388092041016
18944.669540405273
18986.466827392578
19818.8984375
20081.92739868164
20035.458084106445
19588.398178100586
18776.614669799805
18507.330688476562
18334.965866088867
18283.050262451172
18199.74073791504
18339.501419067383
18706.715606689453
19005.429489135742
18984.053802490234
19046.567810058594
18599.46908569336
18157.69985961914
18071.85887145996
18161.236038208008
18372.16275024414
18051.08837890625
17639.173370361328
17146.61720275879
16282.980407714844
15972.406829833984
15806.261413574219
15682.967636108398
15571.038772583008
15676.853622436523
16306.821411132812
16635.17738342285
16967.778289794922
17068.345672607422
16648.28939819336
16696.773880004883
16310.678833007812
16295.624496459961
16683.62728881836
17396.606979370117
17500.831436157227
17314.494400024414
17162.232223510742
17065.834564208984
16710.235321044922
16871.30010986328
16790.01463317871
16400.9951171875
16164.35238647461
15853.335861206055
15845.585815429688
16191.839782714844
16429.83837890625
16711.83299255371
16289.677139282227
16207.758804321289
15885.559921264648
15847.225967407227
15855.503311157227
15834.47036743164
16066.995330810547
15972.93490600586
15758.604995727539
15786.916534423828
15639.185592651367
15982.302871704102
16223.74624633789
16416.772552490234
16706.22149658203
16704.88461303711
16456.3671875
16683.79605102539
16035.525863647461
15271.843170166016
14573.907318115234
13812.203643798828
13667.486862182617
13693.165283203125
13631.381378173828
13529.253311157227
13676.449905395508
14347.79556274414
15036.669067382812
15194.462341308594
15120.296524047852
15117.737899780273
14812.056442260742
14609.436538696289
14458.692443847656
14382.708282470703
14147.189590454102
14012.63200378418
14148.394088745117
14390.940826416016
14838.829193115234
15245.630874633789
15675.241821289062
15718.170959472656
15662.82504272461
15405.96484375
15577.357284545898
15315.593963623047
14666.33642578125
14142.97280883789
13971.980651855469
13806.701934814453
13717.788330078125
13816.416198730469
13753.440673828125
13810.82991027832
13865.736343383789
14254.47233581543
14477.567443847656
14788.996109008789
14680.22004699707
14534.874938964844
14423.805084228516
14529.34098815918
14545.396957397461
14842.670822143555
14587.674789428711
14383.212158203125
14158.588577270508
13787.733489990234
13011.449615478516
12254.361862182617
12146.12092590332
12050.355018615723
12020.194946289062
12241.174606323242
12550.089584350586
12820.396484375
13270.692031860352
13503.778854370117
14074.238296508789
14233.432876586914
14398.617965698242
14297.733261108398
13873.729751586914
13825.952056884766
13654.732666015625
13558.232360839844
13673.270370483398
13517.682479858398
13450.788192749023
13414.914993286133
13635.014266967773
13772.856216430664
13577.387008666992
13257.056289672852
13369.4794921875
13465.117645263672
13584.51742553711
13574.511367797852
13556.568710327148
13498.019180297852
13555.084609985352
13276.166122436523
13178.583038330078
13003.513793945312
13117.182693481445
13088.31884765625
13056.893333435059
13060.675857543945
13218.160766601562
13400.360626220703
13412.581741333008
13319.280990600586
13194.845832824707
12902.155181884766
12789.045852661133
12980.55078125
13007.718856811523
12603.681030273438
11829.964973449707
11372.28971862793
11000.49439239502
11066.30795288086
11252.200286865234
11497.27522277832
11982.572952270508
12201.212203979492
12778.915802001953
12767.017883300781
12998.758392333984
13128.454406738281
12890.24642944336
12786.138488769531
12868.428741455078
12878.886337280273
13087.001571655273
12860.496322631836
12401.289962768555
12104.577857971191
12045.067901611328
12025.05712890625
12342.247421264648
12561.898544311523
12608.910720825195
12593.090133666992
12557.720230102539
12563.457794189453
12500.527816772461
12610.046905517578
12669.633567810059
12739.933898925781
12368.607849121094
12091.014389038086
11926.706771850586
11780.204147338867
12048.644271850586
12275.369506835938
12442.80532836914
12930.158645629883
12840.216400146484
12652.966209411621
12481.871452331543
12271.279373168945
12289.175109863281
12117.237991333008
12000.982940673828
12052.023300170898
12109.666000366211
11793.086471557617
11178.936386108398
10718.130043029785
10466.107513427734
10315.131439208984
10263.39055633545
10426.148536682129
10808.139335632324
11213.952041625977
11739.461822509766
11880.546905517578
12126.029403686523
12353.480224609375
12314.621284484863
12139.22802734375
11712.214004516602
11467.744247436523
11384.597106933594
11576.21842956543
11572.578063964844
11592.873764038086
11591.124923706055
11671.915176391602
11505.178504943848
11446.320663452148
11503.584358215332
11577.896369934082
11680.712585449219
11621.864791870117
11675.125694274902
11692.923210144043
11489.608100891113
11647.857711791992
11636.200370788574
11775.697830200195
11790.395515441895
11654.984283447266
11744.471687316895
11638.786186218262
11663.389907836914
11467.033569335938
11303.954132080078
11224.038177490234
11418.824394226074
11528.155372619629
11522.580703735352
11648.794082641602
12081.331314086914
12460.02685546875
12638.05551147461
