cost:	
1144031.2890625
582442.578125
430602.6015625
343360.298828125
283514.947265625
244048.279296875
216969.58984375
197285.927734375
182232.919921875
170962.7919921875
161750.04296875
154588.7646484375
148696.3935546875
143805.748046875
139677.9375
136340.9716796875
133400.1044921875
130948.4140625
128966.5693359375
126994.6298828125
125462.869140625
124163.798828125
123175.9052734375
122381.52099609375
121240.765625
120505.736328125
119651.2587890625
119703.5537109375
119028.81640625
118788.1748046875
117564.3369140625
117414.0361328125
116772.85009765625
116521.25146484375
116332.1630859375
116239.943359375
116316.49169921875
117198.8740234375
116530.59375
115755.2275390625
115568.94921875
115260.7119140625
115331.880859375
114744.56689453125
114843.7265625
114752.953125
114240.7568359375
114602.6943359375
114387.3671875
114316.361328125
114605.2880859375
113663.3740234375
113986.70849609375
114340.3408203125
113891.05615234375
113885.5078125
113650.166015625
113360.4541015625
113286.16015625
113381.88916015625
113278.423828125
113892.29833984375
113155.1552734375
113119.7275390625
113447.27783203125
114125.130859375
114227.771484375
113234.0751953125
112565.43603515625
112283.423828125
112421.1005859375
112510.9541015625
112313.703125
112469.0947265625
112079.302734375
112104.08642578125
112480.705078125
112415.51171875
112106.56884765625
111849.0341796875
111902.556640625
111759.1220703125
112184.38134765625
111925.66748046875
112433.7421875
112127.7578125
111849.24658203125
111790.62548828125
111924.18359375
112279.3154296875
112957.716796875
114505.8525390625
112916.173828125
112128.5009765625
111585.6416015625
111613.9814453125
111221.1806640625
111305.56640625
111176.9189453125
110738.64111328125
110843.89013671875
110493.9365234375
110919.62451171875
110779.23828125
110673.939453125
110378.619140625
110400.6044921875
110288.04248046875
110416.75439453125
110173.7041015625
110037.263671875
110255.8701171875
110496.5498046875
110077.27783203125
109827.08984375
110258.52734375
111047.61572265625
110574.0283203125
110238.556640625
109971.568359375
109498.1953125
109567.0048828125
109714.66845703125
110482.123046875
110065.47607421875
109335.27392578125
109350.865234375
109812.8818359375
110335.8173828125
111138.80712890625
110716.0263671875
109660.24462890625
109548.5146484375
109363.43310546875
110000.09033203125
109966.2451171875
109932.587890625
110682.29736328125
110417.7958984375
109402.7509765625
109079.9326171875
109174.26220703125
109184.77392578125
108970.0830078125
108782.5185546875
109175.4462890625
108641.4990234375
108889.38525390625
108656.80859375
108764.841796875
108379.2294921875
108836.80322265625
109039.3720703125
108476.3701171875
108589.9912109375
108151.8369140625
108469.810546875
108150.63623046875
108228.5205078125
109632.9404296875
108168.5712890625
107728.96826171875
107994.189453125
108182.484375
107892.60009765625
108106.654296875
107917.3203125
107595.7587890625
107823.61474609375
107906.05859375
107729.23095703125
107683.63134765625
107754.57763671875
108026.10595703125
108050.4130859375
107584.8486328125
107779.3203125
107542.36962890625
107708.224609375
107613.9365234375
108132.666015625
107906.6767578125
108032.240234375
107526.541015625
107579.4541015625
107839.6865234375
107209.576171875
106998.296875
106606.54296875
107371.3974609375
107330.2314453125
106939.5732421875
106829.95263671875
107369.5283203125
106955.5087890625
106938.25732421875
107299.310546875
107035.6787109375
107459.69677734375
107053.6552734375
107104.32666015625
106752.24072265625
106376.771484375
106796.041015625
106572.6298828125
106126.3896484375
106272.19580078125
106368.2626953125
106328.41455078125
106131.67236328125
106235.23095703125
106835.6708984375
106739.986328125
106466.1669921875
106486.142578125
106446.3271484375
106706.6962890625
106177.5537109375
106276.447265625
106482.9052734375
106265.70947265625
105857.03125
106123.98779296875
106220.916015625
105900.71044921875
105844.63232421875
106358.814453125
106246.986328125
105823.9814453125
106252.2294921875
106242.4892578125
106111.46533203125
106080.2666015625
106011.6083984375
106141.583984375
106341.25341796875
106008.3134765625
106195.3056640625
105691.23828125
106120.0439453125
106011.2919921875
106167.84228515625
105377.3388671875
105713.92724609375
105251.5673828125
105559.6708984375
105961.8994140625
105640.23828125
106079.435546875
105692.546875
105321.8740234375
105771.0625
105551.43115234375
106351.34375
105328.681640625
105194.6708984375
105039.796875
105271.9384765625
105088.58203125
105731.560546875
106014.6884765625
105096.91455078125
105231.7294921875
105522.88427734375
105848.6201171875
105130.32568359375
104868.02978515625
104651.25830078125
104740.3046875
104872.45751953125
104966.69140625
105369.46435546875
104910.70068359375
104825.59765625
104939.8388671875
104911.82470703125
104761.0390625
104618.5869140625
104365.62890625
104640.4912109375
104822.97119140625
104513.84765625
104896.6865234375
104356.1396484375
104703.98779296875
104438.6259765625
104468.94921875
104290.3154296875
105154.3017578125
105025.63232421875
104523.568359375
105000.38525390625
105594.5
105391.93212890625
105312.71826171875
104769.49755859375
104515.8447265625
104230.8310546875
104973.39794921875
105129.78515625
104772.8486328125
104202.390625
104083.642578125
104377.30859375
103740.05810546875
103986.1259765625
103660.0888671875
103951.1572265625
103915.5751953125
104124.0244140625
104052.5419921875
103689.6494140625
104230.3115234375
104350.5458984375
103786.33251953125
104060.1416015625
104267.01806640625
104248.251953125
104307.8798828125
104369.17626953125
104701.3193359375
104418.345703125
103679.63330078125
103871.72021484375
103837.8251953125
104278.0283203125
103646.5048828125
103520.5390625
103814.3681640625
103842.0703125
104047.66650390625
104225.13720703125
103394.2001953125
103877.609375
103784.99169921875
103316.52734375
103633.3447265625
103833.50390625
103344.3583984375
103439.9873046875
104065.13427734375
103673.80859375
103601.2216796875
103396.2119140625
103324.5986328125
103471.138671875
103499.693359375
103528.4501953125
103131.6943359375
103422.400390625
103203.56591796875
103083.32861328125
102923.46875
102909.4140625
102734.8798828125
103112.13037109375
103105.79736328125
102888.357421875
103092.5361328125
102931.81884765625
103272.3955078125
103220.53759765625
103160.33447265625
103059.52294921875
102985.3505859375
102712.52685546875
103188.4697265625
103050.5478515625
103231.0166015625
103176.17822265625
103320.4951171875
103064.6259765625
102916.744140625
102765.5986328125
102794.25634765625
102693.29248046875
102836.576171875
102798.17041015625
102523.0634765625
102793.2958984375
103088.19482421875
103117.4501953125
103098.22265625
102917.6806640625
102679.220703125
102690.50537109375
102951.09521484375
102507.8388671875
102250.02490234375
102398.8037109375
102629.955078125
102767.66796875
102652.533203125
102730.0048828125
102563.37451171875
102479.771484375
102343.33740234375
102716.15625
102600.7646484375
102407.06298828125
