cost:	
1929688.5688476562
904615.0849609375
884428.9555664062
859963.3203125
831466.2119140625
797535.84375
763633.271484375
728869.3115234375
696464.0629882812
664776.2329101562
631997.9086914062
601633.3195800781
569067.8020019531
537815.7795410156
505203.4851074219
473334.9680175781
442669.2990722656
413993.7102050781
385754.2958984375
357025.45068359375
329648.0380859375
305235.9910888672
282889.2663574219
261434.1728515625
242710.11376953125
225482.6727294922
209712.21520996094
195415.12182617188
180718.2144165039
167679.4549560547
155428.47149658203
145297.3817138672
134927.33911132812
126068.0521850586
117964.85388183594
110313.6040649414
103779.09228515625
98414.96875
92635.91165161133
86883.76776123047
81906.64727783203
76982.57189941406
72740.70373535156
68878.7917175293
65124.71566772461
61614.404388427734
58565.344146728516
55911.74301147461
53642.56051635742
51389.917419433594
48790.665618896484
45861.142349243164
44015.80847167969
42382.38334655762
40811.478576660156
39213.52029418945
37733.14686584473
36410.517669677734
35049.83659362793
34055.06591796875
33145.94302368164
32377.28582763672
31294.315170288086
30162.73321533203
29288.558563232422
28493.829483032227
27686.542449951172
26897.128158569336
25954.179077148438
25152.226318359375
24657.375427246094
24496.7140045166
24509.662322998047
24237.958923339844
23770.72817993164
23512.72075653076
23208.14566040039
23309.03988647461
22945.170585632324
22071.270538330078
21564.208038330078
20821.784866333008
20527.30876159668
19928.18864440918
19803.39161682129
19236.231506347656
18720.353729248047
18480.68751525879
18349.457389831543
18188.955940246582
17876.134956359863
18342.438262939453
18333.183319091797
18056.50742340088
17677.379821777344
17202.23403930664
16919.909591674805
16941.276321411133
16832.081954956055
16643.796920776367
16355.332733154297
15472.090827941895
14573.653350830078
14288.459518432617
14005.679229736328
13968.262893676758
14048.163955688477
14172.963912963867
14196.409660339355
14795.61627960205
14925.654846191406
14751.797435760498
14382.748092651367
14072.699996948242
14042.920402526855
14072.274963378906
14204.235900878906
14215.149703979492
14372.832626342773
14211.342361450195
14160.670974731445
14266.137344360352
14373.439239501953
13942.874671936035
13698.782508850098
13689.16674041748
13538.043827056885
13271.968643188477
13114.891967773438
13087.404647827148
13083.157577514648
12846.564186096191
12694.701202392578
12618.00131225586
12549.012886047363
12444.471496582031
12288.755516052246
12426.942779541016
12626.360404968262
12723.552169799805
12864.560554504395
13170.521827697754
13160.282318115234
13411.989448547363
13216.767887115479
12994.800155639648
12554.748397827148
12353.574531555176
12281.948280334473
11857.314720153809
11283.771438598633
10430.531600952148
10090.055870056152
9863.293014526367
9816.38833618164
9907.344627380371
10086.27367401123
10327.829048156738
10658.700546264648
10882.334861755371
10823.633743286133
11177.741287231445
11173.688385009766
11465.407844543457
11373.911270141602
11221.08576965332
11178.987670898438
11120.770317077637
11131.330516815186
11096.652404785156
11119.951560974121
11021.901649475098
10810.109359741211
10560.992485046387
10851.466701507568
10884.094833374023
10768.847606658936
10433.150436401367
10491.80379486084
10469.588691711426
10572.174034118652
10730.053596496582
10633.160545349121
10422.481254577637
10142.527877807617
10451.97679901123
10058.145500183105
9940.775680541992
10025.784782409668
10210.792503356934
10325.325202941895
10148.314338684082
10642.645210266113
10554.559684753418
10219.7719039917
10191.479164123535
10391.625732421875
10536.512519836426
10425.599266052246
10311.636085510254
