cost:	
683855.5092773438
151653.9833984375
125880.77001953125
101799.4873046875
95300.89794921875
92716.1962890625
90901.87646484375
89774.39892578125
88542.61572265625
87670.16455078125
86366.08935546875
85180.9033203125
84009.57983398438
82653.49951171875
81094.51611328125
79507.453125
78107.0771484375
76818.09936523438
75013.44897460938
73696.22509765625
72266.37939453125
70938.73461914062
69550.15869140625
68144.36596679688
66949.09936523438
65517.91552734375
64097.08837890625
62747.484375
61508.358642578125
60288.47998046875
58967.60498046875
57897.448486328125
56554.79736328125
55316.203857421875
54112.8359375
52787.52111816406
51687.60803222656
50564.78210449219
49254.732666015625
48058.4609375
47001.78564453125
45773.93603515625
44651.61633300781
43524.94689941406
42339.22985839844
41251.79382324219
40236.40856933594
39055.91394042969
38007.833740234375
36867.9375
35783.503662109375
34822.268310546875
33808.39538574219
32896.358642578125
31995.602783203125
31091.569458007812
30158.916137695312
29264.033325195312
28448.604125976562
27548.602905273438
26719.191650390625
25919.399536132812
25112.326049804688
24285.314331054688
23572.606811523438
22782.40576171875
22066.95037841797
21354.302978515625
20702.191650390625
20016.032958984375
19358.88653564453
18708.206970214844
18107.3310546875
17484.564819335938
16914.633850097656
16380.449951171875
15803.564514160156
15266.058532714844
14739.970764160156
14244.401611328125
13771.192077636719
13281.113342285156
12839.425842285156
12409.311767578125
11971.923950195312
11561.027404785156
11163.188781738281
10780.377807617188
10406.172180175781
10063.301696777344
9705.969940185547
9369.4560546875
9032.865997314453
8723.9951171875
8435.288055419922
8129.872131347656
7841.324005126953
7565.240509033203
7310.03564453125
7040.988494873047
6794.825439453125
6559.7169189453125
6352.895782470703
6154.212432861328
5940.498382568359
5750.2908935546875
5554.462219238281
5374.341262817383
5187.812118530273
5018.983963012695
4848.510192871094
4691.931381225586
4538.7606201171875
4389.63117980957
4245.798294067383
4101.142150878906
3961.7913970947266
3839.909942626953
3704.8863220214844
3588.0808715820312
3466.7427520751953
3357.0776977539062
3250.781784057617
3141.7232360839844
3053.789825439453
2957.2975311279297
2851.026336669922
2750.6664123535156
2669.7739868164062
2583.9852142333984
2500.377655029297
2418.9391326904297
2353.475898742676
2277.958106994629
2193.8607788085938
2130.7572326660156
2066.3860931396484
2005.9367218017578
1942.2526779174805
1888.7916793823242
1837.924575805664
1770.2502975463867
1729.3799514770508
1675.8264617919922
1629.2293395996094
1590.3195037841797
1540.170509338379
1490.7643661499023
1443.3325653076172
1405.8243560791016
1361.2067413330078
1326.0821990966797
1290.3457260131836
1251.9548110961914
1221.7658309936523
1193.941307067871
1159.2339248657227
1137.7644500732422
1106.9551086425781
1062.6828231811523
1040.7234153747559
1012.1897048950195
1007.6592559814453
969.05859375
938.2985076904297
919.1895713806152
895.9223022460938
881.7675590515137
870.3083190917969
845.6202621459961
821.6747894287109
807.1926651000977
792.728874206543
778.6638259887695
762.6460571289062
753.7550926208496
727.0624694824219
711.730297088623
691.6752853393555
670.2192192077637
660.9916458129883
645.935001373291
640.9037322998047
626.4204063415527
618.1203308105469
613.2649307250977
606.2801208496094
615.1016464233398
586.4576797485352
598.0925674438477
579.7558784484863
562.8209533691406
575.7790489196777
555.3042449951172
565.9621734619141
530.110424041748
520.2475318908691
507.65740966796875
501.16300201416016
489.52404403686523
486.3576850891113
479.91069412231445
457.4089698791504
456.8554496765137
448.8132133483887
446.6487121582031
447.87960052490234
445.13256454467773
447.5667152404785
445.55560302734375
452.831600189209
452.6702461242676
444.3752250671387
442.14549255371094
455.88311767578125
466.787109375
448.3791961669922
436.8251266479492
426.3249740600586
415.6173400878906
414.6677055358887
405.97589111328125
401.5174732208252
422.78772354125977
406.30675506591797
406.4615173339844
406.5670852661133
397.70061111450195
394.82231521606445
389.67593002319336
387.5677185058594
384.9227752685547
389.21077728271484
382.6673355102539
381.6592330932617
390.7294750213623
385.6946907043457
370.6952819824219
372.3078670501709
365.6224937438965
365.12263679504395
363.4052429199219
356.9564609527588
364.3813056945801
370.96475982666016
367.8234558105469
365.55042839050293
375.23794174194336
376.0376205444336
396.8523368835449
379.9315128326416
370.12871742248535
359.5122375488281
351.9028205871582
355.0284843444824
355.3307991027832
358.62305450439453
349.6853370666504
353.87745666503906
350.89897537231445
350.0128917694092
343.7875804901123
344.17469215393066
359.2036666870117
372.9139099121094
373.59724617004395
354.74604988098145
342.63378524780273
346.78211212158203
352.6726932525635
374.87612533569336
357.8651351928711
357.63274002075195
348.93444442749023
356.04176330566406
350.9899959564209
345.6308078765869
343.71143913269043
336.3463478088379
345.51738929748535
352.84678649902344
353.59229278564453
352.776611328125
363.30655670166016
373.4364547729492
380.3000183105469
387.14439392089844
405.27739334106445
443.1068305969238
454.73142433166504
442.6456985473633
450.03612518310547
432.6152515411377
373.5084915161133
355.27569580078125
331.6413097381592
318.10236740112305
309.89674377441406
307.63741302490234
310.8040313720703
298.787296295166
302.2056827545166
313.3191432952881
290.27286529541016
295.63673400878906
285.12022972106934
279.8787479400635
276.4273223876953
270.3785877227783
267.8966693878174
269.24936866760254
266.6862335205078
269.68546867370605
272.0198440551758
275.4253101348877
285.11071968078613
289.5077781677246
304.6451530456543
320.8920078277588
323.1157054901123
325.07010078430176
313.6566905975342
307.7823295593262
296.6193389892578
295.9824676513672
296.52545738220215
298.3296718597412
298.5393466949463
295.68994903564453
288.9931163787842
295.56637382507324
302.49306297302246
312.91743659973145
317.15907287597656
329.24681091308594
361.9461154937744
383.13601875305176
456.5491714477539
545.9881782531738
632.1855697631836
728.6125717163086
769.0376892089844
765.6681442260742
669.3352241516113
552.1483497619629
462.69062423706055
434.2852096557617
389.0972709655762
360.6769676208496
330.90545654296875
312.03652000427246
297.0767135620117
285.93699645996094
281.45030784606934
271.5194606781006
278.25118255615234
266.9903202056885
268.18471336364746
258.2852478027344
259.97428703308105
257.9205722808838
255.13043403625488
251.7654323577881
252.44964981079102
251.78878593444824
253.1024513244629
253.03309059143066
255.9093360900879
255.1534595489502
252.37411880493164
252.41195678710938
252.1465835571289
259.4403877258301
258.56211280822754
256.96832847595215
262.3766117095947
259.49407958984375
259.516357421875
262.2956199645996
258.981782913208
259.94988441467285
263.22688484191895
269.887056350708
263.2457084655762
284.23749923706055
276.8591651916504
282.20693016052246
297.4736557006836
311.4868469238281
304.86269187927246
293.8633861541748
303.2985553741455
309.2737731933594
322.66432189941406
318.1282653808594
326.674467086792
332.8886547088623
344.25604820251465
362.95127296447754
376.78226470947266
