cost:	
2168847.3818359375
994105.4926757812
897850.025390625
818122.9477539062
728325.1435546875
661620.5009765625
605657.6401367188
546390.3134765625
496633.751953125
457135.52490234375
429281.97509765625
396510.94873046875
368575.76953125
344716.9658203125
318923.4440917969
305254.4619140625
292772.6572265625
283550.1081542969
269851.9108886719
261804.04931640625
256348.75073242188
247254.53173828125
243910.10888671875
238904.26928710938
232580.02709960938
229009.81396484375
225427.6639404297
223874.04736328125
217205.9951171875
219371.97265625
218678.74072265625
221671.51977539062
219581.3809814453
218365.86279296875
213744.37475585938
208078.10424804688
204023.5224609375
203134.09765625
200590.5538330078
204807.51708984375
203222.95190429688
201926.3828125
198455.64233398438
203517.61694335938
196992.2354736328
193036.13671875
191999.34033203125
196914.88146972656
199575.2957763672
201670.92822265625
196309.2139892578
184905.94409179688
174688.60290527344
170404.2998046875
165826.8427734375
168707.41430664062
170207.5616455078
170482.3037109375
171698.5313720703
172483.9453125
170398.72924804688
173069.27685546875
175096.42419433594
175091.5594482422
177125.7471923828
180185.52368164062
179163.03833007812
178869.74877929688
180397.5235595703
178469.99047851562
176837.7529296875
177078.60583496094
177709.56298828125
179154.91552734375
179835.15112304688
175962.69885253906
172317.431640625
169572.04138183594
166319.16943359375
164784.8211669922
164280.62756347656
170128.17932128906
173188.20837402344
169929.30920410156
169421.40856933594
172731.10876464844
170014.9591064453
175315.63745117188
173223.86767578125
174528.57373046875
173621.83239746094
174110.7703857422
175070.09912109375
169139.67053222656
168376.4034423828
164007.0987548828
162482.35388183594
162430.74938964844
163007.8817138672
164494.04541015625
162035.9327392578
155670.44165039062
153511.51489257812
155132.19140625
152248.76831054688
151120.50842285156
150615.03002929688
152122.84985351562
148850.89001464844
145088.2041015625
143492.67614746094
141133.76806640625
147998.02404785156
155559.8243408203
159196.8427734375
159870.7947998047
159154.62182617188
161863.037109375
163482.21923828125
163342.50744628906
158266.8856201172
158351.79711914062
157960.5223388672
157536.43322753906
154691.7882080078
154180.10205078125
154482.63623046875
159182.18505859375
157716.83447265625
152498.02001953125
150923.75366210938
151547.4610595703
150810.1912841797
152794.4842529297
152372.19396972656
156599.7130126953
153504.0828857422
154702.71752929688
152746.46655273438
158527.38891601562
156398.76538085938
155596.03747558594
157826.8172607422
155273.3594970703
152773.3260498047
150065.2801513672
148826.83642578125
149529.14099121094
150712.89611816406
150771.78845214844
147494.52893066406
138616.80078125
137394.68395996094
135423.26525878906
134469.85095214844
133989.46044921875
132695.84985351562
132929.533203125
134350.92431640625
133282.10900878906
136458.09716796875
141120.26171875
143811.90869140625
140803.23303222656
141743.90588378906
140731.3497314453
141909.47912597656
142627.87768554688
149081.61560058594
152907.9521484375
151431.3233642578
148892.88037109375
145802.15295410156
145364.1884765625
145990.41345214844
143264.7059326172
136867.5098876953
136719.37182617188
137228.62573242188
136924.90869140625
137673.02197265625
138138.19860839844
139272.07458496094
136888.61889648438
136415.1065673828
138515.77478027344
138351.10668945312
140970.91748046875
141744.51879882812
143103.9561767578
145846.81420898438
147114.84008789062
148606.3748779297
145230.2734375
143542.12133789062
140607.3175048828
135391.67443847656
134486.57385253906
135888.80505371094
139519.92919921875
137463.80725097656
129588.16760253906
126146.49450683594
121954.87341308594
118899.40881347656
119398.09008789062
124170.84191894531
127532.80529785156
126728.24353027344
128946.85632324219
128736.88879394531
132301.8760986328
132431.0594482422
129914.13195800781
128576.53576660156
130388.77270507812
128611.783203125
131888.29138183594
133000.98278808594
134992.5526123047
136788.2158203125
136671.4112548828
135371.7244873047
136210.31799316406
136307.1435546875
142342.67041015625
141360.4091796875
135647.3173828125
133128.71435546875
132368.19018554688
135129.76721191406
136033.61071777344
134180.1094970703
132867.1531982422
134802.8935546875
132107.0819091797
130839.04931640625
131418.98974609375
134273.16931152344
152654.4962158203
157504.83947753906
149883.9188232422
139940.20532226562
133189.37060546875
127820.33349609375
124377.75500488281
121357.92907714844
122540.91564941406
128243.41723632812
127173.48583984375
127283.24743652344
120441.38537597656
115463.1845703125
113055.20007324219
111839.06298828125
109504.78393554688
110126.18835449219
114949.14111328125
118579.29113769531
121917.44506835938
125242.8798828125
126013.25012207031
126415.00842285156
125858.06005859375
123067.43786621094
124441.14074707031
121162.89624023438
123094.58471679688
123003.55712890625
122197.20874023438
122963.83825683594
125966.1650390625
126055.45385742188
126106.04235839844
122991.07702636719
124693.65625
127112.60009765625
126341.23962402344
126168.26293945312
124434.94177246094
123548.29711914062
124616.18615722656
128263.50744628906
129661.01245117188
124276.84448242188
120346.35546875
118461.13757324219
120438.57507324219
122587.84265136719
125078.91931152344
125626.52954101562
129485.89294433594
126132.43139648438
123438.18273925781
123560.658203125
127879.71008300781
126361.30688476562
125552.08642578125
124918.71105957031
123698.19897460938
122482.72180175781
114254.65148925781
106900.55615234375
105422.53955078125
103854.13012695312
106801.64489746094
106722.25744628906
108725.93774414062
111401.72680664062
116927.51007080078
118612.63110351562
118212.02355957031
114117.08984375
111194.22546386719
111440.2744140625
113815.52868652344
116468.00061035156
121670.87768554688
121793.88623046875
119716.68908691406
118274.72412109375
117884.68115234375
118147.64965820312
118446.89050292969
117915.72241210938
115055.84533691406
115107.06274414062
116966.03674316406
118308.35205078125
118345.11511230469
116419.68823242188
134058.3087158203
146901.26123046875
143007.85485839844
139112.8604736328
133426.74462890625
128034.84729003906
121487.2601928711
115293.56958007812
110973.22290039062
109113.20373535156
108725.88269042969
108575.72064208984
111015.74127197266
111165.43896484375
111264.57189941406
115612.08154296875
118321.1875
120232.12487792969
121675.85266113281
120593.35656738281
112757.17541503906
105500.55749511719
99731.046875
99050.87030029297
97861.85327148438
99716.50720214844
103949.97607421875
106678.63079833984
108223.72619628906
112413.30358886719
113378.7705078125
113062.60571289062
114009.31433105469
115090.37548828125
114864.32824707031
115818.68774414062
114211.30895996094
114290.38415527344
114980.662109375
114503.50793457031
111720.41149902344
111640.52465820312
110106.77575683594
108455.45947265625
110156.32751464844
111137.19506835938
109331.27569580078
108350.3916015625
107339.24365234375
108362.16101074219
109865.0776977539
112545.73547363281
113754.35241699219
115622.19372558594
116396.45178222656
117138.75512695312
114323.15710449219
112985.23693847656
113467.7890625
112346.35900878906
112079.15313720703
115103.96691894531
112954.62890625
112862.66662597656
113275.71142578125
116511.126953125
114801.38232421875
112288.47399902344
110849.55334472656
