cost:	
1094957.52734375
695523.150390625
376831.017578125
205626.31396484375
127821.29736328125
101285.02294921875
93922.87890625
92176.7646484375
91601.5
91246.15625
90977.54370117188
90841.2744140625
90814.48779296875
90729.16650390625
90698.60009765625
90669.66723632812
90628.66259765625
90589.25
90609.60498046875
90560.88500976562
90535.01440429688
90536.44482421875
90522.03271484375
90515.68139648438
90473.78076171875
90509.43359375
90508.68505859375
90439.84741210938
90455.7734375
90449.859375
90388.9677734375
90429.443359375
90415.2587890625
90431.90161132812
90353.48071289062
90391.71728515625
90400.73486328125
90388.63647460938
90367.84497070312
90347.00537109375
90330.53173828125
90375.82177734375
90341.7783203125
90336.97802734375
90324.75122070312
90332.88671875
90311.7255859375
90289.77392578125
90300.83129882812
90266.29833984375
90255.6533203125
90222.50048828125
90232.71899414062
90203.01806640625
90182.9990234375
90197.15185546875
90169.65649414062
90139.19775390625
90147.90771484375
90144.21875
90113.82250976562
90070.66357421875
90113.15454101562
90089.72021484375
90079.82177734375
90098.18017578125
90040.49096679688
90010.9052734375
90009.39111328125
89981.19384765625
89941.01513671875
89923.78369140625
89931.92553710938
89876.62841796875
89860.01806640625
89846.67236328125
89783.48071289062
89830.14794921875
89805.265625
89726.41650390625
89769.13354492188
89685.81372070312
89725.22729492188
89698.205078125
89642.1796875
89678.04296875
89632.337890625
89569.16943359375
89573.623046875
89543.95654296875
89553.896484375
89498.8330078125
89458.5244140625
89404.52490234375
89314.77734375
89202.11547851562
88934.89501953125
88501.74853515625
88237.25170898438
87888.28271484375
87639.76098632812
87312.52563476562
87175.36572265625
86926.40380859375
86697.45141601562
86486.6650390625
86239.29565429688
85971.08447265625
85642.5595703125
85372.17578125
85080.23364257812
84786.65014648438
84524.6044921875
84238.61889648438
83853.5322265625
83500.52294921875
83169.20849609375
82897.314453125
82539.20581054688
82280.71118164062
82027.47827148438
81793.8740234375
81537.111328125
81294.57421875
81067.07104492188
80872.39379882812
80625.71752929688
80393.47631835938
80202.974609375
79991.30029296875
79806.10888671875
79624.91284179688
79391.54907226562
79149.208984375
78958.35986328125
78758.6171875
78572.8544921875
78385.908203125
78112.03930664062
77945.9892578125
77806.75244140625
77591.14208984375
77387.92724609375
77084.57275390625
76924.056640625
76723.11376953125
76481.20922851562
76304.70239257812
76153.13403320312
75933.54125976562
75721.2177734375
75455.31689453125
75243.48486328125
74972.89892578125
74796.76806640625
74553.3671875
74315.93994140625
74094.509765625
73887.29174804688
73640.31420898438
73465.83666992188
73230.39013671875
72994.50463867188
72718.82421875
72471.55908203125
72247.91381835938
72032.162109375
71703.2392578125
71487.41918945312
71230.28588867188
70954.169921875
70763.0869140625
70473.40991210938
70183.9072265625
69931.66186523438
69681.20849609375
69456.62670898438
69203.400390625
68948.00463867188
68665.77416992188
68435.89331054688
68186.7734375
67963.04296875
67709.74951171875
67444.83056640625
67213.76879882812
66974.6220703125
66741.61547851562
66484.0341796875
66247.55810546875
66008.38989257812
65755.28857421875
65491.94677734375
65261.37353515625
65004.547119140625
64763.2529296875
64488.65869140625
64231.6435546875
63980.10595703125
63741.22314453125
63476.81103515625
63226.780517578125
63024.84228515625
62764.803955078125
62521.61669921875
62265.86279296875
62039.6376953125
61812.81494140625
61576.9755859375
61327.17041015625
61112.109619140625
60862.309326171875
60650.574951171875
60396.990234375
60150.6875
59947.620361328125
59707.829345703125
59487.236328125
59233.23828125
58988.255859375
58764.66650390625
58530.7197265625
58307.338134765625
58067.795166015625
57831.6845703125
57575.30859375
57357.34765625
57133.45751953125
56923.51123046875
56662.197265625
56433.513916015625
56189.156982421875
55962.333740234375
55716.976318359375
55462.675537109375
55220.1337890625
55004.193115234375
54744.853271484375
54492.934326171875
54272.869384765625
54017.758544921875
53771.02587890625
53528.01818847656
53301.551513671875
53056.427001953125
52828.8193359375
52556.31872558594
52328.54150390625
52088.4521484375
51866.40087890625
51597.6669921875
51389.147216796875
51128.703369140625
50908.724853515625
50671.402099609375
50448.805419921875
50224.9091796875
49994.88330078125
49732.8603515625
49481.98193359375
49234.244140625
48995.41357421875
48756.44580078125
48513.45556640625
48291.98388671875
48035.91552734375
47780.411865234375
47535.938232421875
47320.843994140625
47073.525634765625
46855.21081542969
46614.810791015625
46384.660888671875
46137.508544921875
45931.32666015625
45675.08215332031
45435.165283203125
45179.16015625
44947.190185546875
44730.24560546875
44496.575439453125
44278.625
44069.3916015625
43831.194580078125
43591.428955078125
43419.98486328125
43214.1220703125
42978.78771972656
42737.5400390625
42524.165283203125
42298.42529296875
42063.68408203125
41841.36267089844
41622.240234375
41413.29431152344
41198.087646484375
40981.172119140625
40756.95166015625
40535.319580078125
40317.68566894531
40112.55017089844
39897.113037109375
39694.79602050781
39480.86279296875
39270.89208984375
39063.54296875
38862.521728515625
38658.26721191406
38470.95349121094
38260.795654296875
38070.89929199219
37894.83361816406
37708.75622558594
37504.23388671875
37295.391845703125
37121.182373046875
36944.499755859375
36729.20788574219
36537.9111328125
36330.075927734375
36149.78723144531
35964.12243652344
35766.1845703125
35566.24914550781
35380.47790527344
35209.17321777344
35004.5087890625
34813.34216308594
34631.33972167969
34445.966064453125
34262.83740234375
34070.14953613281
33899.55407714844
33717.1201171875
33540.8515625
33371.968505859375
33192.46472167969
33021.76611328125
32840.04382324219
32674.298461914062
32525.1201171875
32353.312866210938
32176.34228515625
32016.392456054688
31845.811767578125
31711.903930664062
31552.255249023438
31365.381103515625
31185.598388671875
31030.18408203125
30872.746459960938
30727.220947265625
30551.382690429688
30382.45458984375
30215.316528320312
30041.235717773438
29889.680541992188
29738.323364257812
29609.487670898438
29459.243774414062
29333.170532226562
29185.145385742188
29069.040405273438
28909.974731445312
28800.20361328125
28656.555297851562
28517.7529296875
28360.541625976562
28217.516845703125
28062.03173828125
27897.202514648438
27776.758056640625
27621.369995117188
27501.07763671875
27384.843139648438
27243.564575195312
27098.70361328125
26970.989318847656
26877.87841796875
26809.4130859375
26668.315307617188
26561.118408203125
26373.127685546875
26236.550048828125
26108.920532226562
25979.73388671875
25871.342163085938
25752.720703125
25674.246826171875
25545.329223632812
25428.1787109375
25281.3896484375
25149.114501953125
25014.709228515625
24893.756591796875
24768.018188476562
24659.650756835938
24520.211303710938
24422.98797607422
24288.3994140625
