cost:	
1230429.58984375
1218124.1484375
1205753.01953125
1192943.24609375
1179580.046875
1165713.30859375
1151437.16796875
1137312.8515625
1123486.60546875
1110195.39453125
1097345.16796875
1084818.875
1072585.62109375
1060718.8984375
1049104.03125
1037471.16015625
1026360.98046875
1015214.2265625
1004150.57421875
993493.35546875
982811.17578125
972287.69921875
961780.2890625
951233.67578125
940956.296875
930630.78515625
920395.09375
910219.78515625
900237.23046875
890237.90625
880460.9921875
870702.1640625
861055.72265625
851350.546875
841662.7890625
832136.7421875
822797.07421875
813450.02734375
804402.794921875
795354.703125
786402.75
777635.70703125
769013.009765625
760328.20703125
751999.271484375
743514.82421875
735215.658203125
727008.3984375
719025.4296875
710961.05078125
703172.10546875
695687.703125
688214.7421875
680920.103515625
673680.09765625
666410.82421875
659314.306640625
652250.74609375
645324.5
638387.974609375
631559.86328125
624837.072265625
618093.27734375
611489.3203125
604982.041015625
598434.91015625
592045.921875
585660.845703125
579423.419921875
573188.85546875
567041.716796875
560908.64453125
554890.90625
548930.177734375
543082.21484375
537187.712890625
531347.20703125
525685.69140625
520004.890625
514445.810546875
508858.98046875
503369.2421875
497928.07421875
492546.525390625
487268.73828125
482005.1875
476729.107421875
471645.5
466517.44921875
461508.08984375
456487.73046875
451585.9609375
446692.6796875
441854.802734375
437086.375
432317.333984375
427683.318359375
423051.697265625
418496.396484375
413971.470703125
409532.5302734375
405305.55078125
401112.505859375
396955.8916015625
392800.77734375
388710.173828125
384776.4453125
380731.302734375
376738.412109375
372873.068359375
369036.193359375
365179.404296875
361380.783203125
357699.4404296875
353983.60546875
350333.2509765625
346679.029296875
343088.892578125
339541.95703125
336064.5537109375
332593.9375
329239.6611328125
325752.66796875
322454.2890625
319135.5478515625
315845.9765625
312663.1982421875
309381.8359375
306237.013671875
303165.9873046875
299992.51953125
296967.130859375
293968.4541015625
290921.4541015625
287991.3408203125
285093.6796875
282244.1787109375
279320.4501953125
276525.6474609375
273755.9169921875
270995.1005859375
268264.791015625
265588.83203125
262957.6591796875
260297.0126953125
257721.9833984375
255118.4384765625
252634.0185546875
250128.8603515625
247662.994140625
245274.4970703125
242963.85546875
240645.740234375
238423.330078125
236156.88720703125
233968.9892578125
231786.591796875
229635.2333984375
227500.3330078125
225416.4951171875
223386.12158203125
221257.17578125
219245.2236328125
217249.548828125
215276.484375
213296.3447265625
211413.5517578125
209508.93603515625
207602.67578125
205756.0908203125
203921.0166015625
202122.94287109375
200319.0341796875
198578.86474609375
196798.427734375
195118.2119140625
193387.9765625
191708.765625
190046.9580078125
188457.421875
186817.92578125
185243.466796875
183684.197265625
182097.779296875
180602.1298828125
179072.4658203125
177598.80126953125
176121.98681640625
174677.88916015625
173234.50634765625
171843.119140625
170455.6318359375
169078.5126953125
167730.328125
166399.98193359375
165085.93798828125
163781.34765625
162506.76318359375
161247.92138671875
160007.681640625
158808.5859375
157637.92822265625
156505.39453125
155381.3125
154238.4228515625
153172.0517578125
152073.5751953125
151010.603515625
149962.3037109375
148925.1396484375
147897.0009765625
146889.71142578125
145896.05908203125
144923.0751953125
143944.76611328125
143000.07861328125
142061.98974609375
141136.2431640625
140223.46240234375
139319.90576171875
138435.330078125
137579.7216796875
136692.83203125
135861.7734375
135020.96240234375
134202.67919921875
133400.45166015625
132582.990234375
131820.30517578125
131030.53564453125
130276.982421875
129528.3876953125
128790.376953125
128066.80810546875
127353.76416015625
126632.5703125
125949.65283203125
125262.8017578125
124589.8828125
123938.40673828125
123275.49755859375
122633.345703125
121998.302734375
121388.10888671875
120766.185546875
120173.19580078125
119582.80810546875
119004.1689453125
118427.95263671875
117873.123046875
117327.4873046875
116809.28076171875
116285.42919921875
115788.4892578125
115279.0029296875
114800.39208984375
114317.69580078125
113842.41650390625
113381.2373046875
112921.53369140625
112458.39453125
112022.888671875
111588.0244140625
111152.8515625
110736.0732421875
110317.4501953125
109909.646484375
109513.57080078125
109112.1513671875
108719.68603515625
108347.873046875
107975.48461914062
107595.1689453125
107229.08837890625
106877.716796875
106523.13037109375
106176.88330078125
105841.55126953125
105503.18017578125
105182.76904296875
104863.44775390625
104541.0263671875
104228.69580078125
103920.447265625
103621.79443359375
103331.95263671875
103030.2255859375
102745.60302734375
102467.09423828125
102198.73486328125
101924.2626953125
101656.4990234375
101389.78588867188
101141.14599609375
100888.58837890625
100638.00634765625
100386.4296875
100153.1015625
99908.8291015625
99673.9130859375
99457.26416015625
99241.3974609375
99028.185546875
98827.20483398438
98618.146484375
98425.96997070312
98231.40478515625
98046.01196289062
97852.6474609375
97673.13452148438
97494.49609375
97321.78930664062
97145.916015625
96982.2216796875
96810.892578125
96648.333984375
96486.56396484375
96330.8671875
96167.11376953125
96021.25561523438
95872.52392578125
95716.8193359375
95573.4755859375
95431.41625976562
95290.72509765625
95167.35668945312
95033.533203125
94902.35913085938
94777.47314453125
94652.83203125
94527.25390625
94415.70654296875
94301.92651367188
94183.5517578125
94069.755859375
93961.65185546875
93855.99975585938
93749.57958984375
93644.9580078125
93547.921875
93447.52294921875
93349.81787109375
93255.490234375
93161.76782226562
93071.36547851562
92981.63671875
92891.453125
92812.01538085938
92732.3798828125
92646.45458984375
92567.5361328125
92496.81201171875
92421.63842773438
92350.7001953125
92281.03564453125
92211.34521484375
92148.78393554688
92075.66748046875
92017.73193359375
91952.9150390625
91888.45263671875
91832.42749023438
91774.9365234375
91716.94873046875
91657.30029296875
91605.2958984375
91548.40625
91498.16796875
91444.8935546875
91391.09399414062
91340.9716796875
91258.54663085938
91195.72924804688
91121.65844726562
91091.98022460938
90961.26611328125
90942.69482421875
90889.466796875
90842.40991210938
90798.81689453125
90764.0927734375
90714.03393554688
90671.1142578125
90629.51416015625
90587.74951171875
90534.38134765625
90503.67236328125
90460.63061523438
90423.6728515625
90368.4501953125
90317.9453125
90224.7919921875
90203.4443359375
90160.12768554688
90139.5205078125
90097.87866210938
90058.25561523438
90020.12060546875
89993.51293945312
89964.65966796875
