cost:	
1224807.39453125
1159035.015625
1080831.65625
1011442.71875
946442.6171875
885133.1875
828082.1171875
774983.400390625
725041.90625
679184.556640625
634710.06640625
594419.505859375
555952.361328125
520940.837890625
487052.0390625
455879.109375
427125.203125
399759.185546875
374653.4931640625
351171.248046875
329724.8623046875
309167.34375
290522.9189453125
273169.919921875
257192.1044921875
242289.2060546875
228858.4521484375
216048.1923828125
204562.4521484375
194061.005859375
184305.1123046875
175288.16259765625
167076.0263671875
159716.18017578125
152855.3193359375
146695.427734375
140972.91162109375
135918.30908203125
131170.69970703125
127036.07397460938
123194.8291015625
119746.3623046875
116555.7080078125
113788.5986328125
111245.205078125
108983.7607421875
106916.13232421875
105049.3310546875
103435.49047851562
101950.90673828125
100633.3017578125
99504.44653320312
98503.66381835938
97568.826171875
96741.8720703125
96064.34375
95363.33984375
94790.73193359375
94264.43334960938
93808.841796875
93380.44213867188
93011.26879882812
92691.09228515625
92395.8251953125
92135.34423828125
91911.48022460938
91701.63427734375
91522.42822265625
91356.5654296875
91217.43505859375
91102.22094726562
90970.56860351562
90869.06689453125
90790.5888671875
90703.75439453125
90635.68188476562
90573.19775390625
90515.111328125
90465.44482421875
90421.69580078125
90380.77880859375
90340.59155273438
90308.24877929688
90277.75024414062
90253.55737304688
90227.84252929688
90207.09521484375
90185.298828125
90165.759765625
90151.61791992188
90131.68310546875
90118.22290039062
90102.3056640625
90089.36669921875
90081.509765625
90066.54931640625
90056.0537109375
90044.69189453125
90035.09057617188
90026.57177734375
90013.46313476562
90005.97265625
89996.13134765625
89987.9150390625
89982.07568359375
89970.47509765625
89963.4501953125
89954.50390625
89946.34033203125
89942.81591796875
89926.71752929688
89917.5068359375
89908.53564453125
89902.70849609375
89891.27807617188
89879.03076171875
89868.80517578125
89858.330078125
89849.15771484375
89834.9052734375
89821.6728515625
89805.14697265625
89789.99365234375
89772.97875976562
89748.87646484375
89736.81494140625
89722.056640625
89704.8056640625
89687.4560546875
89667.4169921875
89646.76806640625
89624.40844726562
89609.30883789062
89562.48876953125
89543.1904296875
89520.6708984375
89499.830078125
89486.9443359375
89475.03173828125
89459.05859375
89438.92163085938
89425.0498046875
89407.79638671875
89395.28051757812
89371.79150390625
89346.28198242188
89313.90478515625
89283.958984375
89206.59594726562
89162.32397460938
89137.65673828125
89114.23510742188
89080.3447265625
88991.9658203125
88817.5400390625
88607.01904296875
88199.728515625
87753.63354492188
87245.66479492188
87119.76220703125
86942.76318359375
86761.23803710938
86535.96264648438
86011.58447265625
85681.32177734375
85411.658203125
84863.58642578125
84491.14404296875
84240.82275390625
84095.67797851562
83920.74755859375
83749.1513671875
83495.57739257812
83351.15405273438
83244.11572265625
83069.63793945312
83004.134765625
82841.90185546875
82477.107421875
82355.140625
82235.91064453125
82111.8369140625
82008.53857421875
81863.7333984375
81641.99731445312
81555.83422851562
81467.17578125
81377.37084960938
81309.57104492188
81240.29760742188
81180.20263671875
81078.29565429688
81004.744140625
80933.58837890625
80874.93139648438
80799.1572265625
80742.21044921875
80693.71337890625
80639.65478515625
80589.76025390625
80540.0458984375
80497.02856445312
80456.46508789062
80411.751953125
80303.4921875
80238.25439453125
80198.97314453125
80158.18603515625
80123.58618164062
80088.623046875
80055.630859375
80020.59545898438
79987.11328125
79955.89526367188
79921.5732421875
79892.5107421875
79863.79052734375
79834.44775390625
79803.27197265625
79772.77490234375
79723.39526367188
79657.82788085938
79621.2978515625
79585.90942382812
79546.67919921875
79518.53540039062
79493.93505859375
79459.06372070312
79430.77368164062
79406.52709960938
79375.14086914062
79349.57763671875
79316.7275390625
79288.32397460938
79260.67919921875
79229.34033203125
79202.60595703125
79177.85180664062
79147.76098632812
79120.41259765625
79098.5859375
79069.23217773438
79045.54760742188
79018.95336914062
78993.87426757812
78964.46655273438
78940.50610351562
78913.23779296875
78888.2705078125
78859.36962890625
78836.67163085938
78804.96655273438
78776.8056640625
78750.63500976562
78729.32788085938
78702.162109375
78676.93603515625
78655.45385742188
78636.529296875
78599.54345703125
78580.65307617188
78558.67822265625
78516.00561523438
78489.28637695312
78464.16064453125
78440.244140625
78415.38549804688
78390.40771484375
78366.57202148438
78343.38647460938
78319.806640625
78302.4873046875
78274.81005859375
78255.89184570312
78227.125
78201.33959960938
78172.55151367188
78135.40087890625
78120.2529296875
78090.01953125
78063.095703125
78039.89379882812
78009.78125
77982.26538085938
77942.5546875
77819.9208984375
77724.80834960938
77690.71850585938
77661.3203125
77649.12963867188
77619.35961914062
77598.62329101562
77571.55322265625
77575.47265625
77544.90283203125
77518.60131835938
77494.60888671875
77472.24438476562
77436.87548828125
77410.83764648438
77364.40625
77353.390625
77352.54956054688
77328.10888671875
77286.3154296875
77263.40405273438
77226.81982421875
77223.0439453125
77197.70068359375
77168.23608398438
77143.23388671875
77111.53173828125
77094.22192382812
77067.00341796875
77071.18334960938
77080.30859375
77047.16162109375
76921.8955078125
76888.57421875
76825.26416015625
76638.15063476562
76594.046875
76565.17626953125
76537.87280273438
76466.5146484375
76440.3779296875
76403.49560546875
76346.61669921875
76324.38623046875
76301.16015625
76276.97412109375
76260.51684570312
76226.798828125
76213.65844726562
76201.18701171875
76168.125
76143.42016601562
76121.79052734375
76108.00341796875
76068.26831054688
76046.57739257812
76011.82836914062
76003.97802734375
75980.224609375
75979.3544921875
75964.53588867188
75930.1416015625
75897.38818359375
75854.49243164062
75832.65600585938
75804.95581054688
75770.20751953125
75736.37255859375
75704.84228515625
75678.01831054688
75655.28833007812
75618.42407226562
75597.2666015625
75581.54809570312
75583.61328125
75534.732421875
75507.70336914062
75487.01391601562
75463.40966796875
75449.29565429688
75422.36206054688
75387.10302734375
75371.64697265625
75343.14575195312
75314.20141601562
75304.91381835938
75293.64477539062
75254.69702148438
75241.27270507812
75241.41796875
75219.72875976562
75264.50634765625
75216.11572265625
75197.20239257812
75121.86352539062
75083.7470703125
75045.4228515625
75028.810546875
74999.19067382812
74973.71142578125
74941.46313476562
74935.59399414062
74913.33715820312
74880.38623046875
74850.81396484375
74815.01904296875
74785.95483398438
74758.82983398438
74731.99365234375
74708.78784179688
74697.46997070312
74674.46069335938
74647.1982421875
74622.8076171875
74617.24877929688
