cost:	
10774722.88671875
7522861.984375
5221756.623046875
3625670.35546875
2556168.66796875
1864769.90234375
1435898.5556640625
1180222.7919921875
1033177.794921875
951825.5297851562
907923.2905273438
884676.1201171875
872396.5307617188
865935.505859375
862370.2900390625
860305.125
859008.9443359375
858180.806640625
857565.3671875
857082.7958984375
856691.8779296875
856225.9838867188
855932.0678710938
855669.7612304688
855297.3813476562
854777.7333984375
854208.900390625
853698.0375976562
853126.6826171875
852392.4663085938
849691.6083984375
848229.1059570312
845744.27734375
845828.69140625
842569.9243164062
839904.1357421875
838021.7333984375
834038.048828125
831383.03515625
829148.984375
827579.3129882812
825940.52734375
824060.5424804688
822341.810546875
820186.685546875
818354.5229492188
816982.56640625
815664.84765625
814413.8972167969
812458.2001953125
811090.720703125
810054.91015625
809116.9321289062
808017.3603515625
806851.6640625
805810.6381835938
805030.130859375
803937.4868164062
802991.8305664062
802055.1079101562
800928.419921875
799788.0288085938
798945.8178710938
798109.1665039062
797250.84765625
796207.4499511719
795321.1376953125
794433.4321289062
793197.4267578125
791906.5209960938
791253.7119140625
790033.0288085938
789263.5786132812
788602.2006835938
787630.1733398438
786907.9189453125
786255.82421875
785582.873046875
784899.9057617188
784306.62890625
783499.2124023438
783205.55078125
782530.77734375
782066.333984375
781568.6494140625
780838.9873046875
780697.5727539062
780241.6215820312
779861.9616699219
779215.1899414062
779208.1469726562
778922.5822753906
778812.8442382812
777793.6430664062
777515.3032226562
776840.7875976562
776663.1557617188
776406.8579101562
776111.9809570312
775512.1508789062
775023.0617675781
775117.7998046875
774679.123046875
774692.4399414062
773821.69921875
774262.7338867188
774481.4291992188
773479.5810546875
773762.0122070312
773463.3032226562
772732.3442382812
771559.8076171875
770901.7438964844
770753.8520507812
770369.6701660156
770726.8759765625
770268.1494140625
770275.0512695312
769955.2768554688
768867.9418945312
768885.775390625
768827.3125
768258.1796875
768006.8647460938
767788.9296875
767671.6394042969
767197.6787109375
766848.0307617188
766851.7229003906
766282.0654296875
766133.1967773438
765467.6030273438
765351.8828125
765769.015625
765391.51953125
765108.6801757812
766386.6865234375
765229.357421875
764682.2177734375
764082.3505859375
764035.1137695312
763549.583984375
763946.7817382812
763556.8330078125
762817.9453125
763780.6572265625
762751.7641601562
762006.2397460938
762131.5590820312
762094.2924804688
762065.77734375
761297.5883789062
761502.6923828125
761076.6865234375
761121.2001953125
760861.2797851562
760375.2846679688
760136.6533203125
759872.7973632812
760228.8901367188
760063.4697265625
759688.3334960938
759177.7016601562
759022.6435546875
759730.3459472656
759455.15234375
759595.439453125
758892.8376464844
758827.1906738281
758651.8115234375
758271.8686523438
758593.3623046875
758156.060546875
757750.025390625
757222.0849609375
757725.3696289062
757419.17578125
757604.1733398438
757754.33984375
757536.3747558594
757009.9379882812
756591.6713867188
756659.5412597656
756597.8999023438
756376.6357421875
756180.6967773438
756073.3051757812
755918.5307617188
756030.66015625
755458.2436523438
756257.34375
756096.1025390625
756157.775390625
755461.0734863281
755747.0114746094
755289.2951660156
755636.396484375
755056.3471679688
754501.427734375
754533.9516601562
754024.5795898438
754442.97265625
754409.3168945312
753782.1728515625
753862.83984375
753697.23046875
753009.7758789062
753925.890625
753264.6860351562
752426.1428222656
752837.21875
752635.1821289062
751949.1455078125
752039.994140625
752547.7978515625
753297.6591796875
752917.943359375
751967.2348632812
751928.251953125
751679.6242675781
751592.0288085938
751850.1025390625
752274.04296875
751786.3745117188
751382.7026367188
750864.3325195312
750511.0
750315.0830078125
750860.7690429688
750984.9294433594
750124.2985839844
750612.6201171875
750687.1115722656
750115.4697265625
749970.6127929688
750280.8125
750626.2744140625
750442.19921875
749799.8486328125
750526.5825195312
750042.7729492188
749473.0625
749611.9038085938
750122.2687988281
751168.7568359375
751065.1354980469
749941.8491210938
749026.7763671875
748859.279296875
749543.9052734375
749714.7426757812
748916.5146484375
748371.85546875
748188.1811523438
748140.2836914062
748482.4555664062
747924.3325195312
747718.0556640625
747870.380859375
748659.0551757812
747471.490234375
747174.1484375
747336.6713867188
746960.9780273438
747089.150390625
746814.5634765625
746380.3916015625
746316.4184570312
746358.5229492188
746376.2026367188
745881.5646972656
745945.0322265625
745681.2700195312
747555.9028320312
746870.1967773438
746325.7895507812
747000.8076171875
747017.3168945312
745644.4819335938
745293.8225097656
744803.576171875
746267.1733398438
745980.2055664062
746072.4458007812
745116.8359375
744997.5864257812
744736.0869140625
745771.7548828125
746122.5961914062
745683.9987792969
744547.6982421875
743936.4858398438
744071.3542480469
743768.8603515625
743296.8442382812
743609.9711914062
744503.8642578125
746945.1416015625
744539.6313476562
743397.4423828125
743100.5422363281
743064.1645507812
743326.22265625
742920.4526367188
742534.5537109375
742314.0141601562
742158.298828125
742168.1694335938
741964.056640625
742537.0412597656
741991.2338867188
742268.00390625
741732.322265625
741881.2446289062
742052.6176757812
741781.2895507812
742350.2172851562
741061.8383789062
741302.8022460938
741275.9677734375
741337.2177734375
741359.8134765625
741573.6477050781
741085.0710449219
740991.2456054688
740665.38671875
741158.9897460938
741241.4926757812
741463.3330078125
740709.5029296875
740337.4091796875
741100.0483398438
740868.6176757812
740362.4296875
740312.2534179688
740366.5434570312
740690.3720703125
740257.7416992188
740314.9677734375
740665.9516601562
740328.1225585938
739410.84765625
739388.7250976562
739735.9150390625
739332.9248046875
739329.6552734375
740271.0786132812
739823.2319335938
739344.5913085938
738780.9619140625
738972.123046875
739187.1318359375
739278.9826660156
739724.3798828125
740538.3247070312
739400.3803710938
739394.1459960938
739315.0634765625
739430.1770019531
739873.3002929688
739364.4174804688
738650.3510742188
738983.6811523438
738458.091796875
738378.7895507812
737958.4448242188
738327.7766113281
738428.4045410156
737734.5895996094
738044.0041503906
737628.873046875
737603.8911132812
738423.1752929688
738260.615234375
737879.58984375
739335.6130371094
739479.6997070312
737823.4658203125
737848.8823242188
738990.9038085938
738362.8374023438
738124.6811523438
738179.7373046875
737824.0751953125
737061.6298828125
736293.068359375
736913.6528320312
737158.5849609375
736360.3784179688
736551.8666992188
736470.9482421875
737039.1948242188
737155.5659179688
737121.4970703125
736765.4653320312
736193.544921875
736355.0078125
736085.3901367188
735977.6767578125
736244.6572265625
735713.451171875
735532.8095703125
736372.861328125
736324.0825195312
737612.4858398438
735994.4208984375
736198.48828125
735806.55859375
735688.4370117188
735250.1103515625
735186.240234375
736145.8413085938
735887.1926269531
735273.7216796875
735782.2153320312
734936.5322265625
735197.7036132812
734333.923828125
734275.7954101562
734559.1396484375
734539.8344726562
734112.5034179688
734439.625
734476.2084960938
734240.0185546875
734215.4990234375
734600.3312988281
734197.6474609375
734525.3002929688
734661.2622070312
733828.3081054688
733920.1899414062
734664.0512695312
736303.5856933594
734949.275390625
735365.1381835938
736113.3591308594
734734.9833984375
734314.5219726562
737394.2292480469
735227.1840820312
733939.0126953125
733327.8950195312
733431.75390625
733865.4204101562
733547.8642578125
734140.7241210938
733066.3950195312
733676.8466796875
733019.5092773438
733021.8774414062
732444.7546386719
733272.4213867188
732976.7944335938
732772.3486328125
732188.1577148438
732551.3291015625
732356.8823242188
732576.1794433594
733236.640625
732332.3159179688
732464.8413085938
732740.4194335938
733055.6533203125
732990.6450195312
732312.955078125
733538.4174804688
733074.73046875
732297.6669921875
731738.8154296875
732758.8295898438
732574.6147460938
732393.7236328125
733039.7890625
732689.8393554688
732279.62890625
731737.7158203125
731290.2573242188
732157.5510253906
732102.7578125
733069.6166992188
732077.1440429688
732231.2502441406
733032.7724609375
732552.7824707031
