cost:	
822420.783203125
155106.6220703125
135838.34130859375
102882.8955078125
97399.88818359375
93520.01196289062
92570.33935546875
91761.39208984375
91205.357421875
90739.08642578125
90273.67626953125
89732.26904296875
89240.83154296875
88549.91064453125
87908.73681640625
87299.21875
86368.7802734375
85479.244140625
84609.59765625
83665.876953125
82599.84912109375
81656.53759765625
80720.275390625
79711.43676757812
78827.9638671875
77810.84497070312
76802.99926757812
75930.0146484375
74962.19921875
74088.51879882812
73174.12646484375
72301.52612304688
71413.8486328125
70682.29248046875
69601.72241210938
68805.71215820312
67954.8837890625
67074.880859375
66206.30200195312
65381.1201171875
64600.929443359375
63805.210693359375
62904.966796875
62143.9208984375
61195.40234375
60521.310302734375
59582.0390625
58707.985595703125
58055.240234375
57243.04296875
56496.285400390625
55694.323974609375
54993.802001953125
54159.220947265625
53445.097900390625
52732.64453125
51995.68115234375
51172.765869140625
50594.603271484375
49713.34411621094
49014.21533203125
48221.56689453125
47513.583251953125
46791.85498046875
46091.96875
45399.256591796875
44689.587646484375
43938.18115234375
43202.65771484375
42505.00939941406
41846.770751953125
41190.039306640625
40530.45495605469
39840.523193359375
39107.81335449219
38331.444580078125
37638.877197265625
36999.74755859375
36308.5830078125
35696.08337402344
35000.735107421875
34322.67395019531
33631.23522949219
32919.24499511719
32293.958862304688
31707.31494140625
31048.752075195312
30409.525939941406
29789.838256835938
29150.487182617188
28646.725219726562
28004.61785888672
27398.131591796875
26818.230712890625
26218.117309570312
25649.891357421875
25109.258544921875
24569.283325195312
23990.597290039062
23445.280395507812
22949.066528320312
22397.60125732422
21892.681030273438
21408.418823242188
20947.649475097656
20465.125061035156
20032.212646484375
19562.429138183594
19109.523498535156
18658.892639160156
18258.250244140625
17828.580688476562
17413.806274414062
16971.54608154297
16598.039306640625
16187.869445800781
15815.477111816406
15459.985290527344
15062.5263671875
14709.72607421875
14366.641967773438
13997.579772949219
13648.847961425781
13294.583374023438
12973.007629394531
12643.035064697266
12345.13705444336
12060.230163574219
11757.052734375
11467.499267578125
11178.114990234375
10895.395385742188
10613.99057006836
10355.622955322266
10107.367858886719
9867.994812011719
9589.051879882812
9357.909240722656
9128.730102539062
8895.413757324219
8657.315307617188
8439.896057128906
8232.418518066406
7997.850646972656
7814.132476806641
7610.6644287109375
7410.505310058594
7226.8759765625
7021.653228759766
6852.992736816406
6676.333221435547
6492.352600097656
6333.030120849609
6178.4041748046875
6021.850311279297
5889.827911376953
5750.710037231445
5591.186721801758
5449.859100341797
5312.967956542969
5194.751510620117
5058.657440185547
4931.473922729492
4798.64404296875
4663.034362792969
4534.633682250977
4427.668930053711
4310.004531860352
4198.646713256836
4095.1307983398438
3995.8063354492188
3912.92578125
3807.324737548828
3703.8207397460938
3617.9825134277344
3528.5630798339844
3436.8370361328125
3338.438522338867
3252.041976928711
3165.62996673584
3095.9405822753906
3022.3104095458984
2963.478759765625
2882.5711517333984
2808.5423431396484
2732.6925735473633
2651.5289306640625
2602.9808197021484
2538.7281188964844
2476.351287841797
2397.4063262939453
2332.186050415039
2275.53084564209
2217.74169921875
2161.909133911133
2096.6521644592285
2046.6439666748047
1998.0724792480469
1945.6750106811523
1902.691032409668
1855.006980895996
1814.4893264770508
1775.963966369629
1733.3562927246094
1679.1487274169922
1637.9726829528809
1599.3506393432617
1563.2454986572266
1512.6181449890137
1471.7033996582031
1432.9297409057617
1396.9441452026367
1363.6428756713867
1327.489242553711
1298.078327178955
1257.1317749023438
1229.1927337646484
1196.4674072265625
1166.3747596740723
1145.6742935180664
1145.8936080932617
1115.217098236084
1103.8631706237793
1078.6587028503418
1050.0613555908203
1020.3340530395508
1002.4556999206543
972.8142013549805
950.2879180908203
927.5095024108887
910.8994750976562
880.5642890930176
865.8302326202393
858.5591163635254
826.1075096130371
818.9972190856934
790.9288101196289
793.1451549530029
758.453929901123
746.7400588989258
718.9132442474365
704.6708374023438
695.3778419494629
700.159912109375
690.8790473937988
667.5599975585938
642.7787208557129
636.0191135406494
617.3221168518066
622.529878616333
598.2325325012207
579.0227394104004
567.073205947876
539.3849029541016
522.7801933288574
514.4074058532715
501.22107315063477
483.00299644470215
463.9662342071533
456.17224311828613
452.5244388580322
452.35473823547363
451.1136531829834
439.6160087585449
437.41094970703125
416.8937187194824
396.40985679626465
388.6515121459961
384.8596534729004
385.38111877441406
388.04189109802246
374.3721446990967
371.6649761199951
360.01168060302734
351.3612365722656
343.07208824157715
344.8968143463135
341.463830947876
324.8209648132324
314.94043159484863
312.5094242095947
309.9777240753174
315.4102544784546
332.960241317749
361.44443702697754
355.24279403686523
344.4474353790283
351.0309753417969
326.4141788482666
309.72486686706543
290.4082736968994
275.33553886413574
271.51841259002686
271.02060413360596
256.85076332092285
251.27760887145996
246.11872100830078
250.66873359680176
244.95371437072754
251.1619758605957
246.9967861175537
230.57215785980225
213.62955284118652
208.40653038024902
206.72665977478027
207.27827835083008
198.69299411773682
191.94574546813965
190.19944953918457
183.9955177307129
175.90375995635986
184.42456817626953
186.90690898895264
190.46054077148438
182.0790843963623
189.51897525787354
180.42609119415283
171.4837784767151
174.88466930389404
171.27013397216797
182.28797721862793
195.05541896820068
205.71306610107422
211.82643127441406
232.83300018310547
221.7580041885376
212.65868186950684
207.62913703918457
201.36587142944336
196.51733589172363
194.50809860229492
199.00191736221313
195.74984073638916
196.08899211883545
196.16955089569092
187.54447746276855
178.0605344772339
168.38731861114502
154.45087051391602
151.18652057647705
146.89165210723877
147.55410957336426
149.70855140686035
169.35834789276123
175.1484022140503
187.84490394592285
193.93258571624756
173.38353824615479
170.30855178833008
153.20315265655518
145.97403812408447
127.97975778579712
125.37171077728271
122.71222877502441
112.88815784454346
108.35436820983887
105.07342433929443
101.29452848434448
99.4825086593628
96.05554008483887
92.10917663574219
93.58775901794434
95.2238416671753
99.75866508483887
102.02591705322266
102.03372955322266
98.71370553970337
97.531334400177
103.5924882888794
109.57360458374023
112.04435443878174
119.37002944946289
114.53806686401367
114.1014404296875
119.20840167999268
120.17499017715454
120.95709037780762
124.01429796218872
126.92393016815186
128.08075714111328
122.50049161911011
126.7681360244751
126.72897052764893
125.9574670791626
117.89786148071289
126.9858341217041
127.87061309814453
120.60960006713867
131.82857513427734
134.90855312347412
133.22150707244873
135.7097635269165
142.74688816070557
150.89484405517578
149.13856315612793
145.98234844207764
157.23025798797607
149.78342819213867
157.09907150268555
165.0582456588745
