cost:	
791397.119140625
147564.828125
136956.32421875
103064.587890625
98214.42578125
94530.97900390625
93031.5185546875
92181.64208984375
91532.30004882812
90802.28295898438
90314.22998046875
89848.74340820312
89163.1708984375
88338.73046875
87540.04052734375
86675.31591796875
85939.30615234375
84689.14135742188
83727.4365234375
82764.1923828125
81688.13598632812
80645.384765625
79765.6416015625
78737.765625
77704.171875
76718.37719726562
75939.49780273438
74771.74609375
73937.572265625
73102.62573242188
72073.28076171875
71085.51635742188
70229.4794921875
69389.60546875
68420.98315429688
67612.17797851562
66578.3642578125
65704.92016601562
64869.304931640625
64054.98681640625
63182.2509765625
62355.796875
61519.33642578125
60758.72265625
59892.64599609375
59062.08642578125
58382.73388671875
57455.423583984375
56774.48254394531
55859.985107421875
54996.707763671875
54279.3876953125
53440.55126953125
52783.07373046875
52080.32458496094
51277.32287597656
50505.857177734375
49696.25256347656
48993.3896484375
48293.6865234375
47483.012451171875
46787.039306640625
46066.102294921875
45332.32629394531
44491.600341796875
43802.3505859375
43034.068603515625
42382.00439453125
41633.543212890625
40940.995849609375
40195.626708984375
39495.66857910156
38794.74230957031
38128.93115234375
37401.86828613281
36717.00231933594
36040.70275878906
35358.68347167969
34639.18835449219
34051.01428222656
33387.13391113281
32676.096557617188
32009.859130859375
31421.192016601562
30738.6767578125
30131.6083984375
29449.14599609375
28806.52978515625
28259.598876953125
27637.368041992188
27109.787841796875
26474.521606445312
25919.542114257812
25343.617065429688
24799.597900390625
24214.858764648438
23683.0771484375
23139.899536132812
22639.307861328125
22106.00408935547
21619.80029296875
21119.287475585938
20632.593017578125
20159.053588867188
19675.605590820312
19270.611450195312
18818.302856445312
18398.599487304688
17965.191345214844
17568.031860351562
17127.833251953125
16746.579040527344
16370.778137207031
15972.596313476562
15611.211853027344
15265.897705078125
14888.723022460938
14549.424865722656
14217.406494140625
13847.6298828125
13538.702819824219
13224.472961425781
12875.744140625
12555.628051757812
12293.688293457031
11985.749755859375
11698.888946533203
11419.408630371094
11172.324096679688
10900.030242919922
10633.069519042969
10364.205749511719
10103.563690185547
9857.098510742188
9595.35205078125
9383.85043334961
9155.177520751953
8953.60317993164
8728.914184570312
8503.867492675781
8296.806091308594
8096.531951904297
7884.768096923828
7694.391174316406
7504.709899902344
7344.169281005859
7153.579025268555
6988.810943603516
6824.042755126953
6646.783508300781
6472.723724365234
6315.9344482421875
6156.090118408203
6027.369964599609
5891.720947265625
5741.847747802734
5620.66584777832
5493.5263671875
5365.140960693359
5219.2889404296875
5104.115295410156
4997.5933837890625
4886.296661376953
4760.068588256836
4645.862442016602
4521.914337158203
4423.1998291015625
4321.870330810547
4217.117050170898
4121.762145996094
4023.322235107422
3946.3241424560547
3852.9937133789062
3775.044662475586
3688.618698120117
3598.2657165527344
3509.675018310547
3426.661376953125
3346.9078216552734
3272.6409301757812
3188.2393188476562
3114.3597717285156
3055.0948181152344
2993.3038482666016
2938.7032470703125
2857.737335205078
2811.8967895507812
2730.3011322021484
2658.7797088623047
2592.042022705078
2532.6157455444336
2470.7093963623047
2413.142547607422
2363.701141357422
2321.5557556152344
2266.425262451172
2211.6810913085938
2167.824676513672
2124.0347442626953
2079.7656860351562
2037.2058410644531
1986.4361877441406
1946.9055938720703
1900.3613739013672
1867.3555145263672
1836.933692932129
1790.028907775879
1742.4521789550781
1699.0947723388672
1665.251365661621
1623.9577331542969
1590.233268737793
1562.309341430664
1533.9599227905273
1512.2642288208008
1491.8089981079102
1461.484260559082
1445.4786529541016
1422.3791275024414
1394.2153396606445
1373.2598266601562
1350.9744873046875
1329.640022277832
1316.8172760009766
1282.4128341674805
1257.3474578857422
1253.0142059326172
1214.5549774169922
1185.6787490844727
1161.0929336547852
1138.4434356689453
1131.1911239624023
1118.6608657836914
1120.8111038208008
1098.8623809814453
1083.6979904174805
1059.727668762207
1047.0704879760742
1022.7827568054199
1004.6090927124023
980.2061157226562
952.360294342041
924.0009002685547
902.2432022094727
889.8394622802734
877.213264465332
865.4081420898438
854.8213272094727
840.8781967163086
826.786205291748
813.6815948486328
798.2044334411621
802.9046859741211
789.6100921630859
780.1390228271484
773.4164657592773
759.8413619995117
756.6529693603516
752.3314743041992
744.252555847168
737.635383605957
730.6193389892578
716.5612907409668
697.4357757568359
680.2928199768066
684.1291236877441
664.5053367614746
655.5642318725586
647.7266426086426
634.5802154541016
626.2134208679199
621.9418754577637
606.0865287780762
596.4235343933105
586.5328979492188
585.4926910400391
590.9046173095703
591.6902198791504
601.6502418518066
578.3977661132812
576.2838478088379
568.5996360778809
558.5735664367676
551.0315933227539
547.6059226989746
557.9279556274414
557.9155616760254
580.9360542297363
580.7549018859863
596.6833648681641
575.0341262817383
577.9733963012695
568.3476715087891
553.7679176330566
562.708812713623
551.8337135314941
554.6535453796387
560.8887176513672
559.0975227355957
528.2830581665039
495.52565002441406
473.9517135620117
455.0054588317871
445.62087631225586
437.5219612121582
435.69409561157227
428.17284774780273
422.508113861084
417.70706939697266
415.5226707458496
415.0493850708008
409.94348335266113
410.7640686035156
406.62295150756836
407.0081481933594
404.8483657836914
404.0616340637207
407.82616806030273
410.6265335083008
408.6209831237793
416.25058364868164
419.8888187408447
425.32238006591797
427.5823440551758
430.4679718017578
429.4232749938965
423.7326240539551
423.85113525390625
429.62084579467773
432.0586967468262
453.95642471313477
465.3635711669922
452.8955192565918
483.5294990539551
473.8108882904053
457.89987564086914
443.6152801513672
465.1838188171387
468.81407928466797
468.6964473724365
447.48584747314453
423.8567581176758
411.95935440063477
394.8815803527832
380.30696868896484
374.5427551269531
380.8600082397461
391.90750885009766
397.8395309448242
408.72272872924805
