cost:	
728678.5771484375
347992.51171875
225750.5869140625
155448.328125
121447.01806640625
98145.16845703125
80898.119140625
68256.30908203125
58643.442138671875
50931.449462890625
44311.30822753906
39968.724365234375
35278.04931640625
31716.844970703125
29349.125732421875
26665.916625976562
28699.93280029297
27800.78155517578
22770.557006835938
19189.518920898438
16662.86407470703
15196.476379394531
14127.653198242188
13865.24951171875
13006.03515625
11969.506286621094
10210.851684570312
9132.644897460938
8818.1484375
9135.089752197266
9600.037536621094
9240.38198852539
8983.64370727539
8123.748870849609
6153.571578979492
5479.4710693359375
4713.362396240234
4790.386688232422
4528.576705932617
4897.150344848633
5063.286193847656
5874.159393310547
8129.367828369141
9969.048767089844
10620.977630615234
9065.227325439453
6451.608856201172
5535.512664794922
4909.011566162109
4943.709854125977
4374.648307800293
3780.794174194336
3051.613456726074
2791.638458251953
2927.249855041504
2682.0480194091797
2562.089797973633
2105.9810638427734
2227.225814819336
2188.35636138916
2171.4408073425293
2297.561637878418
2470.874038696289
2158.335319519043
1902.807632446289
1687.7277526855469
1642.4522705078125
1476.2359466552734
1667.7106170654297
1392.4621505737305
2078.4615936279297
1517.527359008789
1297.6755027770996
1422.2860565185547
1206.7861366271973
1303.3706436157227
1251.445182800293
1419.8069496154785
1876.9114418029785
2621.103660583496
3285.5450897216797
4356.743316650391
5210.403076171875
6687.746734619141
7062.778015136719
6720.145782470703
6412.87370300293
6079.094512939453
6195.593185424805
6032.9599609375
4847.8685302734375
7288.435440063477
8313.279846191406
8020.740493774414
8173.419494628906
8233.812622070312
7769.462265014648
6598.664138793945
4128.165756225586
3399.4979095458984
3114.229667663574
2325.578193664551
2186.1542053222656
2410.6249084472656
2288.9302673339844
1919.5242385864258
1540.0454025268555
1359.5981521606445
1154.4818267822266
1062.7617835998535
1015.1316795349121
1141.7819137573242
1092.1344718933105
1119.7229118347168
1304.8698692321777
1685.4782600402832
1721.9541854858398
1481.6352500915527
1541.1073608398438
1712.3655014038086
1653.2408752441406
1875.8120384216309
2333.3198776245117
2644.9807891845703
2554.933151245117
2792.8892974853516
2426.4497680664062
2292.627067565918
2129.8330078125
1851.4981231689453
1735.5546264648438
1730.8032531738281
1677.3300476074219
2670.353271484375
6118.574279785156
11364.18130493164
12376.641815185547
11927.616333007812
9502.12434387207
6396.557708740234
7167.696304321289
5944.958724975586
4448.048675537109
3627.3255920410156
2775.369659423828
2148.250648498535
2115.4540367126465
1787.0823211669922
1529.3745880126953
1380.5307273864746
1316.9847660064697
1274.569953918457
1207.3101654052734
1048.4629402160645
1032.875165939331
975.6127471923828
773.7576446533203
666.215217590332
576.2510681152344
494.8032512664795
443.7402095794678
424.93629264831543
460.4123191833496
588.7019748687744
821.9810371398926
977.7497310638428
931.5201950073242
853.2696418762207
855.525577545166
780.9370193481445
820.0678176879883
917.3624687194824
1054.9267196655273
1268.9314994812012
1307.5090026855469
1404.6948738098145
1624.6154251098633
2046.4838333129883
3176.1858978271484
4038.1556396484375
5614.855621337891
8604.238037109375
11150.465209960938
10412.634490966797
14977.822814941406
12274.231964111328
9398.225936889648
7851.570556640625
7337.283294677734
6063.615478515625
5348.104141235352
4627.879974365234
3730.919647216797
3195.6132049560547
2438.4844512939453
1956.5271682739258
1718.4517822265625
1430.1751327514648
1814.1883964538574
2185.9424896240234
2381.514205932617
2484.71248626709
2304.312469482422
1752.515998840332
1368.0706748962402
1096.189926147461
980.4800987243652
833.2824325561523
733.2989597320557
644.5542411804199
577.6484756469727
516.7164630889893
461.72338676452637
406.0498847961426
403.228515625
378.1564350128174
383.2146472930908
380.13662338256836
399.9719524383545
451.9093208312988
430.7827911376953
452.8345241546631
428.12182807922363
700.0471611022949
618.6774959564209
876.001636505127
791.3107681274414
742.1417922973633
757.4494400024414
779.5174102783203
784.620964050293
860.9964981079102
750.7869415283203
1116.726448059082
1164.218017578125
1293.5534133911133
1327.3363952636719
1256.833999633789
1315.6733093261719
1415.546371459961
1253.204200744629
1704.9872360229492
1530.218864440918
1916.377426147461
1655.0262756347656
1744.587890625
1776.028408050537
1825.5940017700195
1704.1205596923828
1773.1366958618164
1642.4756774902344
1525.0413513183594
1743.0552864074707
1826.6294250488281
1937.9482116699219
2063.7932357788086
2247.1115112304688
2478.373706817627
3349.8386840820312
4111.609909057617
4897.024078369141
6996.550262451172
6232.0699462890625
5531.83952331543
6926.7772216796875
7521.372253417969
13188.916870117188
24782.951049804688
149379.43139648438
534963.2963867188
1264637.8701171875
437517.7863769531
336024.875
144791.07092285156
147565.6845703125
61560.2724609375
40827.485107421875
31809.518493652344
25335.773651123047
11880.511840820312
9199.108901977539
5555.2364501953125
3922.1050415039062
2297.1953353881836
1580.263442993164
1183.2853088378906
894.6468887329102
750.1375885009766
646.2525939941406
571.9523487091064
506.494873046875
451.8754062652588
409.04364013671875
374.22547340393066
343.8334617614746
318.1969585418701
295.93928146362305
277.2603511810303
259.9019613265991
244.9550724029541
231.54118728637695
220.08156871795654
209.64340782165527
200.4427366256714
191.989275932312
184.24213218688965
176.95292854309082
170.91914558410645
164.93989181518555
159.5654125213623
154.6991949081421
150.20878887176514
146.10823154449463
142.08788394927979
138.62483024597168
135.3075351715088
132.21867656707764
129.42303943634033
126.89007091522217
124.32244300842285
121.99342155456543
119.9006814956665
117.94528198242188
116.08095932006836
114.337327003479
112.70661640167236
111.1848201751709
109.72999954223633
108.36356925964355
107.07588291168213
105.84457492828369
104.74585151672363
103.73245525360107
102.77545547485352
102.03952407836914
101.39544677734375
99.94755840301514
100.89883041381836
99.28890991210938
97.70313835144043
96.935791015625
96.33666610717773
95.64665985107422
95.13551044464111
94.63422870635986
94.01038455963135
93.39097690582275
93.06341361999512
92.57631015777588
92.00367259979248
91.53778553009033
91.11802005767822
90.761399269104
90.42271041870117
90.1629991531372
89.82914543151855
89.40631771087646
89.06441402435303
88.79359436035156
88.56293296813965
88.2384672164917
88.34073734283447
89.43915748596191
90.24261569976807
87.78765773773193
87.80173587799072
87.42585277557373
86.71550846099854
88.39636135101318
88.32695865631104
87.37857913970947
88.7038106918335
85.67927265167236
85.75179386138916
85.43017482757568
85.47334671020508
85.15385055541992
84.92124080657959
84.84409618377686
84.54874324798584
84.42143535614014
84.3631706237793
84.6155014038086
85.65440940856934
84.07956409454346
84.74668216705322
84.1225061416626
89.33968448638916
89.56521701812744
84.30712413787842
90.60505294799805
93.31711673736572
100.878249168396
83.7816276550293
90.5497989654541
84.58998966217041
84.87153816223145
83.13805198669434
93.11273860931396
84.99529457092285
