cost:	
1196623.078125
1074404.64453125
953385.125
844115.60546875
746303.2109375
657845.49609375
580876.505859375
511702.619140625
451461.283203125
398644.59375
353111.0146484375
312343.7412109375
278034.4853515625
248219.0087890625
222118.3564453125
200537.1357421875
181664.771484375
166016.96044921875
152572.8955078125
141560.56689453125
132144.79248046875
124403.93505859375
118096.82666015625
112666.9716796875
108307.01708984375
104835.93896484375
101943.76416015625
99552.9638671875
97672.873046875
96140.1875
94964.931640625
93914.302734375
93123.89965820312
92551.18725585938
92025.876953125
91597.3857421875
91314.03344726562
91031.61962890625
90842.4072265625
90692.376953125
90561.34375
90443.318359375
90361.86865234375
90300.779296875
90236.53149414062
90198.11767578125
90149.31201171875
90115.99487304688
90088.107421875
90070.30517578125
90043.6689453125
90024.02734375
90008.19384765625
89996.33935546875
89981.96337890625
89967.59716796875
89960.88818359375
89942.5185546875
89936.71240234375
89922.283203125
89914.10791015625
89901.53540039062
89892.69189453125
89881.1318359375
89869.53344726562
89866.755859375
89851.48046875
89841.6328125
89842.029296875
89825.6953125
89814.46166992188
89798.0576171875
89796.8349609375
89793.00390625
89777.291015625
89758.33740234375
89754.0390625
89743.6787109375
89733.701171875
89722.15014648438
89712.9228515625
89692.326171875
89682.373046875
89654.234375
89627.67993164062
89615.5390625
89595.59619140625
89569.9189453125
89538.26098632812
89509.6953125
89492.677734375
89465.24853515625
89444.9541015625
89433.099609375
89404.21899414062
89378.62109375
89331.80615234375
89276.85229492188
89193.5126953125
89038.53735351562
88791.12939453125
88433.32006835938
87738.720703125
87191.5341796875
86859.5009765625
86537.26000976562
86241.029296875
85969.08325195312
85629.99658203125
85294.482421875
85023.5869140625
84844.97387695312
84610.81567382812
84457.35327148438
84284.6376953125
84125.4482421875
84014.24487304688
83919.734375
83818.80126953125
83710.60180664062
83590.48315429688
83466.77465820312
83334.32836914062
83174.82202148438
83019.74609375
82875.0224609375
82754.55419921875
82661.33935546875
82525.19873046875
82422.7060546875
82332.59814453125
82195.98193359375
81962.5068359375
81853.439453125
81769.25317382812
81646.82153320312
81573.87280273438
81492.96630859375
81418.50122070312
81186.28759765625
81092.19384765625
80995.56372070312
80913.052734375
80810.177734375
80690.44848632812
80576.77075195312
80443.28125
80341.09423828125
80229.76171875
80071.50537109375
79979.15014648438
79913.068359375
79827.95922851562
79765.86157226562
79680.23461914062
79579.34399414062
79449.26025390625
79371.86645507812
79301.79638671875
79210.58764648438
79127.24877929688
79047.60693359375
78978.47778320312
78893.97241210938
78800.552734375
78565.009765625
78488.7470703125
78403.13256835938
78301.83715820312
78229.22607421875
78153.9296875
78091.19409179688
78029.88598632812
77966.87939453125
77892.27709960938
77804.67041015625
77736.88452148438
77673.93090820312
77617.76684570312
77564.05444335938
77514.29028320312
77470.826171875
77408.42504882812
77364.13647460938
77308.47216796875
77264.119140625
77213.86938476562
77154.07861328125
77096.5869140625
77030.40893554688
76956.3173828125
76907.44140625
76840.4013671875
76783.95068359375
76727.02099609375
76677.46557617188
76622.4453125
76578.64111328125
76522.05419921875
76473.3779296875
