cost:	
1216891.77734375
1152878.08203125
1084426.484375
1019891.6171875
959101.421875
901059.6328125
847417.05859375
796101.36328125
748258.0390625
703127.03125
661334.990234375
620777.388671875
583729.576171875
548587.943359375
515012.603515625
484331.322265625
454939.408203125
427703.12890625
401974.2265625
378386.9267578125
355694.978515625
334837.6953125
315754.345703125
297193.1455078125
280365.884765625
264791.53515625
250313.9892578125
236647.2998046875
224145.603515625
212648.990234375
201989.892578125
192127.3251953125
182962.193359375
174713.611328125
167014.0615234375
159741.32861328125
153469.1630859375
147433.720703125
142052.23193359375
137151.97119140625
132590.48486328125
128375.97265625
124625.31689453125
121237.61767578125
118145.54248046875
115285.26806640625
112723.203125
110414.45458984375
108278.1044921875
106453.2880859375
104759.8974609375
103251.412109375
101908.07275390625
100727.45043945312
99603.009765625
98621.04272460938
97750.978515625
96940.68359375
96218.77734375
95543.00341796875
94987.38037109375
94446.55883789062
94000.65380859375
93569.60693359375
93184.46533203125
92862.66357421875
92548.97827148438
92280.92041015625
92043.2998046875
91821.93701171875
91639.099609375
91458.11962890625
91308.43798828125
91171.72924804688
91049.16430664062
90940.794921875
90841.89086914062
90751.08837890625
90680.36303710938
90603.23071289062
90547.06591796875
90488.24169921875
90443.22119140625
90389.4951171875
90347.77612304688
90314.88598632812
90281.37353515625
90251.53564453125
90220.86669921875
90197.60888671875
90173.7001953125
90151.30053710938
90130.36596679688
90115.78125
90093.92846679688
90083.24072265625
90064.90576171875
90048.56274414062
90035.97216796875
90022.24682617188
90009.072265625
89992.38818359375
89982.38720703125
89968.7373046875
89958.65625
89947.6513671875
89937.70751953125
89924.4912109375
89914.81713867188
89904.08056640625
89886.68286132812
89874.2099609375
89857.89575195312
89842.3896484375
89826.62353515625
89815.80908203125
89796.42407226562
89779.68701171875
89761.56811523438
89738.20434570312
89715.72412109375
89682.6796875
89662.3857421875
89631.32250976562
89609.69970703125
89577.41015625
89547.09155273438
89524.99951171875
89499.6787109375
89480.24560546875
89459.03466796875
89416.01489257812
89374.21630859375
89316.41943359375
89224.27709960938
89057.6796875
88700.974609375
88304.77661132812
87865.93481445312
87213.23461914062
87026.43725585938
86744.5634765625
86483.146484375
86247.6865234375
86060.79736328125
85755.85302734375
85638.18017578125
85358.53076171875
84994.55810546875
84886.849609375
84742.51318359375
84650.873046875
84571.62915039062
84470.76806640625
84382.61987304688
84252.970703125
84139.88598632812
84015.37426757812
83915.3037109375
83801.38598632812
83697.89233398438
83580.72583007812
83365.42309570312
83278.6103515625
83178.84033203125
83068.48120117188
82998.08447265625
82892.11499023438
82806.990234375
82736.10595703125
82625.79174804688
82579.78466796875
82517.81689453125
82484.58740234375
82402.72607421875
82352.66357421875
82295.28759765625
82156.31103515625
82087.9228515625
82023.30346679688
81945.05541992188
81855.7275390625
81800.484375
81746.36450195312
81698.50610351562
81655.19921875
81610.34936523438
81533.50415039062
81314.3994140625
81236.375
81147.29296875
81074.17309570312
81014.92016601562
80957.13696289062
80902.18701171875
80847.3837890625
80589.3359375
80496.9052734375
80418.5107421875
80365.73681640625
80291.25244140625
80247.45532226562
80211.82006835938
80172.0693359375
80130.14965820312
80095.56884765625
80065.3994140625
80027.81298828125
80002.1337890625
79966.38989257812
79936.83178710938
79884.85327148438
79859.00830078125
79773.74731445312
79733.88012695312
79693.08325195312
79648.8623046875
79612.43383789062
79572.32470703125
79516.23706054688
79479.71142578125
79449.57177734375
79419.86059570312
79390.001953125
79371.9189453125
79350.33959960938
79324.06103515625
79300.38793945312
79272.25561523438
79245.16821289062
79201.14599609375
79188.84375
79130.8515625
79083.69555664062
79048.73046875
79020.53271484375
79003.97387695312
78972.80615234375
78949.95825195312
78920.89794921875
78897.41259765625
78847.20874023438
78812.67626953125
78786.51953125
78758.3876953125
78732.78466796875
78703.62109375
78679.15478515625
78661.28125
78632.90991210938
78604.12866210938
78583.68823242188
78560.26318359375
78534.369140625
78526.33764648438
78519.7041015625
78504.81689453125
78490.55126953125
78454.92626953125
78426.2978515625
78396.71923828125
78383.50048828125
78352.76904296875
78324.70678710938
78303.078125
78274.75146484375
78235.859375
78211.83520507812
78187.7353515625
78191.98608398438
78179.44262695312
78132.26611328125
78108.94067382812
78070.08471679688
78034.6416015625
78002.150390625
77971.57666015625
77941.59692382812
77910.65551757812
77891.3720703125
77864.75830078125
77845.38916015625
77822.296875
77802.193359375
77764.66186523438
77719.0244140625
77657.31689453125
77617.95068359375
77597.626953125
77567.55541992188
77541.18237304688
77476.58935546875
77280.46240234375
77232.39306640625
77191.87451171875
77164.23681640625
77142.71728515625
77117.65161132812
77095.34301757812
77081.24560546875
77062.59594726562
77045.12817382812
77025.63671875
77007.89501953125
76966.98583984375
76941.2587890625
76917.8056640625
76908.44458007812
76893.68212890625
76880.28857421875
76844.71215820312
76852.51904296875
76832.986328125
76792.86645507812
76763.97705078125
76757.4306640625
76740.50732421875
76730.65161132812
76697.83715820312
76679.9873046875
76657.71655273438
76625.95727539062
76586.35400390625
76556.99780273438
76525.65625
76500.38427734375
76476.46875
76456.35424804688
76435.44506835938
76416.97924804688
76401.90307617188
76380.41381835938
76370.56030273438
76355.13427734375
76334.06665039062
76312.60888671875
76305.86938476562
76270.64965820312
76267.244140625
76250.00830078125
76209.29296875
76187.048828125
76159.89306640625
76147.79931640625
76143.5390625
76127.77661132812
76136.17626953125
76085.01977539062
76062.90942382812
76044.71142578125
76041.46142578125
76016.16772460938
76002.7158203125
75997.02368164062
75944.67700195312
75931.80346679688
75910.11010742188
75883.55322265625
75866.44116210938
75838.40966796875
75811.99340820312
75794.5361328125
75774.36474609375
75761.07958984375
75756.65258789062
75740.81420898438
75733.15673828125
75714.15551757812
75694.48852539062
75663.77514648438
75671.30712890625
75638.61254882812
75602.880859375
75579.580078125
75558.673828125
75541.13012695312
75530.20556640625
75501.58837890625
75475.36083984375
75462.33203125
75435.43188476562
75410.22631835938
75405.048828125
75395.38012695312
75371.03125
75359.11889648438
75319.8447265625
75285.80834960938
75274.228515625
75240.6396484375
75224.75
75201.33862304688
75191.361328125
75185.92138671875
75145.75122070312
75128.39697265625
75068.84497070312
75048.986328125
75044.64038085938
75001.28271484375
