cost:	
796216.638671875
156053.78369140625
141320.896484375
103520.69311523438
98494.05908203125
94967.1259765625
93124.20043945312
92046.91821289062
91552.03466796875
90701.12255859375
90262.2177734375
89790.9052734375
89183.70288085938
88524.38647460938
87905.6953125
87158.64624023438
86382.38916015625
85582.69091796875
84614.91577148438
83916.9775390625
82955.38696289062
81900.25830078125
81076.63671875
80120.56591796875
79067.03271484375
78239.21142578125
77190.35571289062
76261.314453125
75344.90087890625
74326.951171875
73510.86376953125
72590.53686523438
71778.0263671875
70768.93237304688
69855.6474609375
69061.9482421875
68156.75317382812
67379.03271484375
66397.171875
65477.71728515625
64639.67822265625
63879.811279296875
63059.110107421875
62307.0166015625
61411.40576171875
60718.6142578125
59923.96337890625
58974.0537109375
58380.277099609375
57519.58251953125
56703.8134765625
55940.135009765625
55064.756103515625
54511.948486328125
53670.760009765625
53052.0546875
52255.38732910156
51510.778076171875
50815.853271484375
50064.294921875
49274.27355957031
48517.361083984375
47754.081298828125
47045.697509765625
46328.63671875
45618.399658203125
44979.6162109375
44251.950439453125
43472.279296875
42699.817626953125
42040.53771972656
41302.7451171875
40661.715576171875
39898.90283203125
39150.247314453125
38478.95654296875
37830.23132324219
37079.2333984375
36394.674560546875
35748.82141113281
35075.66064453125
34416.302978515625
33724.84558105469
33065.7548828125
32416.655517578125
31760.818725585938
31134.32763671875
30478.921264648438
29853.071899414062
29279.177673339844
28683.990844726562
28045.128784179688
27484.948852539062
26860.601013183594
26279.863647460938
25774.593017578125
25173.941772460938
24619.593505859375
24026.945434570312
23490.02423095703
22962.154418945312
22463.728759765625
21924.42041015625
21483.879516601562
20977.920166015625
20527.80682373047
19977.409240722656
19557.301635742188
19109.592407226562
18632.178649902344
18233.181762695312
17792.82177734375
17381.51397705078
16969.622314453125
16557.473999023438
16163.893188476562
15772.435424804688
15395.046142578125
15044.911254882812
14668.206176757812
14330.042175292969
13993.595153808594
13670.335266113281
13304.935607910156
12985.62661743164
12675.420471191406
12362.50244140625
12069.926940917969
11767.703979492188
11477.544372558594
11210.707885742188
10912.144226074219
10622.146545410156
10353.961883544922
10117.099365234375
9871.155151367188
9611.238708496094
9369.818115234375
9136.724029541016
8909.207397460938
8677.63589477539
8460.06411743164
8244.727508544922
8032.615753173828
7839.897033691406
7621.766906738281
7434.851898193359
7240.434326171875
7055.865447998047
6869.277038574219
6694.605438232422
6535.605133056641
6360.419372558594
6210.620849609375
6045.8250732421875
5900.085693359375
5749.263488769531
5604.885833740234
5465.001373291016
5337.347229003906
5198.215347290039
5074.523468017578
4949.343566894531
4813.246856689453
4696.596649169922
4588.156402587891
4485.094421386719
4367.377243041992
4241.889724731445
4121.569717407227
4012.0467529296875
3904.6266021728516
3814.2220306396484
3710.546127319336
3617.257568359375
3535.0426483154297
3447.7962188720703
3356.7393188476562
3269.752700805664
3182.6336517333984
3097.667770385742
3040.587905883789
2936.1961822509766
2887.6661529541016
2801.8021240234375
2724.547622680664
2648.6258544921875
2584.35888671875
2523.536163330078
2467.2902450561523
2411.0541229248047
2345.783218383789
2285.4612350463867
2229.742256164551
2170.030532836914
2102.5042877197266
2052.180892944336
2005.8466415405273
1950.6538772583008
1899.1509628295898
1846.3536834716797
1797.9433975219727
1757.2386779785156
1713.9836654663086
1671.768440246582
1649.7273330688477
1609.9896621704102
1573.829200744629
1531.951919555664
1477.5044059753418
1430.3516540527344
1392.0589904785156
1350.249267578125
1318.8347434997559
1290.1953811645508
1256.013298034668
1227.1012420654297
1192.9006042480469
1162.1201210021973
1134.3072967529297
1104.8202857971191
1083.9752578735352
1064.8600006103516
1043.9532470703125
1032.4566116333008
1020.8880767822266
1005.2011833190918
991.0854682922363
965.2163200378418
948.7010459899902
917.7266426086426
903.1456336975098
871.3352012634277
851.3485851287842
821.4890441894531
798.0873641967773
779.8316459655762
760.2824058532715
755.7797317504883
750.1039276123047
725.2068138122559
705.4224376678467
678.0981025695801
654.254638671875
627.046459197998
611.7075328826904
598.414005279541
588.5001277923584
580.905101776123
574.4547805786133
563.1710433959961
546.9257431030273
531.0919971466064
525.7980422973633
530.132230758667
518.6081104278564
505.92689514160156
482.034086227417
457.66529273986816
448.83812713623047
439.408260345459
434.8076972961426
422.0794734954834
422.8429985046387
412.2372055053711
399.0624694824219
392.50082206726074
384.9239311218262
374.67861557006836
372.08178997039795
369.341272354126
375.5112075805664
373.26693630218506
370.0333194732666
368.35930824279785
362.48208236694336
363.7436809539795
366.1567840576172
360.5977325439453
346.71758460998535
317.91041564941406
323.1842155456543
303.83070373535156
321.53102111816406
293.81582260131836
292.5937662124634
277.7238082885742
272.7164478302002
263.7971611022949
276.8254699707031
269.5017509460449
278.03499603271484
279.2768440246582
254.7800579071045
242.92769622802734
232.85075187683105
222.66271305084229
208.79415702819824
204.88672828674316
199.98150253295898
197.6077060699463
199.3441390991211
208.33357429504395
200.15267753601074
202.9517364501953
197.72241020202637
197.5446605682373
190.85101222991943
184.22046852111816
181.60931396484375
192.80588245391846
199.4088945388794
211.7528533935547
217.36158084869385
216.06796073913574
211.49403285980225
202.59678649902344
199.09609127044678
190.2003698348999
187.43944549560547
179.92425918579102
177.466233253479
177.51269817352295
182.12695598602295
185.6124005317688
182.85888671875
196.1001262664795
200.08850383758545
206.01025772094727
202.51332092285156
202.69745635986328
200.80372428894043
181.21359252929688
162.98980808258057
153.75205421447754
141.3401346206665
128.79145002365112
125.6495885848999
129.08648872375488
123.94686317443848
130.62120056152344
135.3492202758789
134.8147792816162
144.32910251617432
134.43982982635498
136.12535095214844
154.49966144561768
170.91021919250488
174.20895195007324
167.69346618652344
152.05694389343262
146.39407062530518
135.5061902999878
129.2392382621765
130.64789295196533
127.4256591796875
121.3429160118103
125.32481288909912
119.87170028686523
116.27295303344727
111.62875652313232
112.3574686050415
113.29390811920166
116.14276885986328
115.90909767150879
113.52748775482178
112.82236003875732
107.23147296905518
96.50302267074585
97.72352409362793
102.82311964035034
100.42875576019287
95.89967203140259
92.58170175552368
91.62017822265625
93.48483228683472
97.9979944229126
99.24811220169067
111.53035163879395
115.25380325317383
124.80495977401733
126.85891771316528
138.2929573059082
155.53807830810547
151.17339611053467
137.9917049407959
129.86238288879395
133.06823444366455
133.37590742111206
134.32507753372192
136.56915712356567
135.21562480926514
146.31614780426025
167.31987380981445
181.7905445098877
166.35059928894043
164.256676197052
158.44937705993652
158.76152515411377
160.96599578857422
