cost:	
1230563.328125
1218219.1328125
1206009.796875
1193532.44140625
1179960.58984375
1165448.44140625
1151019.84375
1137169.203125
1123865.375
1110822.49609375
1098372.390625
1086209.15625
1074170.0390625
1062421.51171875
1050982.9453125
1039551.7421875
1028507.515625
1017477.67578125
1006633.82421875
996005.8671875
985481.140625
974977.98828125
964681.81640625
954455.55859375
944310.89453125
934429.26953125
924757.517578125
914783.30859375
905168.890625
895631.62890625
886164.4375
876790.3515625
867617.90234375
858432.974609375
849269.26171875
840382.216796875
831467.546875
822703.080078125
813962.15625
805377.140625
796712.71484375
788344.640625
779961.5546875
771638.578125
763441.7578125
755330.330078125
747263.9921875
739271.876953125
731362.517578125
723565.962890625
715956.40625
708626.111328125
701270.73828125
694043.6875
686874.69140625
679820.130859375
672823.2109375
665803.28515625
658907.796875
652093.818359375
645250.861328125
638672.6171875
632012.53125
625406.33984375
618872.498046875
612375.90625
606009.388671875
599788.47265625
593461.99609375
587218.76953125
581033.98828125
574959.845703125
569063.984375
562978.53515625
557028.736328125
551172.923828125
545329.109375
539685.4375
533960.703125
528308.99609375
522743.48828125
517196.31640625
511750.005859375
506386.36328125
500958.48828125
495700.296875
490402.779296875
485227.259765625
480095.013671875
474939.0234375
469907.84765625
464891.98046875
460020.498046875
455116.34375
450242.794921875
445444.4375
440756.15234375
436034.6484375
431409.392578125
426817.322265625
422302.142578125
417960.517578125
413714.625
409532.607421875
405271.462890625
401162.111328125
396998.705078125
392972.755859375
388974.423828125
384948.56640625
381022.62890625
377073.0625
373254.9765625
369477.4140625
365690.3984375
361879.9658203125
358195.388671875
354537.1640625
350905.662109375
347277.46875
343819.154296875
340270.5166015625
336802.9609375
333359.3330078125
329966.8525390625
326584.8310546875
323261.86328125
319979.419921875
316751.3125
313489.623046875
310349.353515625
307188.8486328125
304076.595703125
300970.068359375
297950.0341796875
294945.4521484375
291991.4345703125
289030.3349609375
286101.6728515625
283263.6171875
280429.337890625
277552.2333984375
274824.7275390625
272085.556640625
269378.076171875
266714.3466796875
264023.369140625
261426.146484375
258859.0791015625
256279.107421875
253797.46875
251427.2275390625
249040.6845703125
246672.5791015625
244387.810546875
242088.1357421875
239794.0048828125
237611.26513671875
235382.255859375
233230.9326171875
231035.341796875
228893.80078125
226812.8955078125
224727.7109375
222683.1376953125
220631.361328125
218617.23046875
216651.0712890625
214675.3671875
212777.84375
210808.802734375
208928.3310546875
207111.728515625
205214.3447265625
203450.7958984375
201622.767578125
199843.9755859375
198077.48046875
196383.7998046875
194656.5205078125
192970.51171875
191317.1474609375
189672.8134765625
188040.966796875
186449.1337890625
184852.0634765625
183315.69873046875
181762.900390625
180244.52490234375
178760.17138671875
177252.58349609375
175806.2158203125
174379.0341796875
172964.333984375
171527.572265625
170161.138671875
168821.517578125
167461.0478515625
166138.72705078125
164824.5703125
163541.8779296875
162350.15087890625
161132.79150390625
159940.5009765625
158770.712890625
157604.55517578125
156469.24462890625
155330.40283203125
154243.16455078125
153123.23046875
152056.009765625
150990.4970703125
149955.63671875
148900.21484375
147863.6396484375
146873.74462890625
145872.52783203125
144902.52587890625
143936.302734375
142974.11962890625
142039.34326171875
141110.1123046875
140200.9541015625
139314.677734375
138421.38330078125
137541.29931640625
136682.85791015625
135836.34033203125
135014.53955078125
134187.69287109375
133367.828125
132575.81884765625
131804.7109375
131011.5166015625
130260.93603515625
129506.3671875
128771.26513671875
128038.51611328125
127328.81591796875
126614.43896484375
125926.76733398438
125246.08154296875
124573.71240234375
123909.4931640625
123251.7783203125
122625.638671875
121986.9052734375
121359.65747070312
120771.22802734375
120157.61669921875
119570.99609375
119017.46630859375
118462.56396484375
117932.9609375
117399.583984375
116870.04541015625
116357.69287109375
115849.96728515625
115354.5322265625
114860.1162109375
114383.1796875
113896.0478515625
113430.525390625
112967.30517578125
112516.3720703125
112074.26220703125
111631.05908203125
111195.85546875
110771.0615234375
110358.63671875
109950.92626953125
109551.44140625
109160.48974609375
108761.85791015625
108378.736328125
108007.9384765625
107642.8935546875
107284.65625
106918.7265625
106574.58837890625
106226.65673828125
105881.2568359375
105551.806640625
105222.1982421875
104900.55859375
104591.58447265625
104272.9677734375
103978.04736328125
103676.45556640625
103376.33837890625
103090.88525390625
102810.287109375
102517.7802734375
102246.4716796875
101982.45751953125
101707.15185546875
101441.59423828125
101181.990234375
100929.767578125
100679.8369140625
100438.53515625
100218.36328125
99994.03369140625
99779.46826171875
99554.9072265625
99342.6220703125
99131.41015625
98928.58325195312
98725.2666015625
98524.60400390625
98329.3369140625
98143.74853515625
97957.54638671875
97773.48583984375
97591.05029296875
97415.84448242188
97245.873046875
97067.94140625
96906.16357421875
96742.615234375
96590.560546875
96429.9951171875
96277.54638671875
96127.01220703125
95980.48876953125
95838.9931640625
95697.53515625
95559.81860351562
95420.4091796875
95284.98193359375
95132.5595703125
95025.337890625
94889.46948242188
94752.7490234375
94624.9951171875
94503.06494140625
94386.98120117188
94274.88525390625
94155.23779296875
94051.93139648438
93944.96875
93837.05297851562
93732.123046875
93631.1748046875
93531.13793945312
93432.70092773438
93340.109375
93243.78564453125
93158.61083984375
93066.65869140625
92986.52709960938
92899.59545898438
92820.39697265625
92741.1826171875
92663.44580078125
92591.63330078125
92516.51025390625
92442.51586914062
92376.81640625
92304.07275390625
92236.55126953125
92172.6181640625
92107.72875976562
92043.7822265625
91983.74877929688
91920.92260742188
91862.47314453125
91802.05810546875
91743.09619140625
91689.92114257812
91639.0283203125
91583.34350585938
91533.69506835938
91480.31298828125
91414.19946289062
91345.7822265625
91293.30639648438
91245.45288085938
91200.44018554688
91153.76708984375
91109.0224609375
91041.6982421875
90982.16821289062
90932.134765625
90895.2470703125
90837.00927734375
90792.16796875
90754.17626953125
90714.00073242188
90693.02319335938
90640.435546875
90576.6689453125
90504.63989257812
90477.12548828125
90432.2958984375
90385.5
90336.2373046875
90339.21997070312
90237.318359375
90270.43896484375
