cost:	
1171640.890625
796024.046875
434955.109375
321771.2333984375
271775.8740234375
238998.8203125
212525.990234375
192565.80078125
175551.40625
162347.2314453125
152094.271484375
143644.62060546875
136196.31396484375
129887.8017578125
124811.3759765625
120231.07568359375
116471.0478515625
112960.96166992188
109935.82177734375
107236.93115234375
104777.3544921875
102644.08618164062
100817.31298828125
98843.16162109375
97056.79272460938
95286.38232421875
93871.6748046875
92490.76489257812
91089.64892578125
89912.3203125
88781.2236328125
87567.1103515625
86498.25
85470.68139648438
84495.50830078125
83612.70434570312
82690.93383789062
81893.4716796875
81059.80859375
80287.90014648438
79527.37915039062
78850.59228515625
78180.5732421875
77566.9091796875
76955.36865234375
76364.8828125
75753.13208007812
75213.98364257812
74670.349609375
74148.99365234375
73629.482421875
73173.80737304688
72698.17138671875
72287.25512695312
71863.58154296875
71411.48217773438
71007.26513671875
70589.57788085938
70182.40942382812
69821.28637695312
69443.91772460938
69064.80590820312
68702.28002929688
68332.5458984375
67994.24340820312
67642.1142578125
67310.69946289062
67010.47485351562
66670.56518554688
66329.05737304688
66014.38793945312
65688.30346679688
65379.947509765625
65085.3828125
64802.81787109375
64528.10791015625
64268.14794921875
63944.77587890625
63646.1240234375
63383.421142578125
63114.00830078125
62849.864013671875
62563.485107421875
62326.412841796875
62050.418701171875
61805.14892578125
61559.55859375
61321.48583984375
61093.346923828125
60848.922607421875
60619.034423828125
60395.63916015625
60184.738525390625
59966.874267578125
59750.185791015625
59526.207763671875
59321.152099609375
59120.705078125
58929.40087890625
58722.89501953125
58528.351806640625
58335.97021484375
58157.486083984375
57960.74560546875
57805.70703125
57630.51171875
57459.7548828125
57290.427734375
57136.29150390625
56963.18798828125
56806.06591796875
56642.13037109375
56500.86572265625
56344.49658203125
56194.556396484375
56043.069580078125
55901.491943359375
55753.500732421875
55627.478515625
55497.68603515625
55360.775146484375
55232.774169921875
55085.659912109375
54947.91357421875
54838.218994140625
54710.25
54602.447021484375
54464.44921875
54348.82556152344
54233.960205078125
54113.002197265625
53997.8076171875
53882.968994140625
53789.662841796875
53657.036865234375
53568.788818359375
53457.480712890625
53349.32373046875
53245.16796875
53139.627197265625
53045.314697265625
52952.238525390625
52850.40441894531
52752.85693359375
52650.628173828125
52567.720703125
52471.47570800781
52385.32666015625
52291.46826171875
52190.40966796875
52092.265625
52020.50732421875
51919.855712890625
51843.8046875
51772.879638671875
51674.18762207031
51606.1044921875
51532.136474609375
51443.849853515625
51389.846923828125
51297.27380371094
51220.53076171875
51159.8330078125
51076.38330078125
51005.346435546875
50938.91357421875
50888.725830078125
50809.246337890625
50799.355712890625
50707.710693359375
50670.640869140625
50645.98046875
50652.560546875
50734.318603515625
50523.423583984375
50855.09228515625
50746.11474609375
50557.02453613281
50347.704833984375
50476.62805175781
50216.02978515625
50185.78466796875
50081.52490234375
49940.83349609375
49811.57702636719
49739.87353515625
49636.884033203125
49598.55163574219
49514.11181640625
49460.32373046875
49423.84912109375
49377.97412109375
49307.155029296875
49239.26770019531
49187.710693359375
49126.622314453125
49075.085205078125
49022.9560546875
48965.894287109375
48902.528076171875
48855.28112792969
48785.98327636719
48744.27880859375
48696.9970703125
48655.130859375
48596.324951171875
48572.865478515625
48515.86962890625
48475.09875488281
48417.66149902344
48374.73583984375
48329.10046386719
48298.87890625
48241.95959472656
48203.44775390625
48153.4931640625
48100.07336425781
48056.24060058594
48021.418212890625
47980.889892578125
47948.283447265625
47911.666748046875
47878.619140625
47826.398681640625
47785.396728515625
47730.8955078125
47694.878173828125
47637.3359375
47603.4208984375
47571.94592285156
47528.3251953125
47482.99157714844
47443.92431640625
47403.1064453125
47356.84313964844
47329.25927734375
47296.527099609375
47251.856689453125
47204.633056640625
47173.97229003906
47143.611328125
47091.917236328125
47061.3740234375
47013.588134765625
46992.24035644531
46963.307861328125
46910.307861328125
46904.73828125
46872.691162109375
46905.09777832031
46971.913330078125
46864.114013671875
46813.896728515625
46803.22314453125
46864.023681640625
46995.14599609375
47067.865966796875
47208.107177734375
47233.171630859375
47567.199462890625
47777.527587890625
47466.100341796875
47916.82116699219
47273.177978515625
47179.38000488281
46957.787841796875
46700.33642578125
46708.11853027344
46627.64660644531
46430.15283203125
46365.336669921875
46280.707275390625
46194.57019042969
46138.655029296875
46076.7109375
46036.796875
46022.34619140625
45978.077880859375
45950.620361328125
45915.1630859375
45879.985107421875
45869.968017578125
45835.47509765625
45825.8544921875
45796.97900390625
45765.428955078125
45755.92431640625
45722.96643066406
45695.86193847656
45645.836669921875
45620.30029296875
45637.13000488281
45623.684326171875
45597.37744140625
45565.85498046875
45588.1142578125
45576.8056640625
45543.152587890625
45496.932373046875
45434.968505859375
45406.107421875
45368.887451171875
45337.09423828125
45290.201416015625
45261.741943359375
45238.134765625
45210.389892578125
45182.62646484375
45170.16052246094
45142.073974609375
45109.90270996094
45091.46374511719
45077.067626953125
45049.575439453125
45034.574951171875
44999.38024902344
44992.85546875
44970.585205078125
44945.02490234375
44906.92297363281
44891.18408203125
44865.5224609375
44843.76806640625
44820.68505859375
44829.65234375
44830.51794433594
44884.698486328125
44995.2216796875
45119.021484375
45618.04638671875
47301.24157714844
46319.281982421875
45548.17517089844
45279.929443359375
45144.211669921875
44938.15246582031
44864.53564453125
44722.886474609375
44678.73937988281
44609.030517578125
44559.48205566406
44490.29528808594
44460.398681640625
44422.35302734375
44405.77978515625
44367.37707519531
44351.541748046875
44339.08935546875
44303.6044921875
44285.7041015625
44252.772705078125
44237.9482421875
44210.67004394531
44199.770263671875
44198.7607421875
44163.967041015625
44163.231689453125
44132.44287109375
44109.123291015625
44091.42370605469
44074.649658203125
44052.33288574219
44030.4580078125
44023.23864746094
43996.52380371094
43980.572265625
43954.3818359375
43938.58288574219
43922.75036621094
43926.46728515625
43895.924560546875
43886.348876953125
43870.6416015625
43851.83459472656
43826.866943359375
43810.27893066406
43795.037353515625
43781.16296386719
43749.195556640625
43739.4677734375
43719.06628417969
43695.636474609375
43688.99108886719
43659.225341796875
43656.94519042969
43651.73193359375
43646.451416015625
43634.35095214844
43621.32849121094
43608.103515625
43610.815673828125
43597.7255859375
43560.713134765625
43527.321533203125
43495.01940917969
43499.86218261719
43511.793212890625
43534.186279296875
43490.938232421875
43676.491943359375
