cost:	
922264.6796875
258200.50341796875
116321.2509765625
113677.6953125
98375.91943359375
94908.9814453125
93498.13354492188
92800.3359375
92442.5166015625
92281.560546875
92016.1826171875
91814.62109375
91702.73291015625
91550.46948242188
91393.34790039062
91188.93579101562
91079.05810546875
90810.068359375
90739.50732421875
90426.21240234375
90127.91333007812
90035.830078125
89571.60791015625
89236.998046875
88817.95629882812
88446.8828125
88192.0751953125
87935.34326171875
87467.869140625
87101.7412109375
86705.10180664062
86327.58447265625
86095.07495117188
85629.71166992188
85420.0625
84977.9599609375
84624.92578125
84282.5126953125
83861.2451171875
83480.96997070312
83312.73046875
82703.34594726562
82415.53466796875
82040.51513671875
81500.4404296875
81208.53125
80804.16455078125
80419.87255859375
79987.90307617188
79595.078125
79077.0810546875
78717.4921875
78268.0927734375
77859.72900390625
77454.44067382812
77097.17431640625
76501.21655273438
76105.37255859375
75516.51977539062
75226.59252929688
74775.99633789062
74220.2265625
73868.51586914062
73456.56689453125
73103.4111328125
72483.41723632812
72094.34741210938
71428.50463867188
71165.35766601562
70666.943359375
70273.86547851562
69702.35693359375
69200.38549804688
68838.15185546875
68384.7001953125
67927.63256835938
67495.11962890625
67092.01806640625
66605.3837890625
66163.46728515625
65831.27392578125
65374.609619140625
64859.205322265625
64402.47216796875
64022.555908203125
63589.381591796875
63079.0634765625
62745.87744140625
62294.90625
61743.398193359375
61400.937255859375
60964.72509765625
60417.44580078125
60028.428955078125
59625.2802734375
59089.627197265625
58740.608642578125
58206.622802734375
57662.203369140625
57269.218994140625
56799.3583984375
56313.66455078125
55978.735595703125
55575.26708984375
55033.092041015625
54595.541259765625
54192.97937011719
53706.077392578125
53259.10302734375
52849.657470703125
52312.002685546875
51908.587646484375
51429.726318359375
51003.76513671875
50505.19970703125
50103.2978515625
49666.61279296875
49146.34912109375
48706.974609375
48271.26953125
47782.59716796875
47320.39794921875
46858.23193359375
46468.68444824219
45925.362548828125
45449.234375
44948.84716796875
44509.084228515625
44023.90270996094
43598.461669921875
43099.30773925781
42652.09765625
42191.39404296875
41802.170166015625
41311.411376953125
40774.874267578125
40334.6083984375
39931.74865722656
39487.47692871094
38997.058349609375
38600.70812988281
38110.98352050781
37685.7294921875
37194.02600097656
36788.77197265625
36316.3876953125
35921.66125488281
35520.70202636719
35023.78894042969
34614.33837890625
34219.92138671875
33742.99133300781
33399.308837890625
32945.27734375
32549.333862304688
32176.068359375
31773.30224609375
31377.421264648438
31000.045776367188
30598.108764648438
30176.972900390625
29785.382568359375
29434.730102539062
29061.212158203125
28692.2236328125
28317.910888671875
27929.495849609375
27569.305541992188
27204.039916992188
26863.805908203125
26496.819213867188
26139.546630859375
25754.978271484375
25413.506225585938
25060.286865234375
24699.99755859375
24361.720947265625
24033.425659179688
23700.016479492188
23362.0888671875
23043.071411132812
22715.0048828125
22406.3291015625
22091.337280273438
21749.840881347656
21443.71026611328
21143.782836914062
20829.797607421875
20534.69952392578
20260.024169921875
20004.619140625
19723.08349609375
19444.816040039062
19153.771484375
18851.002563476562
18586.768676757812
18320.248657226562
18060.181640625
17784.901489257812
17530.096557617188
17253.93621826172
17012.117248535156
16776.6220703125
16539.896362304688
16312.568176269531
16102.112365722656
15849.83837890625
15623.799072265625
15421.178039550781
15180.499267578125
14971.247192382812
14765.602233886719
14552.013305664062
14356.06494140625
14147.549926757812
13964.981994628906
13767.603698730469
13565.034057617188
13369.23193359375
13179.435913085938
12982.828979492188
12809.690551757812
12647.677795410156
12476.762451171875
12288.862060546875
12122.168579101562
11953.834106445312
11779.837158203125
11651.013671875
11496.368408203125
11341.963562011719
11172.703002929688
11007.449157714844
10849.963562011719
10703.543151855469
10547.578186035156
10396.514099121094
10256.727722167969
10112.766296386719
9990.70947265625
9852.943908691406
9735.545166015625
9588.712768554688
9455.626831054688
9359.911193847656
9247.049865722656
9122.48974609375
8996.71044921875
8866.75390625
8732.403289794922
8622.088623046875
8511.670532226562
8398.446716308594
8291.463256835938
8188.7769775390625
8085.103698730469
7983.56201171875
7897.8389892578125
7803.536682128906
7702.523498535156
7625.0640869140625
7519.935119628906
7434.706970214844
7361.61083984375
7279.493865966797
7190.7999267578125
7131.941162109375
7041.3304443359375
6942.10205078125
6869.986755371094
6806.966796875
6729.982666015625
6665.229522705078
6626.7452392578125
6533.7471923828125
6453.109588623047
6396.269836425781
6316.336853027344
6231.338714599609
6143.044677734375
6060.006896972656
5990.066162109375
5930.30126953125
5861.163757324219
5784.180999755859
5745.293029785156
5688.630676269531
5640.762023925781
5582.412780761719
5530.539306640625
5473.1246337890625
5410.881896972656
5357.109100341797
5314.917144775391
5282.9737548828125
5255.472717285156
5217.042327880859
5141.766448974609
5098.996673583984
5063.568664550781
5002.393157958984
4951.2017822265625
4906.910308837891
4869.9715576171875
4829.246063232422
4793.8900146484375
4751.899597167969
4679.799041748047
4624.250518798828
4602.633850097656
4559.403381347656
4522.508117675781
4494.294738769531
4467.924987792969
4414.761871337891
4406.5657958984375
4361.746643066406
4300.038238525391
4261.928497314453
4233.652984619141
4187.557708740234
4154.495269775391
4121.619323730469
4098.978088378906
4041.1641845703125
4008.538330078125
3963.4445190429688
3947.1834716796875
3925.8536071777344
3899.3672485351562
3892.6139221191406
3888.389617919922
3848.3750610351562
3814.2818603515625
3775.582977294922
3750.734161376953
3730.218292236328
3719.98095703125
3679.2621154785156
3672.5502014160156
3667.3255920410156
3630.9273681640625
3615.5340881347656
3577.032470703125
3541.620819091797
3528.4024963378906
3511.9049072265625
3504.0505981445312
3496.61962890625
3505.6464233398438
3485.1149291992188
3431.9776000976562
3393.7150268554688
3358.9974975585938
3307.7945404052734
3282.532989501953
3249.3253784179688
3216.5772399902344
3184.1810302734375
3170.4431762695312
3153.245086669922
3146.4999084472656
3139.8786010742188
3147.9532775878906
3137.4364013671875
3120.3895874023438
3097.5850372314453
3084.14697265625
3068.9176177978516
3056.419174194336
3078.8963012695312
3094.0545806884766
3068.8995819091797
3040.928268432617
3036.063201904297
3008.417938232422
2976.70947265625
2960.7764282226562
2920.016799926758
2898.4510498046875
2876.6944427490234
2859.387908935547
2850.5806884765625
2871.516799926758
2870.3316040039062
2885.0095825195312
2883.1730041503906
2850.2046508789062
2822.0228424072266
2807.2254028320312
2810.5340881347656
2796.031997680664
2782.0669708251953
2782.415008544922
2762.5965881347656
2768.8172302246094
2733.4466094970703
2718.9754638671875
2700.8032836914062
2679.013381958008
