cost:	
1199415.42578125
1078659.44140625
955403.53125
843130.91796875
742778.01171875
654219.978515625
576875.5390625
507266.869140625
446622.666015625
394306.39453125
347787.291015625
308901.8251953125
273814.1318359375
244353.0068359375
219041.07421875
197557.90234375
179237.9228515625
163781.4912109375
150456.42578125
139898.56689453125
130645.947265625
123150.3974609375
116931.26171875
111782.70703125
107604.75390625
104157.51318359375
101364.36181640625
99130.99682617188
97346.7861328125
95870.69482421875
94629.35620117188
93743.5595703125
92989.02392578125
92373.85009765625
91891.4091796875
91522.01782226562
91220.59033203125
90984.18041992188
90782.6826171875
90631.28979492188
90520.61669921875
90419.45947265625
90340.65673828125
90273.0546875
90218.9833984375
90173.13720703125
90141.55810546875
90116.0478515625
90077.19384765625
90060.8876953125
90032.58056640625
90015.7548828125
90002.50537109375
89986.853515625
89978.279296875
89963.587890625
89953.15502929688
89946.67236328125
89933.17041015625
89930.07470703125
89917.76708984375
89903.56884765625
89905.685546875
89898.20703125
89882.18212890625
89877.71997070312
89868.37109375
89865.98486328125
89853.24877929688
89848.35961914062
89842.30029296875
89830.68627929688
89827.45654296875
89812.92553710938
89802.36279296875
89806.93505859375
89784.21118164062
89780.95239257812
89768.02563476562
89750.95336914062
89746.06225585938
89738.4208984375
89723.36987304688
89716.13232421875
89698.42651367188
89688.20288085938
89669.087890625
89650.26611328125
89629.79174804688
89613.626953125
89597.9453125
89577.85424804688
89547.236328125
89536.31713867188
89520.80029296875
89493.47143554688
89494.72998046875
89462.01953125
89449.26806640625
89427.9951171875
89399.173828125
89373.6923828125
89321.8916015625
89280.9638671875
89215.23315429688
