cost:	
620923.9443359375
163348.9765625
111767.416015625
99861.24194335938
93640.59936523438
90574.98095703125
88938.7763671875
87339.15698242188
85868.4306640625
84634.697265625
82718.98974609375
81139.9482421875
79319.74755859375
77725.216796875
76097.9853515625
74091.5478515625
72253.2626953125
70418.328125
68466.23046875
66650.4912109375
64882.7373046875
63230.5966796875
61391.536865234375
59785.4306640625
58149.13525390625
56518.08801269531
54971.11279296875
53285.941650390625
51627.843994140625
50222.910888671875
48648.062744140625
47106.25439453125
45588.91748046875
44134.584228515625
42589.3857421875
41037.70397949219
39707.926513671875
38241.2314453125
36807.741943359375
35413.978515625
34090.43298339844
32790.97521972656
31535.54541015625
30302.317138671875
29069.595947265625
27864.5966796875
26714.85400390625
25641.68603515625
24626.076782226562
23567.139892578125
22566.896728515625
21645.066284179688
20764.324340820312
19862.684936523438
19035.987731933594
18254.65283203125
17517.267456054688
16780.75164794922
16029.84033203125
15381.159851074219
14722.554809570312
14088.575073242188
13508.8984375
12904.522216796875
12323.066467285156
11801.537048339844
11302.477996826172
10794.917663574219
10309.66357421875
9876.007141113281
9457.037902832031
9051.795349121094
8677.176483154297
8303.303039550781
7937.3048095703125
7603.959747314453
7277.358184814453
6969.484802246094
6653.737335205078
6378.3851318359375
6096.880126953125
5830.5128173828125
5576.27799987793
5348.108703613281
5121.44352722168
4898.6474609375
4690.875961303711
4492.277740478516
4310.245788574219
4128.090362548828
3946.2318267822266
3804.5347900390625
3647.7737731933594
3482.5642852783203
3382.9929809570312
3225.0770568847656
3092.1553802490234
2972.2332916259766
2847.7166748046875
2739.3212280273438
2615.6603393554688
2510.9400329589844
2422.0838470458984
2329.8955307006836
2249.617332458496
2149.9747467041016
2076.206268310547
2000.360252380371
1929.263168334961
1852.670913696289
1783.4842529296875
1719.6941680908203
1657.841178894043
1596.9349899291992
1550.6576690673828
1496.2806701660156
1450.3259887695312
1399.3104248046875
1353.329200744629
1318.0555267333984
1259.5490646362305
1221.096794128418
1180.7537384033203
1141.129795074463
1106.3473205566406
1070.7963523864746
1044.4281539916992
1006.5648612976074
979.9634742736816
947.5271453857422
918.4251708984375
892.703800201416
873.4024658203125
873.871166229248
838.6501007080078
812.1084327697754
804.0207672119141
769.6992263793945
745.9220733642578
736.4781951904297
719.6423492431641
720.149658203125
709.3402519226074
667.5634498596191
654.9112434387207
624.7110023498535
624.3919219970703
601.5574035644531
592.6073150634766
578.0744018554688
567.8385581970215
548.9656715393066
538.0386428833008
529.4735488891602
519.5388374328613
513.4184150695801
502.21290588378906
487.65221405029297
476.4818458557129
485.409912109375
464.2874069213867
465.6624984741211
452.6910057067871
459.93500900268555
448.2507133483887
439.02111053466797
433.74050521850586
425.0829772949219
426.1651191711426
426.2337284088135
421.9525718688965
429.11292266845703
442.1532516479492
427.708683013916
415.4223442077637
407.0494613647461
399.50519943237305
400.9019889831543
384.1485824584961
379.45046615600586
378.93563079833984
381.3099937438965
395.7050609588623
402.55530166625977
389.6779022216797
391.9222164154053
401.88926887512207
399.8031883239746
397.42355728149414
417.6230125427246
411.69864082336426
404.1723937988281
436.89381408691406
467.4643211364746
515.4758605957031
510.3632621765137
467.7653999328613
459.98190116882324
455.09126472473145
421.78171157836914
430.21166229248047
411.4091453552246
380.60032844543457
375.6827392578125
372.85045623779297
366.2023620605469
357.8160743713379
355.8802242279053
364.96589279174805
353.1244430541992
344.79527282714844
341.67080879211426
343.366662979126
365.80755043029785
372.1031665802002
356.8458843231201
350.998233795166
346.08449363708496
342.92492294311523
338.78697776794434
346.65769958496094
329.17323875427246
350.5962829589844
321.8466281890869
306.05811309814453
317.2455310821533
304.49524879455566
308.27331733703613
301.6908493041992
306.1440849304199
313.15567207336426
318.4330825805664
312.27173614501953
326.46931648254395
320.7203483581543
331.4121437072754
337.59442138671875
338.19710540771484
328.90865325927734
326.1782855987549
330.82079887390137
332.18883323669434
318.19282722473145
312.8295135498047
307.0774154663086
294.4655475616455
299.8935298919678
313.5523319244385
332.41165351867676
329.90442085266113
363.0090522766113
348.2212886810303
325.0431327819824
306.5908718109131
301.0318012237549
299.9355049133301
294.4159336090088
287.88704109191895
290.4098644256592
296.2357234954834
285.42161560058594
283.8842067718506
303.84894943237305
313.5120372772217
306.0864906311035
297.39940071105957
313.92262840270996
308.8221740722656
296.07666397094727
301.4160861968994
308.6713447570801
327.2950210571289
320.2267532348633
315.32806968688965
338.5923137664795
334.9974765777588
332.51171684265137
353.1675834655762
380.39534759521484
377.6117744445801
373.39474868774414
373.7400207519531
405.10644721984863
416.4691390991211
418.175874710083
414.43793296813965
445.2367401123047
402.6340503692627
437.63836669921875
447.75006103515625
469.815185546875
503.30659103393555
505.02799224853516
481.6138153076172
487.10449028015137
487.6315040588379
470.0963554382324
478.9701385498047
459.22372817993164
426.5318145751953
419.3298034667969
441.3998146057129
412.010778427124
362.76138496398926
350.713436126709
349.1106700897217
342.4763870239258
337.7367057800293
340.77209854125977
334.9022979736328
329.9066963195801
324.30412673950195
309.130090713501
302.29368591308594
304.27704429626465
317.51201248168945
339.9655361175537
347.2128601074219
333.0852813720703
329.4268608093262
328.32269859313965
339.3688278198242
321.7041606903076
303.97442054748535
312.81216621398926
326.57323837280273
350.4751281738281
339.33201599121094
324.6372776031494
332.45956230163574
327.6933174133301
333.2637119293213
341.18753814697266
339.80370712280273
335.2747211456299
312.38121032714844
309.61170387268066
305.96666145324707
298.7303581237793
307.93150520324707
307.7003650665283
320.8575496673584
333.79585456848145
337.1004810333252
346.850040435791
360.8272132873535
354.31603240966797
369.9282455444336
350.0146026611328
353.2824459075928
354.2810115814209
320.2230625152588
308.14875984191895
316.43777656555176
316.7843647003174
317.8202610015869
307.460054397583
311.4876194000244
320.3413143157959
323.942626953125
335.14357566833496
339.78049659729004
326.9207286834717
316.85375213623047
313.00003814697266
301.42445373535156
306.35844802856445
326.3466625213623
345.1619625091553
355.2479934692383
335.17676544189453
342.17416191101074
332.18018913269043
341.91356468200684
341.78304862976074
348.6835765838623
335.63902473449707
342.0861873626709
352.1432056427002
343.3833885192871
342.420654296875
341.59288787841797
334.6518802642822
326.9610958099365
322.6141357421875
323.27690505981445
339.9928569793701
350.82632637023926
346.04168128967285
368.9776802062988
354.32603645324707
356.3032703399658
366.45187759399414
350.4061737060547
338.9927864074707
338.54193687438965
320.3089408874512
341.28600120544434
343.1801471710205
348.20274925231934
