cost:	
1191507.94140625
1069194.9140625
948903.38671875
842216.59765625
743067.04296875
655501.189453125
579068.74609375
511415.078125
451355.830078125
398436.419921875
352956.263671875
312490.1220703125
278025.3447265625
248424.2294921875
222655.46728515625
200604.853515625
181951.7880859375
166509.1298828125
153029.65869140625
141724.826171875
132286.607421875
124698.95263671875
118228.64111328125
112964.3193359375
108531.11328125
104973.70751953125
102032.01318359375
99643.28466796875
97796.6357421875
96232.3984375
94978.8505859375
93976.212890625
93178.34326171875
92554.2607421875
92029.12451171875
91634.06762695312
91311.32690429688
91044.5693359375
90839.7138671875
90678.42041015625
90547.6337890625
90450.013671875
90353.7021484375
90288.17431640625
90233.35595703125
90194.77734375
90145.42431640625
90110.525390625
90079.19970703125
90066.68212890625
90038.61083984375
90026.05126953125
90007.7880859375
89991.216796875
89978.82641601562
89970.5849609375
89958.189453125
89943.896484375
89940.3193359375
89926.12963867188
89920.2119140625
89907.22241210938
89902.67309570312
89896.783203125
89888.87451171875
89878.00146484375
89875.36547851562
89863.181640625
89858.65673828125
89851.416015625
89844.16870117188
89837.37060546875
89822.53759765625
89815.119140625
89815.9404296875
89799.2763671875
89790.91088867188
89773.04809570312
89757.04443359375
89750.13427734375
89732.77563476562
89710.32690429688
89692.62524414062
89683.7587890625
89654.26928710938
89632.14013671875
89612.30590820312
89582.298828125
89560.42724609375
89545.3603515625
89503.11889648438
89488.74096679688
89472.17822265625
89448.77954101562
89419.890625
89384.75439453125
89372.65625
89295.23266601562
89246.58203125
89199.93701171875
89136.0439453125
88977.50732421875
88504.146484375
88173.57397460938
87714.67358398438
87359.06323242188
87122.0693359375
86972.0107421875
86806.65087890625
86618.2353515625
86391.689453125
86092.98583984375
85824.27807617188
85641.345703125
85415.73364257812
85069.44555664062
84926.74536132812
84755.2314453125
84428.4423828125
84136.86865234375
83848.42065429688
83570.35791015625
83257.55395507812
83122.9423828125
83002.7490234375
82854.599609375
82715.89184570312
82600.44091796875
82443.43872070312
82334.62524414062
82205.03881835938
82102.42260742188
81990.24975585938
81878.01318359375
81686.7568359375
81572.98828125
81491.07763671875
81418.9833984375
81350.92431640625
81278.27490234375
81212.244140625
81118.37084960938
81002.26806640625
80925.26196289062
80860.91479492188
80776.6865234375
80690.6650390625
80598.22290039062
80498.4921875
80389.03857421875
80261.34936523438
80090.59936523438
80011.875
79917.66479492188
79783.2001953125
79682.32543945312
79602.4541015625
79522.82543945312
79463.04711914062
79393.08251953125
79326.107421875
79270.49047851562
79216.77221679688
79160.28784179688
79103.67236328125
79053.16357421875
78995.41381835938
78893.95068359375
78835.81884765625
78773.71484375
78719.0224609375
78650.51733398438
78576.22021484375
78474.7939453125
78412.68896484375
78336.16796875
78242.3447265625
78176.43432617188
78095.36938476562
78039.96264648438
77985.27783203125
77753.41552734375
77694.64575195312
77645.53369140625
77548.25854492188
77490.03271484375
77441.5087890625
77386.48828125
77332.59155273438
77273.92822265625
77224.2646484375
77166.64990234375
77110.5390625
77053.58544921875
77001.01977539062
76953.88012695312
76895.08349609375
76842.11376953125
76791.95434570312
76737.64477539062
76681.08325195312
76623.99658203125
76579.93872070312
76539.92822265625
76473.4697265625
76427.26391601562
76371.38793945312
76319.44213867188
76260.7060546875
76201.79296875
76144.06396484375
75957.3720703125
75903.5634765625
75852.9375
75797.8271484375
75738.7734375
75687.51098632812
75629.09204101562
75577.5654296875
75525.23364257812
75447.50756835938
75397.39624023438
75310.00122070312
75254.0234375
75161.97485351562
75104.91552734375
75030.7626953125
74985.20166015625
74941.21997070312
74880.10693359375
74817.77587890625
74772.31225585938
74723.73510742188
74630.78076171875
74581.46508789062
74509.85327148438
74451.32006835938
74397.5419921875
74347.78637695312
74295.05639648438
74241.74389648438
74178.45727539062
74109.28686523438
74056.65625
74008.609375
73949.51025390625
73895.5078125
73840.65502929688
73792.6611328125
73738.80297851562
73691.92724609375
73635.5263671875
73590.30346679688
73531.69653320312
73472.86352539062
73417.48315429688
73349.05224609375
73299.5234375
73247.98681640625
73189.90600585938
73135.32202148438
73082.81518554688
73040.15087890625
72997.638671875
72936.85302734375
72881.90698242188
72833.50537109375
72778.77075195312
72728.33129882812
72664.09350585938
72620.47436523438
72565.04370117188
72514.71362304688
72467.431640625
72420.13208007812
72371.29077148438
72324.01123046875
72266.69091796875
72223.38598632812
72161.0126953125
72110.32250976562
72059.70922851562
72014.17407226562
71957.24975585938
71894.33984375
71849.66625976562
71794.35278320312
71730.98974609375
71672.7109375
71610.43090820312
71563.86401367188
71507.23022460938
71430.81884765625
71378.45678710938
71321.1943359375
71282.7255859375
71232.798828125
71198.2314453125
71155.79272460938
71100.72583007812
71041.18920898438
71004.43310546875
70941.81372070312
70908.2392578125
70848.66625976562
70795.4814453125
70737.11791992188
70681.2177734375
70655.47827148438
70580.22705078125
70564.74853515625
70527.4697265625
70459.48974609375
70400.3935546875
70353.01000976562
70301.5791015625
70245.20092773438
70203.86279296875
70055.84594726562
69996.29248046875
69947.37866210938
69901.93359375
69855.49340820312
69823.30834960938
69758.9384765625
69725.72900390625
69653.83203125
69612.23461914062
69572.0849609375
69528.63500976562
69504.06616210938
69491.19677734375
69410.51611328125
69368.63745117188
69309.26611328125
69248.37548828125
69196.09985351562
69135.78515625
69079.52758789062
69051.34155273438
68975.623046875
68915.64477539062
68892.3203125
68843.619140625
68782.22338867188
68724.44848632812
68685.83715820312
68625.939453125
68588.3310546875
68555.25244140625
68477.98583984375
68420.74365234375
68391.6318359375
68339.00024414062
68291.07788085938
68237.44287109375
68192.36840820312
68144.86059570312
68101.64331054688
68043.85424804688
67998.92529296875
67957.490234375
67904.74780273438
67839.53662109375
67780.05712890625
67699.22192382812
67634.07373046875
67594.23071289062
67550.68408203125
67520.92358398438
67469.78881835938
67436.19482421875
67402.07250976562
67368.27392578125
67284.98266601562
67252.3955078125
67208.3046875
67157.34130859375
67114.755859375
67085.63891601562
67023.12084960938
66964.17114257812
66909.1474609375
66867.62475585938
66830.75317382812
66778.02978515625
66751.91040039062
66722.86303710938
66691.84545898438
66685.11865234375
66589.20068359375
66563.11840820312
66502.55395507812
66475.97290039062
66397.47729492188
66380.89453125
66315.6728515625
66263.85522460938
66229.24096679688
66159.73803710938
