cost:	
909276.810546875
257843.9111328125
115476.25732421875
115273.3486328125
100542.70068359375
96731.01611328125
95711.10302734375
94771.25390625
94334.2470703125
94078.203125
93858.4501953125
93655.744140625
93322.9462890625
93033.9208984375
92890.46044921875
92646.84619140625
92202.76586914062
92096.49780273438
91593.29321289062
91135.408203125
90834.76879882812
90414.50244140625
90019.123046875
89584.81298828125
89173.6484375
88581.9287109375
88221.0908203125
87760.12231445312
87355.322265625
87033.82836914062
86573.20092773438
86278.79296875
85893.77270507812
85377.0126953125
85100.37573242188
84604.046875
84337.58471679688
83778.43994140625
83459.59790039062
83115.81494140625
82613.91772460938
82221.18408203125
81969.7138671875
81535.78271484375
81037.65356445312
80758.455078125
80417.06689453125
80084.94482421875
79689.97387695312
79296.3251953125
78741.89453125
78356.21411132812
78095.9599609375
77758.30419921875
77343.15673828125
76846.93603515625
76653.13232421875
76141.69897460938
75856.326171875
75443.08129882812
75018.0556640625
74655.04248046875
74238.36303710938
73876.63891601562
73630.74951171875
73180.0078125
72837.01806640625
72471.8427734375
72056.28662109375
71762.21533203125
71456.14697265625
71134.64697265625
70633.18823242188
70208.83618164062
69784.81494140625
69476.84790039062
69092.62939453125
68691.0595703125
68264.13891601562
67832.8173828125
67488.90380859375
67125.673828125
66617.65625
66318.291015625
65632.4111328125
65350.589111328125
64962.873779296875
64484.78662109375
64159.11572265625
63645.330078125
63377.390380859375
62797.828125
62394.477783203125
61947.463623046875
61598.5390625
61119.82470703125
60792.552978515625
60209.31103515625
59787.39892578125
59330.26171875
58864.65966796875
58419.8037109375
57945.300537109375
57510.863037109375
57009.71630859375
56584.22802734375
56111.093994140625
55657.397216796875
55228.72607421875
54752.203125
54269.956298828125
53773.253662109375
53334.242919921875
52883.34326171875
52405.283203125
51918.395263671875
51472.190673828125
50970.4697265625
50499.13232421875
50061.009033203125
49516.2177734375
49042.5439453125
48609.041259765625
48098.333251953125
47632.15234375
47150.742919921875
46707.52099609375
46198.878662109375
45757.94189453125
45231.5263671875
44782.6455078125
44311.00927734375
43870.0341796875
43380.935546875
42914.266357421875
42476.29345703125
42032.697021484375
41614.060546875
41146.759765625
40692.428955078125
40277.90979003906
39868.025146484375
39400.206787109375
39016.699462890625
38609.057861328125
38191.53564453125
37719.17919921875
37328.86364746094
36926.041259765625
36516.526611328125
36075.38134765625
35708.473388671875
35325.887451171875
34955.548095703125
34554.722900390625
34254.553955078125
33855.635986328125
33501.92822265625
33157.0517578125
32814.080322265625
32486.282958984375
32160.872680664062
31798.497314453125
31469.382568359375
31171.28076171875
30862.342163085938
30552.273193359375
30211.898681640625
29921.172119140625
29613.23388671875
29337.249755859375
29046.139892578125
28759.726806640625
28487.34375
28221.039672851562
27982.827026367188
27697.7060546875
27401.253295898438
27131.07861328125
26870.76611328125
26620.998046875
26361.2548828125
26127.781372070312
25869.682373046875
25637.589965820312
25404.017333984375
25185.807861328125
24977.889282226562
24749.3125
24534.9384765625
24301.751831054688
24097.282470703125
23902.097412109375
23718.823608398438
23512.019775390625
23316.694213867188
23123.5361328125
22948.643798828125
22764.251953125
22589.778076171875
22428.273559570312
22242.774169921875
22065.597534179688
21903.097412109375
21727.259765625
21569.435302734375
21415.590576171875
21281.561767578125
21147.834106445312
21005.289916992188
20851.119384765625
20689.634521484375
20555.23681640625
20445.5986328125
20300.107055664062
20180.125610351562
20068.787841796875
19932.692626953125
19802.42919921875
19678.813598632812
19568.12109375
19441.45458984375
19355.117797851562
19252.774780273438
19156.824462890625
19057.237060546875
18952.132934570312
18823.232543945312
18723.549926757812
18600.095947265625
18492.359008789062
18399.71875
18307.633178710938
18194.376098632812
18119.950927734375
18013.70361328125
17918.524047851562
17830.185546875
17759.65576171875
17684.373291015625
17613.934326171875
17526.917358398438
17429.269897460938
17330.378295898438
17246.791625976562
17170.722534179688
17092.658203125
17030.835083007812
16956.687133789062
16883.9931640625
16823.5546875
16762.0126953125
16697.725830078125
16629.306762695312
16560.144775390625
16495.618896484375
16459.055786132812
16408.961791992188
16357.586669921875
16295.513427734375
16218.860229492188
16151.279663085938
16078.594604492188
16020.879272460938
15959.368041992188
15905.873901367188
15853.684692382812
15790.384155273438
15732.54541015625
15681.844116210938
15631.6318359375
15605.242309570312
15593.2041015625
15590.2607421875
15639.020141601562
15744.48779296875
15781.325439453125
15600.045166015625
15508.64794921875
15391.303955078125
15282.57275390625
15217.178833007812
15165.918579101562
15110.548950195312
15078.711059570312
15032.95263671875
14983.78515625
14928.781372070312
14877.620483398438
14828.946899414062
14790.829956054688
14742.911010742188
14707.319091796875
14671.875732421875
14636.387817382812
14595.62060546875
14567.89794921875
14533.605346679688
14495.780517578125
14479.48046875
14458.91357421875
14448.763916015625
14466.808349609375
14491.563598632812
14467.2978515625
14381.640625
14325.62939453125
14287.414184570312
14227.3505859375
14185.842895507812
14152.738525390625
14115.536254882812
14088.562377929688
14062.565185546875
14038.54833984375
14012.4423828125
13989.63818359375
13971.982299804688
13960.450805664062
13944.228149414062
13909.874389648438
13902.517700195312
13902.491333007812
13880.05419921875
13871.572631835938
13836.877563476562
13796.822509765625
13764.130493164062
13745.231201171875
13728.498291015625
13700.175170898438
13659.864868164062
13640.407836914062
13611.006225585938
13592.52685546875
13573.227172851562
13556.698486328125
13561.110229492188
13549.588256835938
13574.55224609375
13724.750244140625
13769.712768554688
13661.630493164062
13666.465576171875
13724.76171875
13784.827880859375
13743.308471679688
13594.704956054688
13497.148315429688
13474.003540039062
13401.020263671875
13331.848754882812
13284.6962890625
13243.887573242188
13223.530639648438
13195.425415039062
13180.392211914062
13164.325073242188
13144.02001953125
13134.973510742188
13121.430419921875
13103.541870117188
13088.895874023438
13087.428955078125
13073.608642578125
13059.240844726562
13046.203125
13033.119262695312
13019.207885742188
13015.37451171875
13029.259155273438
13018.220703125
13007.264282226562
13004.7763671875
12976.879760742188
12966.43798828125
12949.2666015625
12910.074340820312
12902.58740234375
12896.381958007812
12878.09521484375
12875.076904296875
12883.421264648438
12878.7705078125
12868.327392578125
12830.564086914062
12829.301025390625
12799.111450195312
12789.425415039062
12776.8525390625
12764.280883789062
12748.835693359375
12739.902465820312
12715.80517578125
12706.648559570312
12697.13525390625
12697.231689453125
12708.048706054688
12697.1728515625
12701.090209960938
