cost:	
1235792.6484375
1235764.08984375
1235744.6953125
1235730.77734375
1235719.5
1235709.375
1235699.22265625
1235688.9140625
1235678.6796875
1235668.05859375
1235657.80859375
1235647.46875
1235637.046875
1235626.59765625
1235616.203125
1235605.515625
1235594.65625
1235583.93359375
1235572.76171875
1235561.73828125
1235550.2890625
1235538.8125
1235527.1015625
1235515.25390625
1235503.19921875
1235491.08984375
1235478.53125
1235466.01171875
1235453.30859375
1235440.18359375
1235427.140625
1235413.69140625
1235400.14453125
1235386.28515625
1235372.28125
1235358.07421875
1235343.67578125
1235329.08984375
1235314.2265625
1235299.40234375
1235283.9453125
1235268.59765625
1235252.9765625
1235237.1875
1235221.125
1235204.921875
1235188.61328125
1235171.7265625
1235155.08203125
1235137.96875
1235121.23828125
1235104.4921875
1235087.57421875
1235070.6640625
1235053.58203125
1235036.21484375
1235018.640625
1235001.109375
1234983.328125
1234965.4140625
1234947.375
1234929.3515625
1234910.7890625
1234892.45703125
1234873.89453125
1234855.17578125
1234836.28515625
1234817.3984375
1234798.34765625
1234779.3125
1234759.94140625
1234740.6328125
1234721.25
1234701.56640625
1234681.99609375
1234662.2578125
1234642.53515625
1234622.53515625
1234602.70703125
1234582.76171875
1234562.7734375
1234542.82421875
1234522.453125
1234502.22265625
1234482.0234375
1234461.68359375
1234441.51171875
1234421.18359375
1234400.61328125
1234380.14453125
1234359.9453125
1234339.44921875
1234318.9765625
1234298.4921875
1234277.9375
1234257.53515625
1234236.83984375
1234216.41796875
1234196.16796875
1234175.453125
1234155.328125
1234135.64453125
1234115.703125
1234096.07421875
1234076.34375
1234056.66796875
1234036.9609375
1234017.48828125
1233997.61328125
1233978.1640625
1233958.35546875
1233938.828125
1233918.85546875
1233899.32421875
1233879.6171875
1233859.9375
1233840.36328125
1233820.8671875
1233801.171875
1233781.515625
1233762.0390625
1233742.70703125
1233722.9765625
1233703.3828125
1233683.9453125
1233664.54296875
1233644.9609375
1233625.66796875
1233606.09765625
1233587.0078125
1233567.69140625
1233548.5703125
1233529.53515625
1233510.609375
1233491.078125
1233472.5546875
1233453.3671875
1233434.3203125
1233415.84765625
1233396.4765625
1233377.640625
1233359.23046875
1233340.453125
1233321.82421875
1233303.61328125
1233284.58203125
1233265.71484375
1233247.5703125
1233229.234375
1233211.65234375
1233194.03515625
1233175.48046875
1233158.0390625
1233140.8359375
1233123.0
1233105.9296875
1233088.8125
1233071.81640625
1233054.83203125
1233038.45703125
1233020.92578125
1233004.51953125
1232986.96875
1232970.953125
1232955.26171875
1232936.203125
1232919.0078125
1232901.0234375
1232883.17578125
1232867.703125
1232850.90625
1232833.51953125
1232817.70703125
1232800.95703125
1232784.55859375
1232768.8671875
1232753.73828125
1232737.9609375
1232722.2265625
1232709.22265625
1232692.25
1232672.8046875
1232659.109375
1232642.35546875
1232628.13671875
1232613.796875
1232597.99609375
1232582.046875
1232564.5390625
1232547.45703125
1232531.62890625
1232515.27734375
1232500.4921875
1232484.6484375
1232470.9921875
1232454.24609375
1232438.80859375
1232422.18359375
1232407.953125
1232391.328125
1232376.1640625
1232362.3515625
1232346.53515625
1232331.15234375
1232317.8125
1232304.40625
1232292.4296875
1232278.44921875
1232263.90625
1232247.01953125
1232228.546875
1232213.98828125
1232199.72265625
1232186.0234375
1232172.703125
1232157.828125
1232143.54296875
1232129.15234375
1232117.76953125
1232104.171875
1232093.4140625
1232081.828125
1232067.98828125
1232055.24609375
1232044.81640625
1232030.35546875
1232016.9921875
1232004.37109375
1231990.77734375
1231978.9296875
1231970.54296875
1231958.42578125
1231946.55859375
1231935.84375
1231926.125
1231914.859375
1231902.8828125
1231893.81640625
1231883.4765625
1231872.2890625
1231862.7734375
1231853.96875
1231844.6484375
1231836.04296875
1231833.8515625
1231824.5078125
1231812.51953125
1231798.48828125
1231787.57421875
1231774.984375
1231765.52734375
1231752.4921875
1231743.8359375
1231739.234375
1231730.3515625
1231721.1640625
1231709.55859375
1231700.625
1231687.85546875
1231678.85546875
1231669.67578125
1231661.44921875
1231653.0703125
1231643.13671875
1231636.79296875
1231627.71484375
1231618.6640625
1231611.96484375
1231603.5625
1231593.265625
1231582.5703125
1231578.1953125
1231576.609375
1231573.0390625
1231547.984375
1231547.234375
1231531.046875
1231522.21875
1231515.2890625
1231507.62890625
1231499.09375
1231492.8125
1231487.65234375
1231479.7265625
1231473.1640625
1231466.96484375
1231461.5390625
1231455.484375
1231448.3671875
1231442.03515625
1231434.37109375
1231427.99609375
1231425.765625
1231418.171875
1231409.99609375
1231405.90234375
1231401.5078125
1231395.09375
1231389.19921875
1231383.21484375
1231376.8515625
1231370.28515625
1231363.9140625
1231359.32421875
1231354.265625
1231346.3515625
1231340.8828125
1231332.0859375
1231327.7421875
1231318.921875
1231314.33203125
1231310.18359375
1231305.08984375
1231301.81640625
1231295.6640625
1231287.328125
1231282.05078125
1231273.3671875
1231270.2421875
1231266.47265625
1231255.96875
1231249.59375
1231244.5078125
1231240.15625
1231233.74609375
1231231.1015625
1231226.8515625
1231223.359375
1231219.73828125
1231214.42578125
1231208.76953125
1231205.51953125
1231200.66015625
1231196.59765625
1231192.24609375
1231190.36328125
1231184.08203125
1231180.61328125
1231175.90625
1231172.90625
1231166.4765625
1231160.46875
1231156.0390625
1231153.7109375
1231148.6484375
1231146.01953125
1231139.8359375
1231133.87109375
1231126.6015625
1231120.84765625
1231119.9375
1231115.9921875
1231114.9375
1231109.234375
1231106.17578125
1231103.6015625
1231099.9375
1231094.64453125
1231093.25390625
1231091.48828125
1231087.703125
1231078.921875
1231075.46484375
1231070.4765625
1231065.6015625
1231059.44140625
1231057.61328125
1231053.3046875
1231050.40625
1231047.98828125
1231040.0234375
1231033.78515625
1231030.515625
1231026.65234375
1231022.94921875
1231019.453125
1231020.51953125
1231015.0625
1231014.4375
1231015.84765625
1231013.0234375
1231001.94921875
1230990.92578125
1230983.75390625
1230977.921875
1230970.9453125
1230965.421875
1230968.21484375
1230958.09765625
1230954.640625
1230949.453125
1230943.625
1230934.94921875
1230924.41796875
1230917.41015625
1230911.22265625
1230906.1171875
1230903.25
1230897.96484375
1230890.2890625
