cost:	
913081.7421875
257252.7529296875
113678.9833984375
113478.67065429688
98711.58740234375
94483.73193359375
93194.6533203125
92392.3427734375
91969.89794921875
91681.99462890625
91552.44873046875
91298.67626953125
91136.29150390625
91001.38500976562
90637.48876953125
90470.17041015625
90228.50561523438
89921.10791015625
89531.51708984375
89363.22998046875
89011.6455078125
88628.32177734375
88241.76220703125
87762.0771484375
87334.81494140625
86914.98999023438
86581.76806640625
86076.61572265625
85489.609375
85141.88989257812
84541.20556640625
84155.18432617188
83725.37646484375
83191.81420898438
82628.7783203125
82076.77099609375
81604.03857421875
81039.19995117188
80747.10400390625
80246.46923828125
79682.087890625
79224.0625
78851.80444335938
78290.0771484375
77964.76708984375
77272.775390625
76810.53564453125
76331.15747070312
76085.88818359375
75606.4365234375
75117.83618164062
74534.73950195312
74168.71337890625
73888.58911132812
73415.71997070312
72906.9619140625
72524.65185546875
72171.42724609375
71731.88720703125
71319.23510742188
70879.3359375
70512.69775390625
70191.92553710938
69784.78491210938
69485.23681640625
69099.55615234375
68733.94677734375
68257.857421875
67978.23828125
67566.17456054688
67219.64038085938
66815.86962890625
66463.02709960938
66122.4287109375
65729.07983398438
65292.6123046875
65029.262939453125
64564.224609375
64158.9169921875
63782.6064453125
63392.409912109375
62988.84777832031
62669.369873046875
62244.52978515625
61963.291015625
61499.597412109375
61094.8310546875
60766.837646484375
60281.814697265625
59835.750732421875
59452.41796875
59115.194091796875
58645.394775390625
58322.664306640625
57846.259033203125
57352.028564453125
57052.886474609375
56523.424560546875
56102.224365234375
55683.07080078125
55198.27734375
54758.02490234375
54316.056396484375
53956.33984375
53481.474609375
53035.515869140625
52589.232421875
52167.715576171875
51790.616943359375
51278.12646484375
50861.282958984375
50349.58154296875
49866.13671875
49464.02294921875
49020.81005859375
48472.41162109375
48074.368408203125
47618.900634765625
47129.73046875
46678.400146484375
46250.861328125
45693.250244140625
45179.49475097656
44728.779052734375
44254.56005859375
43736.00598144531
43305.696044921875
42794.09716796875
42334.755859375
41860.372802734375
41434.217041015625
40939.086669921875
40482.76708984375
39948.58142089844
39440.81396484375
38979.27917480469
38517.89440917969
38011.606201171875
37538.11511230469
37052.06628417969
36617.29309082031
36141.49206542969
35664.69140625
35205.186767578125
34798.94519042969
34277.206298828125
33896.67138671875
33397.44677734375
32966.4599609375
32546.724609375
32045.051879882812
31655.187866210938
31242.76904296875
30862.1552734375
30428.1826171875
30027.5029296875
29587.935424804688
29184.76318359375
28759.406616210938
28423.660278320312
28000.549438476562
27575.823486328125
27239.181518554688
26842.890258789062
26500.7587890625
26128.918090820312
25751.15673828125
25368.397338867188
25001.391479492188
24648.868286132812
24343.162963867188
23962.026977539062
23606.390869140625
23258.264709472656
22935.88360595703
22566.658569335938
22287.8349609375
21900.48126220703
21589.985961914062
21282.5771484375
20956.732421875
20638.10284423828
20306.411743164062
20025.23175048828
19730.996215820312
19427.336059570312
19112.538208007812
18847.18115234375
18549.809326171875
18288.813232421875
17990.586181640625
17738.036560058594
17424.443420410156
17141.857299804688
16898.671875
16644.90350341797
16377.300720214844
16108.092895507812
15857.449768066406
15617.852600097656
15345.620849609375
15094.202331542969
14855.664184570312
14641.938537597656
14430.506164550781
14226.865600585938
14013.3818359375
13791.624633789062
13593.313415527344
13374.92724609375
13162.762573242188
12951.753997802734
12755.913940429688
12581.466247558594
12386.801940917969
12176.435974121094
12000.047058105469
11806.644958496094
11633.259033203125
11427.966796875
11264.766540527344
11098.608001708984
10916.514343261719
10747.626434326172
10599.927307128906
10436.368408203125
10271.647338867188
10116.505981445312
9954.597229003906
9792.373107910156
9651.532043457031
9504.076293945312
9336.799346923828
9200.723266601562
9057.083923339844
8891.908142089844
8764.043182373047
8631.93408203125
8523.832427978516
8392.810272216797
8251.952987670898
8117.941314697266
7973.8309326171875
7850.893707275391
7729.703308105469
7617.334289550781
7512.290069580078
7404.299468994141
7297.979644775391
7173.218902587891
7061.055999755859
6943.010772705078
6835.195037841797
6744.389984130859
6631.2864990234375
6528.900573730469
6426.37060546875
6334.753875732422
6238.371185302734
6140.268981933594
6053.679443359375
5959.905914306641
5897.575988769531
5801.5950927734375
5716.109298706055
5643.522399902344
5548.986953735352
5467.0074462890625
5397.914825439453
5335.288391113281
5261.248352050781
5176.1771240234375
5096.849014282227
5029.800537109375
4947.864501953125
4877.147674560547
4804.059906005859
4728.944885253906
4658.5806884765625
4594.372131347656
4538.444519042969
4478.2501220703125
4434.565979003906
4385.2080078125
4315.64599609375
4265.952301025391
4225.285369873047
4144.14631652832
4084.709182739258
4010.434051513672
3956.969207763672
3897.3179931640625
3843.0785217285156
3782.7185668945312
3735.748779296875
3674.173553466797
3634.3983764648438
3584.9078216552734
3537.4217071533203
3481.7495727539062
3433.547821044922
3370.753189086914
3326.059539794922
3265.112808227539
3235.346389770508
3182.0750274658203
3148.947967529297
3100.9873962402344
3072.3492126464844
3051.0796966552734
3028.833999633789
2990.3616943359375
2951.5054626464844
2907.958770751953
2863.7108001708984
2827.504592895508
2801.2545318603516
2766.2100524902344
2729.4882049560547
2681.833206176758
2649.3650817871094
2607.4261932373047
2573.713592529297
2546.5901641845703
2514.2746963500977
2475.2017517089844
2437.7213134765625
2406.6069259643555
2393.62939453125
2361.965019226074
2357.2362060546875
2313.9696044921875
2272.2832641601562
2257.4510040283203
2225.1513748168945
2203.192626953125
2176.277114868164
2134.02725982666
2127.0689544677734
2097.787078857422
2067.195152282715
2036.046241760254
2025.7914428710938
1984.3621215820312
1975.7061462402344
1962.4657592773438
1950.4352645874023
1946.6142044067383
1943.6528930664062
1931.2490921020508
1897.0214462280273
1844.181266784668
1813.1592254638672
1772.4286270141602
1745.42919921875
1730.8482513427734
1701.931625366211
1686.1101837158203
1666.0276107788086
1653.8525466918945
1628.5574417114258
1632.5687866210938
1621.9125442504883
1655.5111236572266
1661.6139678955078
1625.7172393798828
1583.8162689208984
1541.9016571044922
1525.2379913330078
1494.7931289672852
1480.8163833618164
1457.8722305297852
1464.4648818969727
1447.5022048950195
1421.734016418457
1404.3590850830078
1384.6709442138672
1369.8933181762695
1365.7626342773438
1360.3654708862305
1354.3932418823242
1347.3127746582031
1339.3992347717285
1321.598373413086
1311.8303451538086
1316.810447692871
1294.7146301269531
1274.520149230957
1259.655014038086
1235.449592590332
1239.4242477416992
1236.499412536621
1227.9899215698242
1210.2024765014648
1217.9227752685547
1203.7076721191406
1183.3030242919922
1174.8898277282715
1155.077980041504
1141.8651428222656
