cost:	
1224775.79296875
1159092.75390625
1084737.6328125
1015797.02734375
951452.85546875
891180.95703125
835470.10546875
783275.833984375
734493.84375
689106.34375
646429.0703125
607814.568359375
570571.287109375
536151.447265625
504356.58203125
474313.40234375
446606.466796875
421488.3984375
397427.58984375
375145.6357421875
354958.4462890625
335619.3515625
318559.6259765625
302362.18359375
287659.4873046875
273946.6015625
261354.767578125
249926.923828125
239518.5478515625
229953.4013671875
220933.748046875
213027.666015625
205815.109375
199178.3818359375
193157.853515625
187543.0302734375
182700.427734375
178192.04296875
174163.650390625
170534.65625
167157.25927734375
164192.9755859375
161571.240234375
159148.4140625
156993.40625
155071.380859375
153349.7998046875
151803.4248046875
150382.837890625
149195.986328125
148087.6181640625
147128.7265625
146281.1015625
145542.7138671875
144848.63671875
144232.353515625
143674.3076171875
143196.65625
142745.5068359375
142349.2099609375
141995.29443359375
141674.37646484375
141372.9990234375
141106.38671875
140871.0009765625
140653.8681640625
140455.8349609375
140279.505859375
140109.3916015625
139951.2578125
139809.9208984375
139673.8974609375
139558.8818359375
139428.728515625
139324.2626953125
139213.5576171875
139120.1416015625
139019.1572265625
138927.505859375
138839.23046875
138749.583984375
138662.63330078125
138577.724609375
138489.9765625
138402.3232421875
138323.88671875
138243.4189453125
138166.78955078125
138089.1748046875
138013.1416015625
137930.8447265625
137860.330078125
137778.830078125
137705.84765625
137633.34423828125
137554.54296875
137484.447265625
137408.439453125
137333.623046875
137252.7431640625
137169.7685546875
137064.10986328125
136927.3798828125
136746.083984375
136298.42529296875
136101.4111328125
135959.947265625
135849.6953125
135736.7080078125
135628.5703125
135493.5166015625
135368.2685546875
135270.7646484375
135169.451171875
135068.8125
134914.8017578125
134726.4033203125
134575.828125
134352.93359375
134197.78515625
134063.9775390625
133962.3603515625
133867.7421875
133772.4228515625
133683.18359375
133596.072265625
133499.544921875
133410.7353515625
133329.9111328125
133244.234375
133159.8671875
133059.6982421875
132970.0146484375
132872.578125
132783.3740234375
132681.90234375
132580.205078125
132494.1611328125
132390.52685546875
132290.3212890625
132153.6484375
132063.45556640625
131961.03857421875
131703.6298828125
131612.083984375
131518.8125
131423.310546875
131298.2119140625
131182.8603515625
131085.11572265625
131004.3359375
130924.1787109375
130835.2109375
130755.173828125
130677.400390625
130596.28125
130504.0732421875
130409.6455078125
130317.9521484375
130225.806640625
130121.908203125
130031.166015625
129948.177734375
129855.2509765625
129772.1103515625
129695.91259765625
129616.5439453125
129535.298828125
129452.5810546875
129369.55517578125
129282.83544921875
129190.876953125
129086.912109375
129006.73828125
128925.283203125
128844.259765625
128763.26123046875
128677.365234375
128596.9697265625
128518.0009765625
128434.888671875
128355.22216796875
128280.619140625
128201.7939453125
128120.4599609375
128028.2646484375
127919.86083984375
127836.416015625
127757.2734375
127674.7939453125
127601.5791015625
127524.900390625
127448.7919921875
127367.2529296875
127292.634765625
127207.84326171875
127128.58984375
127050.85546875
126979.525390625
126894.033203125
126811.859375
126731.7568359375
126651.91064453125
126578.7314453125
126493.59765625
126415.11181640625
126337.39453125
126258.04296875
126182.91748046875
126108.85595703125
126034.9716796875
125973.4111328125
125889.294921875
125814.00244140625
125746.25048828125
125664.72509765625
125582.8095703125
125516.2822265625
125438.2001953125
125354.02294921875
125283.55712890625
125201.6591796875
125125.1455078125
125050.607421875
124974.80224609375
124889.3154296875
124814.43505859375
124742.44677734375
124665.19921875
124595.25537109375
124516.8828125
124447.41455078125
124373.169921875
124296.634765625
124223.61279296875
124151.7470703125
124076.73974609375
124002.43359375
123926.16845703125
123856.82861328125
123778.34228515625
123704.25927734375
123637.0625
123559.23681640625
123483.748046875
123409.20849609375
123333.984375
123266.4140625
123190.1123046875
123116.994140625
123038.466796875
122970.65771484375
122900.89111328125
122838.1953125
122761.4462890625
122700.9951171875
122614.0068359375
122539.1962890625
122468.33203125
122391.294921875
122323.6728515625
122255.1416015625
122181.783203125
122115.82666015625
122041.408203125
121975.0556640625
121903.8173828125
121830.69091796875
121766.53515625
121699.927734375
121633.27880859375
121555.2978515625
121487.341796875
121426.26904296875
121351.34130859375
121280.80859375
121208.2548828125
121141.5673828125
121062.50537109375
120987.2265625
120908.1259765625
120834.99755859375
120757.490234375
120692.6318359375
120619.958984375
120549.359375
120478.2314453125
120416.95263671875
120340.669921875
120274.43310546875
120202.2880859375
120133.3115234375
120071.5546875
119998.18115234375
119932.796875
119862.0009765625
119788.8564453125
119725.017578125
119661.396484375
119582.0712890625
119505.9375
119448.18115234375
119383.92529296875
119312.04541015625
119248.224609375
119179.4970703125
119121.18359375
119055.26708984375
118991.2626953125
118922.4375
118856.3994140625
118785.2314453125
118721.10107421875
118655.818359375
118588.13916015625
118519.2705078125
118459.69970703125
118391.57666015625
118330.1767578125
118262.521484375
118205.12744140625
118130.779296875
118067.75
118000.478515625
117937.900390625
117877.728515625
117810.994140625
117741.80078125
117676.7197265625
117613.21484375
117546.921875
117484.51953125
117431.064453125
117358.7177734375
117295.1015625
117227.3447265625
117170.56298828125
117101.232421875
117036.8564453125
116973.4619140625
116918.57080078125
116850.32861328125
116782.07568359375
116704.427734375
116598.6357421875
116525.0517578125
116456.4453125
116393.5888671875
116328.51953125
116266.18896484375
116178.4296875
116097.521484375
116030.59814453125
115957.80078125
115892.60546875
115828.8427734375
115760.05517578125
115690.3232421875
115627.49853515625
115566.2333984375
115510.302734375
115448.28076171875
115380.47412109375
115323.908203125
115268.369140625
115211.3564453125
115147.13525390625
115092.85546875
115039.4775390625
114976.45166015625
114905.25341796875
114842.1552734375
114781.5068359375
114715.75
114652.8232421875
114590.21533203125
114528.80859375
114472.8427734375
114413.6669921875
114355.3857421875
114291.7041015625
114238.9482421875
114170.98828125
114111.0263671875
114049.0087890625
113985.91015625
113933.208984375
113880.44921875
113818.38134765625
113760.283203125
113705.8310546875
113640.20556640625
113571.6708984375
113517.701171875
113455.8046875
113396.51611328125
113344.884765625
113282.5849609375
113226.0146484375
113168.376953125
