cost:	
597048.0107421875
193603.68408203125
114141.75415039062
90480.13037109375
75807.13916015625
65347.157958984375
57779.837646484375
51216.372802734375
45521.199462890625
40482.55810546875
36129.41467285156
32089.176513671875
28652.863037109375
25599.996337890625
22834.445434570312
20414.65557861328
18199.52813720703
16270.307006835938
14636.130432128906
13249.246398925781
11829.449951171875
10680.1318359375
9821.717254638672
8848.633056640625
8208.507568359375
7418.379058837891
6625.429534912109
6057.537490844727
5594.920516967773
5011.438629150391
4801.611236572266
4370.531341552734
4498.5533447265625
3766.302993774414
3468.2001342773438
3393.306198120117
3115.4341735839844
2828.483154296875
2529.276542663574
2289.394630432129
2052.4320678710938
1968.6508255004883
1765.8136825561523
1627.280128479004
1572.6918869018555
1484.3674850463867
1425.4186248779297
1267.8347091674805
1281.858528137207
1179.066593170166
1106.9168510437012
1018.296142578125
1027.058723449707
965.5305213928223
963.216796875
936.3526039123535
996.5654182434082
970.0597457885742
851.7951889038086
850.4098243713379
923.756721496582
1020.2901096343994
1101.9804458618164
1224.6667404174805
1278.4919776916504
1429.1614151000977
1608.5091514587402
1472.8870964050293
1219.2124710083008
1145.9021301269531
1136.0228843688965
1037.3163986206055
1143.711139678955
1128.7460098266602
1086.104824066162
992.9498748779297
1010.3522720336914
1187.9449005126953
1555.94580078125
1563.682704925537
1480.2820739746094
1558.3381385803223
1429.2135734558105
1576.8926696777344
1489.7891235351562
1477.2197036743164
1403.9690856933594
1277.1530838012695
1181.433261871338
1086.4655151367188
1102.0914497375488
1092.9845428466797
1093.4712829589844
902.3032913208008
1048.860694885254
1228.4848861694336
1095.3277206420898
1237.427734375
1160.5886840820312
1169.4945182800293
1223.3010330200195
1208.5034141540527
1163.8679428100586
1066.547519683838
1225.9413223266602
1266.122859954834
1222.5377807617188
1150.7363204956055
1199.4271430969238
1277.6165924072266
1320.5126762390137
1368.2408447265625
1253.285837173462
1136.9188842773438
1186.092357635498
1368.281753540039
1254.1246490478516
1112.781997680664
1079.9963989257812
1065.455581665039
1010.2995147705078
1017.020824432373
967.1068801879883
953.146167755127
1037.7510986328125
1105.6730880737305
1076.2048988342285
1071.1000137329102
1149.7135734558105
1127.160026550293
1048.392375946045
1072.0584983825684
1103.0322799682617
1124.7474899291992
1069.8842849731445
1234.3635177612305
1205.2577438354492
1295.281982421875
1378.651725769043
1688.5962982177734
1614.899185180664
1827.193458557129
1645.8744773864746
1787.385498046875
1749.4615516662598
1849.460033416748
1980.8086776733398
2003.1900634765625
2103.8203506469727
2086.4530715942383
2006.2991371154785
2004.0900344848633
1806.5975036621094
1565.810173034668
1382.1305618286133
1361.4497299194336
1273.0676956176758
1226.8449440002441
1161.398609161377
1152.757968902588
1133.8654022216797
1064.2597885131836
1097.7896995544434
1238.380012512207
1311.766716003418
1334.583065032959
1291.768352508545
1273.2066688537598
1443.579433441162
1506.8427810668945
1375.7726974487305
1341.4471740722656
1178.7124710083008
1073.568748474121
1122.354591369629
1004.3844776153564
946.4931602478027
951.39333152771
860.4031715393066
782.3662662506104
808.7982444763184
732.0606689453125
743.7450790405273
739.3639717102051
798.7157287597656
876.2780055999756
904.5234756469727
950.3217887878418
807.1983108520508
1036.031162261963
1080.5908584594727
1673.594352722168
1556.1190567016602
1804.318359375
2555.2759857177734
2558.197052001953
2607.3921508789062
2558.051315307617
2761.077667236328
2949.6734619140625
2586.0430603027344
2350.8993377685547
2032.0393600463867
2209.637939453125
1898.6096725463867
1740.3479614257812
1829.0227737426758
1742.6123809814453
1832.1371879577637
1917.4584045410156
1825.0881881713867
1598.5369453430176
1477.702838897705
1473.871322631836
1443.5497512817383
1301.2661056518555
1195.0954132080078
1338.1332206726074
1307.9970169067383
1218.6709632873535
1281.5184478759766
1166.6861686706543
1158.0315628051758
992.4438915252686
1122.581142425537
1133.2580032348633
1222.402172088623
1040.6496810913086
986.4497680664062
1007.2298698425293
961.8082542419434
918.3857879638672
885.06396484375
881.5510444641113
851.661434173584
799.3317413330078
807.3469142913818
872.2425384521484
880.934986114502
895.3172607421875
977.8904342651367
978.1884956359863
1093.0593719482422
1125.2391624450684
1130.8503227233887
1229.6291580200195
1347.5249977111816
1484.660068511963
1557.243179321289
1563.2111511230469
1787.8702087402344
1703.9862251281738
1886.354190826416
1853.5334243774414
1734.558723449707
1795.2422180175781
1738.6663703918457
1655.3110885620117
1594.9060745239258
1631.270652770996
1638.7054977416992
1630.246726989746
1509.796142578125
1464.5549621582031
1306.5960731506348
1323.338607788086
1201.8090209960938
1306.5682220458984
1346.1132431030273
1351.7496757507324
1419.2270851135254
1384.4354400634766
1283.6157836914062
1346.0990943908691
1412.8797073364258
1409.553955078125
1428.076286315918
1395.188289642334
1506.140365600586
1417.645133972168
1436.3842391967773
1483.681022644043
1526.3887023925781
1552.9555702209473
1609.5149993896484
1632.9984893798828
1560.7074661254883
1598.0773544311523
1433.995849609375
1540.032814025879
1550.2652740478516
1680.3001708984375
1677.1431503295898
1649.856575012207
1755.2662963867188
1918.449348449707
2122.2222061157227
1928.8913345336914
2050.768341064453
2267.683639526367
2212.3584213256836
2034.9931106567383
1833.9713897705078
1654.9091873168945
1486.5803298950195
1332.2550888061523
1292.1239585876465
1542.2761764526367
1447.0812644958496
1359.3981399536133
1196.1926651000977
1151.092643737793
1097.5729293823242
1025.1434898376465
909.1318893432617
857.466365814209
858.2816543579102
842.0419540405273
865.007266998291
983.4627685546875
965.1583042144775
1069.4870147705078
1037.410530090332
1006.2795257568359
1010.3389739990234
988.2642116546631
1125.7002449035645
1189.8266067504883
1162.287281036377
1121.2348098754883
1057.7548751831055
1138.7263526916504
1058.895851135254
1190.2754745483398
1185.4311866760254
1221.2367858886719
1367.6403579711914
1270.5845565795898
1359.4646682739258
1432.8993339538574
1437.8152122497559
1483.249740600586
1464.5626373291016
1511.583396911621
1553.6893501281738
1565.8169403076172
1567.1462326049805
1603.9293212890625
1595.794303894043
1631.9227981567383
1477.6459197998047
1383.5077438354492
1257.2681159973145
1158.886806488037
1066.2367897033691
1051.4998359680176
1059.9336013793945
1168.0921592712402
1054.2194023132324
1188.0978622436523
1207.3627395629883
1101.6862106323242
1130.3837356567383
1140.299840927124
1228.832281112671
1186.071792602539
1150.5550079345703
1063.666893005371
1107.6289329528809
1026.731502532959
1023.6632232666016
992.0016555786133
976.0061988830566
1011.2759323120117
969.3038787841797
1078.4538383483887
1105.320213317871
1200.274299621582
1344.3200149536133
1355.321403503418
1394.7404327392578
1395.7098655700684
1559.9625930786133
1506.9816780090332
1620.7508239746094
1594.9467315673828
1457.8878479003906
1419.6927337646484
1422.8925704956055
1484.245704650879
1528.1333312988281
1471.385986328125
1413.0014610290527
1400.525505065918
1640.6008949279785
1652.1160354614258
1446.8770599365234
1399.4173736572266
1414.6847381591797
1484.9533920288086
