cost:	
1134824.16796875
677342.33203125
411558.41796875
304990.107421875
266609.025390625
231453.9375
206108.0595703125
185064.255859375
170696.03466796875
158563.23828125
149113.76806640625
141149.9404296875
134526.4267578125
128997.263671875
124230.33740234375
119982.73583984375
116364.38330078125
113127.58740234375
110236.671875
107637.73486328125
105299.09130859375
103231.13720703125
101179.55859375
99366.35595703125
97634.72802734375
96159.333984375
94777.3681640625
93523.7802734375
92297.1044921875
91231.69580078125
90093.46948242188
89010.88623046875
88016.85913085938
87133.46533203125
86279.7470703125
85441.21997070312
84636.83544921875
83856.892578125
83096.33984375
82404.39111328125
81739.70849609375
81045.76611328125
80353.61254882812
79694.75415039062
79069.21704101562
78499.68212890625
77933.5185546875
77345.02294921875
76842.12084960938
76299.39819335938
75798.63208007812
75348.30737304688
74857.60595703125
74367.01293945312
74005.44189453125
73545.54736328125
73139.1552734375
72707.61865234375
72297.94189453125
71907.97412109375
71524.3828125
71152.08081054688
70777.68725585938
70411.82543945312
70052.54736328125
69656.20361328125
69329.15747070312
68986.02416992188
68663.291015625
68314.9453125
67993.01806640625
67668.52758789062
67342.791015625
67026.345703125
66730.68896484375
66431.37036132812
66131.19165039062
65859.74169921875
65570.76538085938
65292.938232421875
65007.207763671875
64726.141357421875
64466.938232421875
64195.071044921875
63930.602783203125
63665.75390625
63421.913818359375
63188.92236328125
62940.191650390625
62696.720703125
62469.001220703125
62248.443115234375
62010.245361328125
61768.747802734375
61554.531494140625
61328.914794921875
61114.970703125
60923.28759765625
60707.26220703125
60495.208251953125
60277.3310546875
60086.117919921875
59906.490966796875
59716.723388671875
59537.802001953125
59344.339599609375
59176.344970703125
58993.34619140625
58830.0751953125
58658.4443359375
58485.041259765625
58322.785400390625
58161.4453125
58008.030517578125
57826.69677734375
57689.817138671875
57533.854248046875
57373.608154296875
57226.924560546875
57085.47705078125
56946.691162109375
56805.9443359375
56655.070068359375
56509.20166015625
56379.2333984375
56249.060302734375
56121.39208984375
55983.915771484375
55856.735595703125
55730.875
55594.57861328125
55481.311279296875
55350.477783203125
55236.855224609375
55117.509765625
54997.144287109375
54877.039794921875
54768.372314453125
54659.657470703125
54552.38818359375
54425.33935546875
54343.468017578125
54233.868408203125
54126.373046875
54025.226806640625
53924.186279296875
53843.0771484375
53724.171142578125
53638.53173828125
53536.180908203125
53422.0009765625
53332.54638671875
53257.189453125
53175.974365234375
53081.166015625
52998.26013183594
52924.594482421875
52858.896728515625
52817.634765625
52852.6728515625
52721.119140625
53327.97607421875
52945.285888671875
52831.790771484375
52467.268310546875
52472.9775390625
52316.42346191406
52281.97314453125
52082.81018066406
51989.645751953125
51895.44860839844
51798.9599609375
51734.051513671875
51655.347900390625
51618.46240234375
51531.787841796875
51455.939453125
51386.067626953125
51319.2158203125
51259.511962890625
51197.458251953125
51152.834228515625
51088.774169921875
51031.250732421875
50974.57568359375
50920.43212890625
50869.73718261719
50792.65234375
50725.79052734375
50666.89501953125
50607.526123046875
50552.8076171875
50504.17822265625
50428.249755859375
50382.599365234375
50306.625732421875
50263.38037109375
50198.250732421875
50147.858154296875
50093.541015625
50049.062255859375
49986.012451171875
49940.18115234375
49879.5087890625
49836.29638671875
49796.5576171875
49738.908935546875
49681.815673828125
49652.77880859375
49587.924560546875
49533.717529296875
49478.4248046875
49413.127685546875
49371.015380859375
49321.3935546875
49277.00671386719
49255.0068359375
49201.46240234375
49137.01306152344
49084.4541015625
49059.34912109375
49027.51953125
48977.65087890625
48913.88232421875
48870.7275390625
48827.552978515625
48815.09899902344
48833.739990234375
48836.96240234375
48782.166259765625
48737.639892578125
48794.8671875
49009.35791015625
48865.83044433594
49623.996337890625
49101.577392578125
49015.83203125
48723.94580078125
48755.322265625
48803.601318359375
48993.033203125
48682.87561035156
48576.466796875
48409.145751953125
48305.26513671875
48215.064697265625
48135.27478027344
48065.670166015625
48054.790771484375
47955.61608886719
47907.802001953125
47859.488525390625
47826.7998046875
47800.49267578125
47784.91101074219
47723.4619140625
47680.997802734375
47656.131103515625
47620.74267578125
47578.07080078125
47539.61560058594
47515.17578125
47477.1806640625
47450.98876953125
47416.529541015625
47373.7666015625
47343.02685546875
47316.375244140625
47286.63586425781
47243.29113769531
47222.873291015625
47201.94677734375
47152.67578125
47144.70751953125
47124.397216796875
47099.2255859375
47055.493408203125
47032.393310546875
47009.70068359375
46970.12158203125
46936.09912109375
46907.522216796875
46867.07824707031
46856.174072265625
46837.55517578125
46968.74853515625
47127.94445800781
47093.31591796875
47033.833251953125
47131.278564453125
47052.5625
47207.34265136719
47107.16162109375
46783.67431640625
46785.8125
46668.35791015625
46621.298583984375
46554.935791015625
46495.648193359375
46465.22033691406
46432.474853515625
46418.550537109375
46410.41149902344
46422.35693359375
46493.568359375
46439.976806640625
46408.24658203125
46401.852783203125
46412.30908203125
46508.658935546875
46789.177734375
46875.030517578125
46718.755859375
46509.945556640625
46443.9833984375
46260.947021484375
46276.57275390625
46218.13037109375
46333.76953125
46186.58837890625
46151.493896484375
46208.73840332031
46167.211181640625
46010.87939453125
45941.69274902344
45931.80358886719
45975.968994140625
45957.171875
45943.209228515625
45926.13134765625
45879.22814941406
45851.29345703125
45909.83215332031
45935.2216796875
45869.492919921875
45780.80432128906
45731.73132324219
45700.25
45665.80322265625
45645.831787109375
45615.428955078125
45574.00830078125
45538.4228515625
45517.5048828125
45492.597900390625
45480.682373046875
45444.70068359375
45432.296875
45416.236572265625
45397.05773925781
45381.52197265625
45358.580078125
45335.28955078125
45308.616943359375
45295.35791015625
45283.57751464844
45264.2724609375
45248.89978027344
45228.619873046875
45223.62158203125
45201.30041503906
45179.81384277344
45196.128662109375
45199.02294921875
45161.37890625
45125.017333984375
45122.24462890625
45120.20202636719
45138.17248535156
45121.31335449219
45097.23596191406
45130.85498046875
45332.827392578125
45582.14501953125
45733.71398925781
46151.038330078125
45766.74853515625
45767.323974609375
45483.360107421875
45487.61279296875
45417.10339355469
45247.61669921875
45068.7314453125
45022.997802734375
44967.06689453125
44896.066162109375
44868.52978515625
44782.221435546875
44774.408447265625
44730.649658203125
44739.699462890625
44712.259521484375
44740.135986328125
44736.743408203125
44673.077880859375
44634.021240234375
44641.408203125
44632.2822265625
44606.3291015625
44567.4990234375
