cost:	
851961.236328125
188098.1220703125
168926.0908203125
135647.7939453125
128132.732421875
122945.072265625
120314.45556640625
117904.9794921875
116230.2421875
114521.017578125
113086.9794921875
111625.451171875
110486.00048828125
109069.62109375
107566.37255859375
106414.07861328125
105189.73974609375
103956.18896484375
102673.5859375
101458.40771484375
100453.00390625
99243.376953125
98222.69384765625
97120.91748046875
96126.375
95363.53515625
94302.615234375
93449.681640625
92417.53857421875
91595.375
90960.1201171875
90077.02465820312
89303.91064453125
88631.2763671875
87810.61279296875
87283.7236328125
86579.5185546875
85917.29931640625
85300.50537109375
84800.96484375
84104.1259765625
83706.24462890625
83307.4892578125
82586.99243164062
82129.94140625
81621.31982421875
81090.791015625
80602.2109375
80359.123046875
79797.9033203125
79213.36376953125
78795.32080078125
78351.208984375
78048.591796875
77641.97021484375
77245.77197265625
76759.0927734375
76448.609375
76041.474609375
75658.69189453125
75411.14624023438
74962.0712890625
74599.6328125
74180.14477539062
73844.12280273438
73554.60791015625
73195.201171875
72904.29443359375
72657.02978515625
72249.62158203125
71982.58251953125
71678.24072265625
71255.16162109375
71095.79077148438
70886.599609375
70593.12890625
70284.50244140625
70092.86474609375
69689.09033203125
69348.29174804688
69123.61083984375
68923.71728515625
68670.857421875
68436.62646484375
68212.13452148438
67915.41845703125
67620.548828125
67353.52075195312
67179.95458984375
67086.21728515625
66814.92919921875
66623.6728515625
66465.9423828125
66236.4951171875
66062.31103515625
65842.501953125
65682.01098632812
65386.184814453125
65138.545654296875
64932.2763671875
64865.1240234375
64708.31787109375
64524.48486328125
64454.42822265625
64216.114990234375
64150.25244140625
63869.98779296875
63641.4697265625
63539.130126953125
63450.7587890625
63256.06591796875
63112.326171875
63007.0087890625
62798.28271484375
62742.1328125
62625.408203125
62574.875
62409.85107421875
62355.11376953125
62272.20849609375
62064.2939453125
61868.1103515625
61774.583984375
61618.57470703125
61601.65625
61493.58544921875
61358.4248046875
61359.04345703125
61207.68603515625
61121.39794921875
61040.0751953125
60972.29248046875
60854.8173828125
60741.352783203125
60676.82470703125
60666.326171875
60582.3330078125
60484.310546875
60298.63232421875
60237.734375
60231.70361328125
60143.357421875
60074.8134765625
60013.33984375
59939.111328125
59857.67236328125
59839.97412109375
59777.03564453125
59735.52587890625
59574.412109375
59525.0615234375
59458.947998046875
59469.12646484375
59261.1171875
59306.8154296875
59281.092041015625
59179.7783203125
59193.90380859375
59126.154296875
59017.8759765625
58995.44091796875
59011.4658203125
59050.513916015625
58989.6884765625
58853.233642578125
58701.633056640625
58715.15966796875
58697.7421875
58628.25048828125
58670.36279296875
58624.03955078125
58570.1611328125
58481.51416015625
58449.493408203125
58494.66650390625
58389.7431640625
58374.2001953125
58317.75537109375
58289.72412109375
58305.1103515625
58218.58203125
58170.30908203125
58159.6962890625
58085.47802734375
58070.70166015625
58016.40234375
57984.06494140625
57929.28564453125
57882.96533203125
57894.16650390625
57919.0126953125
57819.618408203125
57771.359375
57773.60595703125
57727.669921875
57828.826171875
57724.76171875
57816.60400390625
57716.943359375
57607.9560546875
57598.88134765625
57584.426025390625
57517.54931640625
57555.77685546875
57539.181640625
57571.87646484375
57571.94091796875
57596.640869140625
57569.3837890625
57391.79296875
57409.62939453125
57360.69677734375
57238.078125
57267.81787109375
57253.3515625
57183.04833984375
57187.14501953125
57176.67333984375
57168.49951171875
57141.6259765625
57142.47802734375
57108.1865234375
57112.82373046875
57065.42822265625
57058.4150390625
57005.60302734375
57058.32373046875
57061.59228515625
57084.90625
57108.91259765625
57024.521484375
57097.67431640625
57007.2890625
56981.5654296875
56919.751953125
56901.56640625
56852.5947265625
56878.08935546875
56859.380859375
56845.27783203125
56836.478515625
56831.07763671875
56920.15771484375
56783.21728515625
56809.018310546875
56827.109375
56751.53125
56727.98828125
56756.82470703125
56714.1376953125
56683.27978515625
56733.3740234375
56682.005859375
56674.08984375
56626.9912109375
56499.85107421875
56566.5380859375
56535.625244140625
56568.34521484375
56544.0244140625
56525.922119140625
56555.767822265625
56508.34423828125
56527.82470703125
56460.6806640625
56439.54052734375
56462.82763671875
56442.29833984375
56459.9306640625
56409.9716796875
56401.095458984375
56421.982421875
56441.38134765625
56409.9609375
56522.59814453125
56424.884765625
56436.408203125
56387.7880859375
56271.025390625
56287.19140625
56283.93701171875
56329.3359375
56324.73388671875
56295.869140625
56289.479736328125
56322.9482421875
56320.44287109375
56305.775390625
56222.7607421875
56227.3369140625
56211.783203125
56213.24169921875
56259.11328125
56246.13037109375
56192.52880859375
56134.4072265625
56101.51318359375
56085.169921875
56130.1025390625
56162.3857421875
56079.2705078125
56138.69677734375
56130.84619140625
56153.5947265625
56091.94873046875
56132.2060546875
56096.0712890625
56073.888671875
56072.57958984375
56021.12158203125
56016.32421875
55980.18701171875
55940.4375
55966.86865234375
56004.394287109375
55952.10595703125
56007.206787109375
55954.7900390625
55959.70166015625
55906.85986328125
55916.775390625
55913.8681640625
55837.02294921875
55800.98681640625
55887.64013671875
55995.4931640625
56039.896240234375
56044.4580078125
55939.83935546875
55933.16064453125
55853.863037109375
55828.30859375
55800.383544921875
55827.1513671875
55852.8583984375
55793.03076171875
55921.67626953125
55886.4697265625
55811.85302734375
55753.02978515625
55767.582275390625
55791.28955078125
55777.48681640625
55839.67041015625
55799.5390625
55755.6884765625
55782.00341796875
55701.392578125
55680.01220703125
55674.31884765625
55661.43896484375
55651.4306640625
55643.791015625
55598.482421875
55619.890380859375
55617.6572265625
55587.415771484375
55650.900390625
55639.8837890625
55577.84423828125
55555.3779296875
55573.80419921875
55654.029296875
55674.22314453125
55649.833984375
55596.357421875
55541.70361328125
55564.57470703125
55583.66796875
55576.391357421875
55582.47216796875
55616.45458984375
55683.81201171875
55565.422607421875
55592.953125
55563.897216796875
55543.128173828125
55543.51416015625
55549.253662109375
55489.63330078125
55486.298095703125
55492.0302734375
55446.31005859375
55495.33154296875
55464.897705078125
55495.814453125
55541.46142578125
55483.87451171875
55434.41162109375
55437.259765625
55414.61865234375
55537.54638671875
55515.24072265625
55447.8193359375
55511.69091796875
55392.525390625
55433.79052734375
55424.24609375
55388.17138671875
55371.21875
