cost:	
1203332.76953125
965296.390625
754070.015625
589727.681640625
473206.75
386979.708984375
327862.09375
289511.1015625
264689.8466796875
248848.4267578125
238780.8916015625
232643.54296875
228439.091796875
225847.49609375
223967.2841796875
222563.755859375
221473.2958984375
220558.787109375
219745.982421875
219026.484375
218345.029296875
217727.6005859375
217137.6923828125
216573.341796875
216033.064453125
215539.880859375
215025.40625
214521.330078125
214092.22265625
213619.046875
213171.6640625
212737.4755859375
212309.998046875
211916.642578125
211479.009765625
211088.4765625
210691.96484375
210285.0078125
209920.154296875
209542.859375
209155.806640625
208791.53515625
208417.1064453125
208062.591796875
207674.919921875
207316.63671875
206936.6416015625
206592.009765625
206231.9404296875
205881.197265625
205536.8125
205193.3125
204853.958984375
204501.455078125
204158.896484375
203814.7578125
203489.6318359375
203179.7373046875
202818.6728515625
202487.513671875
202181.962890625
201831.244140625
201490.3505859375
201192.2734375
200823.14453125
200513.27734375
200164.32421875
199851.501953125
199512.447265625
199180.26953125
198862.623046875
198520.943359375
198182.24609375
197859.41015625
197561.0595703125
197193.724609375
196888.9169921875
196548.4951171875
196229.591796875
195908.1328125
195614.8193359375
195280.404296875
194911.98828125
194569.5546875
194267.623046875
193942.197265625
193608.65234375
193279.29296875
192951.37109375
192644.2568359375
192297.962890625
191985.91015625
191669.98046875
191335.044921875
191024.26171875
190693.728515625
190364.095703125
190025.4453125
189732.330078125
189396.70703125
189042.4140625
188749.990234375
188436.3046875
188127.4326171875
187877.5634765625
187505.064453125
187193.2255859375
186916.646484375
186589.23828125
186276.966796875
185972.30859375
185676.1005859375
185360.78515625
185052.4306640625
184730.84375
184463.7265625
184124.998046875
183829.4248046875
183531.67578125
183231.1455078125
182888.794921875
182601.57421875
182299.671875
182015.3046875
181708.8447265625
181390.15625
181074.5703125
180785.453125
180478.919921875
180178.294921875
179884.4658203125
179587.765625
179293.630859375
178984.30859375
178687.76171875
178399.15625
178062.5869140625
177798.583984375
177467.8466796875
177164.361328125
176893.9228515625
176576.21484375
176298.6162109375
175996.91796875
175673.9072265625
175421.025390625
175098.693359375
174795.181640625
174515.7333984375
174214.35546875
173921.1484375
173641.89453125
173337.2646484375
173074.3095703125
172789.7431640625
172497.7861328125
172213.150390625
171953.517578125
171692.03125
171389.98828125
171123.2421875
170842.015625
170573.310546875
170289.0283203125
170034.498046875
169773.6279296875
169496.333984375
169172.9345703125
168909.8447265625
168647.435546875
168379.611328125
168131.85546875
167816.880859375
167572.361328125
167298.185546875
167017.0390625
166743.0224609375
166460.939453125
166215.05078125
165940.5390625
165675.29296875
165418.751953125
165127.703125
164876.0556640625
164599.0703125
164329.296875
164078.552734375
163811.1328125
163537.552734375
163293.837890625
163016.076171875
162733.9716796875
162502.66015625
162257.1513671875
162007.59375
161715.3759765625
161460.56640625
161204.3671875
160918.8759765625
160677.1416015625
160438.3173828125
160143.576171875
159941.80078125
159675.2578125
159413.33984375
159197.703125
158924.88671875
158679.9638671875
158464.6240234375
158215.8115234375
157958.3115234375
157716.3896484375
157497.2919921875
157262.80078125
157011.6962890625
156752.14453125
156524.9580078125
156290.6328125
156021.638671875
155802.9697265625
155568.80859375
155312.7939453125
155103.6650390625
154883.8369140625
154622.423828125
154398.736328125
154152.50390625
153929.0751953125
153703.7431640625
153467.5380859375
153279.4453125
153007.7822265625
152763.173828125
152534.1650390625
152305.7109375
152058.181640625
151837.9423828125
151632.9013671875
151382.08984375
151167.4521484375
150964.107421875
150710.72265625
150527.0810546875
150257.9375
150093.1689453125
149811.3037109375
149591.0703125
149354.5078125
149139.6064453125
148909.2314453125
148713.49609375
148476.990234375
148270.5498046875
148069.755859375
147842.4609375
147624.412109375
147426.6298828125
147238.38671875
147011.0439453125
146832.3974609375
146571.44091796875
146371.2119140625
146193.220703125
145966.91015625
145765.953125
145567.390625
145352.1337890625
145183.61328125
144963.962890625
144768.40234375
144553.0693359375
144343.173828125
144160.0615234375
143953.6748046875
143756.2294921875
143536.9921875
143354.9609375
143118.9287109375
142966.9560546875
142731.5478515625
142559.2734375
142361.2265625
142161.90625
141978.76416015625
141768.2509765625
141572.10546875
141381.943359375
141210.0751953125
140968.98046875
140793.142578125
140596.75390625
140400.7275390625
140204.6689453125
140034.60546875
139847.30078125
139653.5439453125
139448.0634765625
139296.66796875
139088.1533203125
138908.3759765625
138690.92041015625
138514.10205078125
138360.8564453125
138150.6982421875
137980.8173828125
137826.7890625
137630.87841796875
137476.7421875
137295.2412109375
137083.912109375
136961.1533203125
136777.814453125
136557.8017578125
136399.748046875
136233.087890625
136059.5361328125
135908.466796875
135736.2744140625
135569.578125
135385.248046875
135212.517578125
135027.9765625
134856.3203125
134695.994140625
134526.9052734375
134345.521484375
134177.27734375
134075.1748046875
133846.8349609375
133691.28515625
133569.63720703125
133380.0390625
133212.615234375
133064.37109375
132890.4482421875
132720.736328125
132552.39306640625
132354.4140625
132210.3955078125
132063.5751953125
131888.8720703125
131732.2138671875
131584.4580078125
131460.587890625
131298.990234375
131088.99755859375
130968.5439453125
130758.681640625
130608.6650390625
130449.17236328125
130289.1826171875
130136.7119140625
130011.578125
129865.8955078125
129713.244140625
129551.18359375
129385.0224609375
129248.47705078125
129107.9384765625
128988.95654296875
128818.02294921875
128661.5849609375
128563.6728515625
128410.677734375
128258.06298828125
128098.90673828125
127933.92333984375
127815.86328125
127672.4140625
127545.1435546875
127370.91064453125
127249.490234375
127103.2431640625
126950.6123046875
126824.001953125
126714.13916015625
126527.96044921875
126394.7978515625
126276.3203125
126144.298828125
125994.703125
125847.0458984375
125737.345703125
125585.83935546875
125452.11376953125
125299.78955078125
125166.8583984375
125065.4482421875
124918.0859375
124779.25537109375
124639.3505859375
124495.890625
124381.79150390625
124222.345703125
124085.90478515625
123969.119140625
123842.037109375
123745.8681640625
123590.4990234375
123498.57373046875
