cost:	
1063177.6328125
596818.08984375
281219.5087890625
141854.53759765625
100301.0322265625
93928.2099609375
93046.19384765625
91874.89379882812
91246.32666015625
90927.23852539062
90801.54345703125
90720.7626953125
90664.1484375
90627.28271484375
90591.00927734375
90549.56396484375
90533.833984375
90478.91186523438
90462.99951171875
90474.5126953125
90480.17919921875
90463.21240234375
90437.19995117188
90446.646484375
90412.556640625
90473.97900390625
90407.7734375
90378.3837890625
90376.01245117188
90373.75830078125
90364.73095703125
90392.5361328125
90364.80883789062
90265.07470703125
90274.35864257812
90299.46899414062
90341.3271484375
90276.3291015625
90257.0439453125
90292.0927734375
90246.92456054688
90207.2861328125
90232.685546875
90305.4560546875
90173.98681640625
90224.72290039062
90217.271484375
90179.72143554688
90098.93994140625
90125.96142578125
90087.30908203125
90062.48022460938
90061.80029296875
89986.59814453125
90044.4853515625
90016.8388671875
90027.97631835938
89939.4560546875
89953.8251953125
89940.4453125
89956.51098632812
89963.34716796875
89937.93359375
89923.90258789062
89841.13110351562
89876.20654296875
89861.36254882812
89813.10791015625
89814.09716796875
89780.86083984375
89756.29931640625
89701.615234375
89696.6162109375
89697.2021484375
89633.451171875
89619.54833984375
89603.8642578125
89550.44091796875
89533.6083984375
89432.10717773438
89411.90771484375
89353.89599609375
89241.7998046875
89116.1025390625
89017.35375976562
88866.32421875
88709.4140625
88435.099609375
88142.54736328125
87927.10327148438
87680.91943359375
87456.40087890625
87268.70849609375
87107.95068359375
86748.87939453125
86561.7578125
86377.38330078125
86165.95654296875
86070.60424804688
85760.13525390625
85533.74365234375
85284.03588867188
85131.69702148438
84943.90771484375
84728.11059570312
84488.42456054688
84304.60791015625
83985.2333984375
83741.38134765625
83388.3466796875
83067.3837890625
82864.77294921875
82607.375
82313.24780273438
82045.099609375
81728.12719726562
81468.69580078125
81196.14111328125
80961.00927734375
80660.01123046875
80301.36157226562
79963.3837890625
79685.46264648438
79387.96362304688
79087.30981445312
78792.01733398438
78555.7666015625
78308.50830078125
77993.998046875
77740.46166992188
77435.9716796875
77142.4541015625
76874.34692382812
76648.53515625
76354.8876953125
76110.94580078125
75841.62866210938
75570.2705078125
75327.21142578125
74965.10961914062
74733.35791015625
74592.84057617188
74249.44311523438
73994.66455078125
73701.09790039062
73533.44189453125
73246.86352539062
72951.97631835938
72694.45947265625
72387.353515625
72073.84985351562
71771.30102539062
71481.42700195312
71194.03149414062
70956.576171875
70614.53393554688
70354.01904296875
70086.48364257812
69814.33349609375
69550.419921875
69294.7197265625
68999.33129882812
68714.7080078125
68416.52856445312
68201.03637695312
67862.42944335938
67585.42724609375
67285.19873046875
67012.82055664062
66762.17456054688
66475.51123046875
66164.20361328125
65925.68994140625
65572.94165039062
65301.6083984375
65039.820556640625
64746.556396484375
64462.053955078125
64208.838134765625
63988.7529296875
63703.14892578125
63388.54248046875
63119.82080078125
62861.301513671875
62612.187744140625
62285.0283203125
62007.185791015625
61750.155517578125
61511.894287109375
61166.19775390625
60922.181884765625
60629.16796875
60357.09228515625
60084.996826171875
59799.359375
59531.470458984375
59229.342529296875
58891.775634765625
58642.03369140625
58405.457275390625
58119.865478515625
57810.042236328125
57552.349365234375
57259.30908203125
57002.25244140625
56697.47265625
56454.708740234375
56180.410888671875
55904.93505859375
55646.34130859375
55369.56005859375
55088.95703125
54816.782470703125
54563.2177734375
54282.322509765625
53995.44323730469
53735.925048828125
53444.94140625
53167.02880859375
52880.384521484375
52600.608642578125
52324.43798828125
52029.8681640625
51751.020751953125
51483.068603515625
51231.7421875
50948.915771484375
50665.560302734375
50390.2021484375
50137.834716796875
49850.80224609375
49554.679443359375
49320.071044921875
49038.072509765625
48755.593505859375
48475.66796875
48204.463623046875
47942.538818359375
47660.00732421875
47393.23828125
47101.718994140625
46807.96875
46554.236083984375
46266.664306640625
45998.355712890625
45710.0625
45466.50390625
45178.9033203125
44926.2763671875
44672.37683105469
44395.2861328125
44136.60070800781
43871.658203125
43604.40295410156
43369.10546875
43095.328369140625
42852.791015625
42599.97790527344
42336.71203613281
42102.8583984375
41815.71423339844
41560.1064453125
41341.198974609375
41078.00695800781
40843.890380859375
40569.96472167969
40350.57653808594
40083.240478515625
39825.66687011719
39575.640380859375
39331.624267578125
39081.825927734375
38844.705078125
38596.555908203125
38361.201171875
38110.032958984375
37859.787353515625
37614.82409667969
37396.93786621094
37150.00439453125
36927.55944824219
36721.84130859375
36473.48132324219
36205.711669921875
35977.01318359375
35742.20861816406
35490.69128417969
35272.905517578125
35010.22961425781
34803.60290527344
34575.27502441406
34331.23388671875
34094.5068359375
33878.391845703125
33659.319580078125
33437.17565917969
33215.294189453125
32992.06408691406
32784.12365722656
32546.16064453125
32312.002319335938
32113.179931640625
31910.279418945312
31707.865966796875
31500.006469726562
31297.2275390625
31106.404052734375
30883.213623046875
30709.616821289062
30490.561889648438
30283.241821289062
30079.092895507812
29880.09765625
29679.041564941406
29474.559814453125
29288.830810546875
29087.890869140625
28896.69677734375
28719.655029296875
28527.933227539062
28348.498046875
28151.330932617188
27963.360595703125
27788.86572265625
27594.041748046875
27427.78271484375
27274.71142578125
27076.0380859375
26914.26123046875
26723.187255859375
26536.438598632812
26351.48095703125
26190.167358398438
26024.75439453125
25847.414306640625
25702.314575195312
25553.616455078125
25451.138427734375
25239.492919921875
25037.776000976562
24857.853149414062
24694.566040039062
24504.37127685547
24373.45428466797
24232.238891601562
24093.460815429688
23936.822509765625
23790.993774414062
23620.82177734375
23463.750427246094
23288.1171875
23145.89208984375
22988.20086669922
22846.802673339844
22716.731811523438
22592.91583251953
22458.2265625
22293.90264892578
22181.503173828125
22023.664306640625
21878.77374267578
21742.518310546875
21609.609741210938
21500.686462402344
21387.310485839844
21261.71728515625
21112.724365234375
20964.331481933594
20840.83917236328
20728.00653076172
20622.42950439453
20507.091064453125
20391.519958496094
20268.798217773438
20127.92547607422
19984.72430419922
19869.626098632812
19747.564086914062
19600.63800048828
19500.621643066406
19422.197021484375
19316.672485351562
19207.583740234375
19106.767639160156
19017.00018310547
18943.863830566406
18784.209594726562
18677.592529296875
18569.132202148438
18413.456115722656
18310.20916748047
18188.98956298828
18075.712890625
17976.145141601562
17894.788818359375
17805.328491210938
17692.55419921875
17581.908203125
17469.62091064453
17353.936096191406
