cost:	
1170998.4453125
792641.1484375
498734.3359375
372757.30078125
325930.3115234375
299742.982421875
271318.515625
250491.869140625
231720.26171875
217707.138671875
205191.310546875
192997.548828125
183999.3134765625
175958.3212890625
169124.07568359375
163148.8232421875
157340.3701171875
152573.21923828125
148484.0400390625
145107.55029296875
140469.64111328125
136875.64208984375
134208.7958984375
131117.48681640625
128543.27685546875
125877.56689453125
123329.142578125
121189.91845703125
119123.6435546875
117243.15185546875
115450.8271484375
113767.9296875
112199.31396484375
110745.18212890625
109359.49365234375
107882.1220703125
106671.916015625
105319.80444335938
104185.06884765625
102980.80615234375
101970.28125
100954.01123046875
99911.18701171875
98945.40087890625
97891.39794921875
96936.87939453125
96025.529296875
95172.38232421875
94341.75952148438
93539.33642578125
92744.52587890625
91948.2275390625
91251.80688476562
90493.0048828125
89775.97314453125
89074.65478515625
88412.234375
87735.296875
87115.78125
86511.36889648438
85903.74047851562
85252.30541992188
84700.81958007812
84081.94311523438
83553.2666015625
83009.87646484375
82523.33618164062
81972.49072265625
81442.69140625
80944.1142578125
80440.41748046875
80016.20654296875
79566.27221679688
79102.73828125
78641.7607421875
78251.34033203125
77789.07080078125
77429.34594726562
76949.62890625
76537.16064453125
76227.79150390625
75840.09692382812
75408.30615234375
75045.38745117188
74642.5322265625
74298.68798828125
73914.32788085938
73571.09497070312
73279.37890625
72976.42504882812
72600.52758789062
72256.23071289062
71940.74047851562
71674.27783203125
71363.54296875
71038.9638671875
70746.23974609375
70426.90551757812
70160.57641601562
69890.68237304688
69625.328125
69354.6845703125
69089.60107421875
68857.8291015625
68641.98559570312
68421.00024414062
68174.45361328125
67931.02221679688
67710.84814453125
67475.24145507812
67266.66259765625
67036.23291015625
66819.63842773438
66601.32202148438
66406.10864257812
66192.28564453125
66000.56274414062
65827.80322265625
65618.27807617188
65426.233154296875
65258.650390625
65068.950927734375
64868.707275390625
64705.07470703125
64519.67138671875
64361.60107421875
64242.587158203125
64060.385986328125
63903.201171875
63840.06591796875
63723.231201171875
63547.462646484375
63428.477783203125
63227.70166015625
63030.856201171875
62969.34716796875
63079.524658203125
62991.886474609375
62954.054931640625
62683.102294921875
62486.634033203125
62086.23205566406
61985.26025390625
61861.615478515625
61598.810302734375
61539.66357421875
61446.80859375
61289.325439453125
61152.1865234375
61049.570068359375
60880.676025390625
60780.249755859375
60658.393310546875
60524.270751953125
60398.47705078125
60295.966796875
60182.049560546875
60105.04541015625
60091.6708984375
60054.71435546875
60025.24365234375
59960.735595703125
59849.503173828125
59952.195556640625
59950.86083984375
59767.01171875
59842.669189453125
60280.34912109375
60598.866943359375
61096.390625
61627.875732421875
62072.401611328125
63798.625
62811.702392578125
66064.40063476562
62172.017578125
60850.746337890625
61374.5302734375
61117.07275390625
59443.90380859375
58906.416748046875
58458.72900390625
58206.33837890625
58062.955322265625
57989.993896484375
57899.156494140625
57831.5537109375
57779.261962890625
57712.21484375
57641.489501953125
57580.228271484375
57516.32763671875
57463.545654296875
57388.385498046875
57326.440185546875
57277.571533203125
57226.471923828125
57159.44482421875
57094.02734375
57047.472412109375
56979.99755859375
56941.07080078125
56883.629150390625
56824.261962890625
56778.712890625
56730.42431640625
56664.48193359375
56620.927734375
56567.421875
56519.961181640625
56461.42578125
56423.799560546875
56371.625
56325.060546875
56267.721435546875
56230.123291015625
56179.298095703125
56119.040771484375
56076.509521484375
56031.4384765625
55983.7421875
55947.21142578125
55880.68017578125
55832.20361328125
55787.638427734375
55747.9345703125
55699.718017578125
55664.008056640625
55641.47509765625
55594.611083984375
55541.90283203125
55488.359130859375
55446.74890136719
55406.894287109375
55362.32373046875
55314.380859375
55257.5
55216.6328125
55174.927490234375
55149.045654296875
55106.1318359375
55067.48583984375
55037.81591796875
55093.863037109375
55191.199462890625
55417.85595703125
55330.59814453125
55390.83203125
55084.086181640625
54923.48291015625
54778.563720703125
54675.7099609375
54626.040283203125
54574.00439453125
54541.123046875
54488.533447265625
54467.341552734375
54423.576171875
54385.7880859375
54359.941162109375
54315.1416015625
54288.1865234375
54243.686279296875
54205.630126953125
54163.998779296875
54133.05163574219
54114.844482421875
54075.19970703125
54056.673583984375
54015.753662109375
53988.965087890625
53991.455810546875
54107.37109375
54207.353271484375
54124.970458984375
54068.7900390625
54089.5048828125
54003.876220703125
54066.180908203125
54095.836669921875
53974.739501953125
54023.890869140625
53883.24108886719
53774.500732421875
53747.981689453125
53792.16357421875
53875.88525390625
54132.165283203125
55054.789306640625
55009.00280761719
54359.2177734375
54381.859619140625
55016.48095703125
54519.631591796875
54320.81640625
54142.845458984375
54300.4892578125
54106.874755859375
53787.296630859375
53466.3544921875
53415.434326171875
53317.68701171875
53209.4833984375
53237.726318359375
53350.654541015625
53233.53662109375
53184.40087890625
53106.73583984375
53206.514404296875
52951.53662109375
52936.891845703125
52889.90185546875
52810.442138671875
52767.40368652344
52742.013427734375
52705.25244140625
52675.180419921875
52657.84033203125
52639.44921875
52623.771728515625
52598.2451171875
52586.39794921875
52555.60791015625
52530.26171875
52560.647705078125
52559.57373046875
52547.235595703125
52525.34326171875
52527.193115234375
52465.232421875
52387.46826171875
52357.34765625
52364.27587890625
52332.54541015625
52291.23583984375
52299.680419921875
52356.148681640625
52367.623291015625
52355.78845214844
52344.855224609375
52315.894775390625
52255.22326660156
52169.62841796875
52121.420166015625
52094.9765625
52071.489501953125
52078.248291015625
52071.26708984375
52040.3095703125
52037.041748046875
51986.385986328125
51959.990966796875
51958.138427734375
51948.23388671875
51906.981201171875
51865.229736328125
51827.681396484375
51797.7255859375
51798.17529296875
51766.880615234375
51725.802978515625
51721.843017578125
51704.412353515625
51711.703369140625
51682.43017578125
51657.3740234375
51657.68994140625
51629.320556640625
51613.690673828125
51608.004150390625
51585.3154296875
51552.971435546875
51612.5576171875
51738.760498046875
51634.08288574219
51568.0947265625
51528.82568359375
51533.802001953125
51685.031982421875
51902.104248046875
52522.642822265625
52934.10205078125
53384.9912109375
54010.75146484375
53813.48291015625
52966.9658203125
53017.06921386719
53042.650390625
52885.21337890625
52452.782958984375
52151.379638671875
52043.62744140625
52140.181640625
51694.0458984375
51520.211181640625
51334.210693359375
51212.6533203125
51210.242919921875
51208.38232421875
51218.83447265625
