cost:	
1230677.9140625
1218083.09765625
1205780.515625
1193126.98828125
1179969.546875
1165676.44140625
1151381.51171875
1137643.3671875
1124431.5859375
1111758.4453125
1099252.1796875
1086985.25
1075250.10546875
1063651.21875
1052121.33203125
1040941.05078125
1029810.23828125
1018713.89453125
1008012.28125
997370.25390625
986841.0390625
976442.265625
966084.5625
956051.72265625
945780.37890625
935913.82421875
926105.69140625
916431.734375
906609.734375
897127.4765625
887683.90625
878322.34375
869049.58984375
859957.54296875
850723.1328125
841837.875
832994.8984375
824229.64453125
815339.84765625
806841.5625
798330.67578125
789655.6328125
781300.1640625
773102.5390625
764770.765625
756804.82421875
748607.8125
740612.87890625
732723.01953125
724834.3203125
717277.240234375
709863.56640625
702588.126953125
695353.533203125
688134.259765625
681098.7109375
674048.787109375
667009.318359375
660128.779296875
653229.533203125
646567.796875
639727.4140625
633099.15234375
626625.81640625
620030.265625
613501.255859375
607129.435546875
600815.55859375
594449.212890625
588312.06640625
582110.583984375
576035.302734375
569952.8515625
563982.853515625
557995.255859375
552206.1640625
546355.099609375
540602.146484375
534907.439453125
529247.07421875
523662.4375
518136.84765625
512623.26953125
507263.4453125
501855.662109375
496474.767578125
491321.884765625
486091.71875
480882.0
475827.65625
470707.3671875
465768.578125
460813.96875
455908.4296875
450947.529296875
446298.58984375
441438.248046875
436813.578125
432140.48828125
427506.32421875
423029.59375
418729.365234375
414489.74609375
410194.1787109375
405948.80078125
401800.30078125
397741.3818359375
393624.470703125
389579.279296875
385664.310546875
381672.21875
377749.791015625
373890.771484375
370064.673828125
366257.9169921875
362494.5322265625
358804.291015625
355156.607421875
351499.5859375
347923.96875
344312.44140625
340822.1474609375
337364.2666015625
333897.9130859375
330514.7978515625
327099.560546875
323826.7880859375
320513.919921875
317248.6845703125
314025.8984375
310842.509765625
307668.6474609375
304534.998046875
301449.783203125
298450.6630859375
295418.9609375
292455.958984375
289506.38671875
286552.744140625
283696.9521484375
280868.16796875
278032.94140625
275226.9541015625
272476.599609375
269789.1728515625
267120.0556640625
264441.09765625
261815.7197265625
259220.54296875
256677.2451171875
254170.4794921875
251780.052734375
249408.537109375
247057.0283203125
244745.2060546875
242430.310546875
240178.078125
237904.1484375
235747.8544921875
233542.521484375
231371.8427734375
229221.009765625
227107.896484375
225003.5048828125
222977.6689453125
220926.521484375
218933.71875
216938.8623046875
214956.8193359375
213028.875
211131.0244140625
209176.1962890625
207324.2822265625
205528.47119140625
203664.6171875
201850.0888671875
200098.27392578125
198344.26708984375
196582.3271484375
194884.732421875
193182.84765625
191528.3056640625
189873.49853515625
188253.02587890625
186655.0126953125
185066.00146484375
183505.1767578125
181951.4033203125
180432.7939453125
178944.466796875
177444.64404296875
175990.12646484375
174543.81689453125
173100.82421875
171713.19140625
170337.49560546875
168941.955078125
167617.99609375
166294.03076171875
164969.71923828125
163705.49267578125
162466.2109375
161281.53369140625
160061.29052734375
158901.8994140625
157742.1767578125
156605.1142578125
155466.46142578125
154352.2138671875
153255.630859375
152151.5048828125
151098.61328125
150050.1611328125
149001.84423828125
147974.34326171875
146972.64453125
145978.39501953125
144993.40380859375
144026.43017578125
143072.94287109375
142123.3037109375
141202.60546875
140287.166015625
139393.13037109375
138488.7880859375
137631.75244140625
136764.9375
135912.90185546875
135078.025390625
134261.76611328125
133432.76416015625
132647.205078125
131853.4765625
131082.57421875
130312.2763671875
129569.1298828125
128821.75146484375
128096.00341796875
127383.1865234375
126669.98046875
125975.2802734375
125286.150390625
124619.83837890625
123956.47802734375
123302.546875
122662.0146484375
122021.958984375
121405.9609375
120792.7509765625
120192.22509765625
119612.61279296875
119060.55859375
118502.32177734375
117955.2978515625
117425.03466796875
116901.66748046875
116380.56494140625
115878.1572265625
115380.78857421875
114883.14794921875
114400.2421875
113923.7763671875
113457.05908203125
112996.27026367188
112539.68359375
112100.06494140625
111656.896484375
111231.7890625
110796.369140625
110387.52734375
109983.84521484375
109573.60107421875
109183.21240234375
108793.2001953125
108413.88623046875
108031.2734375
107666.4970703125
107302.89501953125
106946.93994140625
106594.2802734375
106252.5166015625
105911.13671875
105575.57177734375
105251.9326171875
104922.17626953125
104609.458984375
104307.59130859375
103998.30737304688
103696.31420898438
103408.05908203125
103120.90771484375
102845.32934570312
102567.498046875
102293.73095703125
102024.26025390625
101765.537109375
101511.59521484375
101261.99462890625
101011.4501953125
100775.99072265625
100538.22998046875
100315.99658203125
100091.36474609375
99867.5400390625
99660.3701171875
99450.91870117188
99244.947265625
99044.556640625
98850.11474609375
98650.37548828125
98462.5498046875
98261.873046875
98080.97412109375
97894.5556640625
97718.88671875
97545.0107421875
97370.27392578125
97195.50390625
97024.580078125
96864.45483398438
96687.90771484375
96538.31640625
96382.79760742188
96238.08056640625
96078.89013671875
95945.83447265625
95796.3486328125
95655.91796875
95522.24658203125
95385.3115234375
95251.2431640625
95122.52685546875
94988.18090820312
94868.51806640625
94741.63647460938
94621.84423828125
94500.01635742188
94384.2109375
94247.60888671875
94136.82666015625
94029.5986328125
93921.78637695312
93818.8251953125
93721.41333007812
93628.19091796875
93537.67553710938
93435.66552734375
93336.7119140625
93245.59252929688
93154.4423828125
93067.87817382812
92986.322265625
92904.88403320312
92825.75146484375
92746.85302734375
92669.13818359375
92594.3408203125
92522.10009765625
92448.4033203125
92379.83056640625
92313.95532226562
92235.97290039062
92122.11450195312
92058.21044921875
91999.43359375
91948.24853515625
91880.419921875
91821.140625
91757.4384765625
91707.39428710938
91644.57397460938
91591.869140625
91537.71240234375
91486.482421875
91436.52392578125
91385.3369140625
91336.53271484375
91294.3330078125
91243.17431640625
91200.771484375
91152.37084960938
91105.13427734375
91060.154296875
91016.29296875
90973.3125
90927.35888671875
90880.12377929688
90835.30346679688
90806.20434570312
90750.73583984375
90700.83813476562
90636.14892578125
90595.34545898438
90556.63134765625
90508.296875
90477.37329101562
90440.16162109375
90469.19799804688
90410.00146484375
90373.29516601562
