cost:	
1981868.29296875
973419.1953125
945586.86328125
917157.3725585938
880345.1508789062
847474.033203125
814057.2978515625
782335.779296875
749973.201171875
721554.8920898438
692573.9697265625
666341.1474609375
639294.7153320312
613738.240234375
589980.4399414062
569414.9770507812
547617.3269042969
525997.9184570312
504625.2548828125
485196.58837890625
466859.4580078125
451408.771484375
435562.84521484375
424155.41552734375
412494.107421875
399357.001953125
388077.34912109375
375005.16650390625
366245.982421875
358729.4892578125
350142.21728515625
342314.11962890625
336664.36962890625
331562.64697265625
326178.6955566406
320761.2185058594
315433.11181640625
311416.529296875
309358.70703125
305867.9606933594
300508.6748046875
295515.60205078125
292015.611328125
289175.4052734375
286580.75146484375
284509.46142578125
285273.5478515625
285336.3322753906
281520.3984375
276600.27001953125
272455.28955078125
270546.4519042969
269625.8068847656
267978.1706542969
267074.75146484375
266947.18896484375
268227.1604003906
267068.2062988281
263976.8681640625
261691.69848632812
260324.99584960938
259784.86938476562
259822.50268554688
259426.40258789062
259326.9462890625
260128.03784179688
259760.91259765625
260080.24536132812
256987.7626953125
254762.2578125
253060.56787109375
253711.06372070312
254920.93798828125
255431.97485351562
256852.09912109375
255286.70092773438
253423.22314453125
252807.3056640625
250558.05029296875
249369.85961914062
247884.50537109375
247294.40942382812
248717.25170898438
248691.22998046875
251240.1064453125
250720.82470703125
252864.13525390625
251115.77587890625
247255.865234375
246193.134765625
246074.63012695312
245946.75439453125
245484.51611328125
245451.9521484375
246625.2998046875
248115.97729492188
247806.98388671875
245549.20458984375
245255.166015625
244016.30493164062
242119.28198242188
240494.41381835938
239142.51977539062
239324.73803710938
239902.07470703125
240292.94384765625
241122.36572265625
240503.7666015625
240858.59423828125
241419.20678710938
241372.66040039062
240989.60791015625
240797.49169921875
240710.4775390625
240713.18676757812
240188.59497070312
242324.79663085938
241530.14306640625
240727.28515625
240049.11596679688
239472.32495117188
238497.73754882812
238962.78125
239418.98364257812
239931.513671875
240039.42016601562
239742.197265625
238343.78491210938
238324.8486328125
239270.33154296875
239256.2958984375
237095.18188476562
236045.40747070312
235941.29736328125
237087.25170898438
237054.68530273438
237232.26928710938
238652.4580078125
239012.13940429688
239018.6044921875
237145.00024414062
236005.58666992188
235414.25219726562
235271.87817382812
235113.27856445312
235532.43286132812
235571.318359375
235663.11840820312
236055.22924804688
237131.12670898438
236401.06079101562
236299.99267578125
234846.13525390625
234517.48657226562
233940.10229492188
233187.8076171875
233044.18212890625
234210.93505859375
234292.0322265625
234468.3671875
233015.55639648438
231883.71166992188
231365.39111328125
231755.52099609375
232393.21435546875
233130.57080078125
233014.84423828125
232392.41967773438
233076.21044921875
233426.32592773438
232229.36083984375
232471.2607421875
233371.57080078125
233769.43701171875
232541.57421875
233781.31909179688
232744.43188476562
231992.916015625
231530.65576171875
231714.59765625
233617.32299804688
235199.97802734375
233614.27221679688
231884.70581054688
232726.48364257812
233790.7646484375
232921.16186523438
231785.08203125
232372.30395507812
231605.1279296875
231008.12866210938
230562.39990234375
230476.25122070312
230604.73388671875
230993.64721679688
231449.90795898438
231340.20141601562
230798.22387695312
230290.84423828125
230917.88916015625
230791.7373046875
230076.83032226562
229009.8330078125
228213.70166015625
227777.30517578125
228442.33471679688
229480.9326171875
230045.81005859375
229143.60424804688
229235.96948242188
228796.05419921875
228509.39477539062
229075.4296875
229392.541015625
228518.48876953125
228122.57446289062
228342.392578125
228584.88818359375
228503.095703125
228117.63354492188
228514.44018554688
228286.4326171875
228790.81127929688
230608.48291015625
231078.87890625
230191.5732421875
229166.18701171875
228477.27490234375
228199.76123046875
227572.46728515625
228767.83056640625
230803.60693359375
229688.62768554688
228971.01806640625
228271.23754882812
228509.1875
227318.33349609375
226882.95385742188
227261.0166015625
227978.45678710938
228574.9990234375
228674.49169921875
228233.30834960938
227798.23999023438
228507.66162109375
227817.3701171875
227732.359375
227682.85131835938
228271.99926757812
227920.39624023438
228481.11596679688
226693.47290039062
226424.4521484375
227491.60107421875
227650.20874023438
226314.51879882812
225250.748046875
224615.65698242188
223796.609375
224243.30615234375
225000.8017578125
225751.05908203125
225295.40991210938
225564.46215820312
225501.61083984375
224800.67114257812
224627.18579101562
224832.13818359375
225922.24609375
226290.646484375
226021.61254882812
225846.32202148438
225572.6142578125
226321.14721679688
227457.7158203125
226830.5244140625
226112.06811523438
225421.80517578125
225078.02319335938
225554.70532226562
226015.47827148438
225612.50317382812
224865.42944335938
225770.64477539062
226056.06787109375
226414.1171875
226414.58984375
225546.77124023438
224933.67822265625
225274.56958007812
226828.93774414062
226323.91357421875
224555.92333984375
223992.22680664062
224209.36791992188
224402.916015625
224236.01977539062
224205.76831054688
224511.849609375
225049.81909179688
223804.25341796875
224108.44213867188
224650.09106445312
224597.82153320312
223779.54028320312
222309.37060546875
221612.7607421875
222052.6689453125
222836.08911132812
222510.76293945312
222328.39916992188
222042.68676757812
222568.1953125
222740.88037109375
223328.1064453125
223985.22216796875
224590.88818359375
224120.4208984375
223755.48828125
222880.10546875
223358.71508789062
222711.22802734375
222359.86987304688
222033.46875
222116.12036132812
222311.09521484375
222287.80786132812
223521.10864257812
223868.5595703125
223543.87426757812
223686.39965820312
225032.11254882812
223292.7001953125
222790.08666992188
221954.84204101562
221678.41918945312
222522.2138671875
222872.39282226562
222458.72778320312
222654.6083984375
222567.01318359375
222427.99633789062
222802.7958984375
223676.97827148438
224308.8837890625
223801.20971679688
223680.04150390625
224145.25073242188
224501.42700195312
224451.57836914062
222398.73950195312
220801.0537109375
219609.17749023438
219326.87890625
219074.32006835938
219231.45751953125
220722.8955078125
220881.52954101562
221683.57666015625
222773.37060546875
221308.34912109375
220933.7333984375
220983.93115234375
220454.27124023438
220200.24487304688
219976.69897460938
220116.8583984375
220687.41162109375
222168.38818359375
222199.787109375
222061.234375
221046.73950195312
220845.37182617188
220371.04516601562
220374.5908203125
221465.3359375
221865.68041992188
221422.0205078125
220562.376953125
220215.52392578125
220404.5576171875
220299.91650390625
220269.03735351562
219887.03564453125
220305.19262695312
220241.103515625
220168.427734375
221089.384765625
221366.4931640625
221059.31958007812
221108.87060546875
221090.45825195312
221228.2021484375
220832.302734375
219975.13305664062
219688.900390625
219515.24243164062
220175.36083984375
221637.19946289062
221602.2197265625
