cost:	
1230185.6171875
1217712.52734375
1205467.67578125
1192924.0625
1180506.78515625
1168005.08203125
1155647.86328125
1143516.1875
1131492.1953125
1119664.15234375
1107815.10546875
1096075.70703125
1084753.69140625
1073490.03515625
1062222.53125
1051224.55078125
1040227.48046875
1029235.04296875
1018615.25
1008045.52734375
997581.04296875
987232.265625
976921.875
966925.994140625
956692.96484375
946852.39453125
937064.765625
927409.109375
917601.70703125
908129.17578125
898690.22265625
889331.59765625
880057.28515625
870960.4453125
861719.50390625
852823.5859375
843968.169921875
835187.33203125
826280.55859375
817762.06640625
809229.90234375
800531.03125
792150.00390625
783925.83984375
775564.84765625
767568.623046875
759340.09375
751311.609375
743387.31640625
735462.765625
727869.380859375
720419.07421875
713106.064453125
705833.12890625
698573.990234375
691498.328125
684407.12109375
677325.55078125
670401.857421875
663458.853515625
656753.7734375
649867.40234375
643193.7265625
636674.783203125
630032.1640625
623455.458984375
617035.849609375
610673.6875
604257.751953125
598072.13671875
591820.513671875
585695.0859375
579561.486328125
573541.0546875
567501.36328125
561661.17578125
555757.44140625
549952.72265625
544204.837890625
538491.62109375
532853.623046875
527274.8515625
521706.982421875
516293.580078125
510831.845703125
505395.537109375
500189.376953125
494903.958984375
489638.54296875
484530.201171875
479353.431640625
474360.58203125
469349.984375
464388.896484375
459370.986328125
454667.716796875
449750.185546875
445070.865234375
440341.3046875
435650.607421875
431118.380859375
426764.94921875
422471.826171875
418121.4775390625
413821.376953125
409618.43359375
405507.0576171875
401335.17578125
397235.40234375
393267.3447265625
389220.81640625
385243.5625
381330.8017578125
377450.958984375
373590.0458984375
369772.19140625
366028.013671875
362326.9443359375
358615.794921875
354987.0869140625
351320.216796875
347777.19921875
344265.5517578125
340745.5283203125
337309.265625
333840.0634765625
330514.9423828125
327148.607421875
323829.923828125
320554.3642578125
317318.34765625
314091.177734375
310903.9794921875
307766.75390625
304716.1953125
301631.7529296875
298616.77734375
295615.2216796875
292608.5087890625
289701.3779296875
286821.916015625
283934.43359375
281076.568359375
278274.9169921875
275536.8515625
272817.732421875
270086.732421875
267411.228515625
264765.236328125
262172.4677734375
259615.875
257177.697265625
254758.564453125
252359.0673828125
250000.2099609375
247637.6259765625
245338.232421875
243016.841796875
240814.8837890625
238562.978515625
236345.6826171875
234147.703125
231988.7333984375
229838.1650390625
227767.3154296875
225670.2255859375
223632.6884765625
221592.7734375
219564.541015625
217592.607421875
215650.830078125
213649.650390625
211754.216796875
209915.5732421875
208006.88671875
206148.4609375
204354.0126953125
202556.84228515625
200750.88671875
199011.5048828125
197266.5810546875
195569.86328125
193872.8759765625
192210.81591796875
190570.69921875
188940.3583984375
187338.3203125
185743.20556640625
184183.8447265625
182655.4423828125
181114.642578125
179620.29833984375
178133.78466796875
176650.76806640625
175224.22802734375
173809.23583984375
172374.0859375
171011.9892578125
169649.7041015625
168286.396484375
166985.37451171875
165709.14453125
164489.06591796875
163232.19921875
162037.470703125
160842.29052734375
159670.33837890625
158496.25341796875
157347.2548828125
156216.53466796875
155076.89892578125
153990.17041015625
152908.2841796875
151826.45849609375
150764.6494140625
149730.328125
148703.310546875
147684.85693359375
146685.673828125
145700.16455078125
144717.6328125
143765.462890625
142818.53857421875
141893.0947265625
140956.87060546875
140069.6982421875
139171.6083984375
138289.13720703125
137424.1318359375
136577.62353515625
135718.83447265625
134903.98486328125
134080.3837890625
133280.73388671875
132481.25341796875
131709.7578125
130933.4755859375
130179.8896484375
129439.09326171875
128698.17578125
127975.798828125
127259.3505859375
126566.330078125
125875.76611328125
125195.4638671875
124528.6748046875
123862.07373046875
123220.20703125
122581.54296875
121955.68505859375
121351.51611328125
120775.59814453125
120193.30078125
119622.5625
119069.03662109375
118522.6103515625
117978.59423828125
117453.44140625
116933.67822265625
116413.6181640625
115908.70751953125
115410.23388671875
114921.67431640625
114439.888671875
113961.56884765625
113501.21728515625
113036.97119140625
112591.27001953125
112135.14599609375
111706.4384765625
111282.5986328125
110852.16259765625
110442.47119140625
110032.98974609375
109634.06787109375
109231.82958984375
108848.33056640625
108464.92041015625
108088.171875
107712.94384765625
107350.97412109375
106991.36669921875
106640.0126953125
106303.935546875
105959.35009765625
105631.453125
105312.60302734375
104986.77685546875
104668.39721679688
104363.92822265625
104060.8994140625
103769.64184570312
103475.74682617188
103186.1025390625
102901.1533203125
102626.63525390625
102355.6005859375
102085.27001953125
101815.06298828125
101569.3447265625
101313.94873046875
101078.099609375
100843.765625
100610.3681640625
100391.7529296875
100171.42822265625
99953.34765625
99740.7666015625
99532.72021484375
99321.388671875
99123.6708984375
98917.4296875
98728.26416015625
98533.4169921875
98350.091796875
98167.54516601562
97986.48291015625
97808.9677734375
97637.658203125
97467.7587890625
97289.37744140625
97132.3583984375
96968.64868164062
96815.1298828125
96643.52880859375
96498.951171875
96341.03295898438
96189.4736328125
96044.673828125
95880.6103515625
95735.9599609375
95596.81396484375
95453.84350585938
95329.61865234375
95195.5888671875
95068.97607421875
94944.33349609375
94825.6220703125
94709.0380859375
94590.96630859375
94477.93115234375
94361.37841796875
94245.77197265625
94140.58618164062
94034.181640625
93931.17822265625
93830.306640625
93726.95849609375
93628.11791992188
93529.80810546875
93429.89697265625
93338.79248046875
93246.3515625
93163.98071289062
93079.12939453125
92998.23583984375
92917.04541015625
92839.07568359375
92760.10717773438
92686.81396484375
92616.91137695312
92543.55541992188
92471.16674804688
92401.61962890625
92336.41455078125
92271.29663085938
92207.3896484375
92145.32421875
92082.00439453125
92021.21801757812
91952.3681640625
91852.5419921875
91774.75708007812
91714.39404296875
91655.349609375
91585.96923828125
91523.79052734375
91468.033203125
91409.103515625
91358.490234375
91303.25073242188
91249.44213867188
91198.44946289062
91136.96801757812
91115.66015625
91050.73706054688
91006.22631835938
90950.38916015625
90888.02075195312
90879.57470703125
90814.17456054688
90775.6708984375
90727.30444335938
90686.3876953125
90641.67333984375
90590.45043945312
90501.939453125
90469.95166015625
90417.9814453125
90583.61083984375
