cost:	
1230488.6484375
1217712.25
1205482.078125
1192707.6875
1179738.5390625
1166608.52734375
1153459.6171875
1139899.16015625
1125712.69921875
1109561.140625
1093113.296875
1077034.90625
1062352.84765625
1048016.66796875
1034595.2265625
1021586.86328125
1009136.8125
996913.09375
985206.36328125
973576.20703125
962247.82421875
951180.37109375
940244.83984375
929418.77734375
918808.5234375
908320.92578125
897999.97265625
887635.6640625
877492.2578125
867408.26953125
857575.56640625
847877.796875
838156.404296875
828736.62109375
819549.47265625
810216.125
801075.6875
792115.70703125
783268.625
774419.91015625
765777.19140625
757331.7421875
748745.23046875
740347.44921875
732155.0234375
723973.78515625
715812.3671875
707845.02734375
699901.9296875
692092.638671875
684569.154296875
677195.61328125
669914.359375
662710.51171875
655531.99609375
648572.0859375
641527.68359375
634742.078125
627888.828125
621107.7578125
614446.419921875
607843.3046875
601197.40234375
594815.74609375
588375.4765625
582024.99609375
575751.4765625
569523.755859375
563408.166015625
557311.4765625
551238.912109375
545291.517578125
539405.9140625
533639.28515625
527829.5078125
522082.892578125
516424.267578125
510842.416015625
505251.6015625
499828.16015625
494375.462890625
489009.18359375
483765.34375
478401.166015625
473340.599609375
468127.19921875
462984.27734375
457991.173828125
453088.98046875
448071.37109375
443273.259765625
438390.0751953125
433639.841796875
428894.30859375
424297.234375
419642.064453125
415120.67578125
410524.15625
406148.59765625
401695.591796875
397401.0146484375
393260.22265625
389157.349609375
385118.599609375
381081.927734375
377100.7822265625
373155.224609375
369287.611328125
365445.1279296875
361703.896484375
357836.74609375
354128.103515625
350462.318359375
346843.29296875
343226.45703125
339653.16796875
336134.04296875
332650.2685546875
329206.7314453125
325799.0048828125
322443.126953125
319103.318359375
315779.3828125
312561.83984375
309361.5751953125
306100.01953125
303002.19140625
299923.455078125
296797.5693359375
293786.5576171875
290730.79296875
287804.546875
284878.6572265625
281976.7958984375
279138.2998046875
276224.4521484375
273467.6884765625
270702.0869140625
267964.8544921875
265274.2294921875
262614.984375
259971.34375
257370.4921875
254768.8173828125
252251.744140625
249743.759765625
247267.6533203125
244818.72265625
242396.0810546875
240032.216796875
237677.091796875
235441.2822265625
233247.83984375
231091.578125
228900.3701171875
226757.548828125
224696.4365234375
222584.640625
220532.9609375
218523.2734375
216514.07421875
214522.4013671875
212565.0634765625
210628.30078125
208757.078125
206856.9677734375
204993.01171875
203149.50390625
201359.70068359375
199579.4306640625
197787.8720703125
196054.6630859375
194340.81640625
192627.7333984375
190972.2646484375
189311.154296875
187690.7802734375
186057.474609375
184473.48828125
182922.5419921875
181362.2451171875
179830.94384765625
178320.9111328125
176861.81298828125
175381.29638671875
173918.884765625
172523.43603515625
171104.8232421875
169719.27880859375
168333.8505859375
167004.359375
165660.6767578125
164378.74169921875
163057.47412109375
161803.5029296875
160529.14453125
159298.15234375
158103.3896484375
156856.689453125
155681.52001953125
154536.82861328125
153431.05126953125
152349.646484375
151254.75341796875
150210.6259765625
149161.66552734375
148134.0634765625
147110.68408203125
146118.767578125
145130.1630859375
144140.6015625
143194.99853515625
142246.0576171875
141316.37890625
140401.69873046875
139493.173828125
138592.37060546875
137726.50830078125
136854.8779296875
135988.7626953125
135158.76025390625
134343.978515625
133516.244140625
132722.138671875
131929.84912109375
131150.810546875
130382.18994140625
129619.72314453125
128893.4580078125
128158.92919921875
127440.1826171875
126732.81494140625
126039.630859375
125339.4267578125
124675.58447265625
124005.47998046875
123343.62646484375
122723.3251953125
122067.56787109375
121446.52490234375
120836.6513671875
120231.73193359375
119635.84521484375
119053.8974609375
118477.2255859375
117913.47900390625
117357.46630859375
116820.5849609375
116273.2724609375
115741.39794921875
115236.5263671875
114741.205078125
114263.95141601562
113786.2265625
113328.08544921875
112859.76806640625
112406.68432617188
111977.82177734375
111525.49169921875
111104.90454101562
110672.4638671875
110253.7666015625
109846.1650390625
109455.39208984375
109060.28271484375
108671.2744140625
108291.1201171875
107908.875
107545.7646484375
107177.22412109375
106820.40185546875
106474.71044921875
106122.55517578125
105784.94604492188
105447.91552734375
105122.41845703125
104800.7783203125
104489.609375
104173.10546875
103870.0849609375
103572.701171875
103276.1552734375
102999.8798828125
102702.6142578125
102432.77099609375
102165.76025390625
101900.41162109375
101637.93310546875
101380.0966796875
101130.8984375
100880.3525390625
100637.10693359375
100400.380859375
100163.9658203125
99935.8935546875
99704.96875
99480.0830078125
99269.16064453125
99061.61791992188
98848.37890625
98652.74853515625
98454.294921875
98270.4814453125
98076.85888671875
97898.9169921875
97725.7724609375
97551.24755859375
97372.84814453125
97210.7412109375
97046.326171875
96886.18359375
96725.08618164062
96571.14404296875
96417.4033203125
96270.3623046875
96121.63671875
95984.478515625
95843.9462890625
95696.26220703125
95566.833984375
95438.14990234375
95307.1455078125
95173.453125
95054.958984375
94932.78735351562
94813.603515625
94694.78759765625
94580.0947265625
94417.7724609375
94317.61401367188
94198.52294921875
94104.0078125
93979.3603515625
93968.80126953125
93779.974609375
93679.04248046875
93577.9501953125
93489.77856445312
93393.2353515625
93321.43798828125
93212.13598632812
93119.7314453125
93024.2041015625
92920.16772460938
92779.29296875
92663.3837890625
92596.58129882812
92504.01806640625
92421.29125976562
92357.14624023438
92274.54443359375
92188.2265625
92145.421875
92064.10278320312
92002.271484375
91937.06591796875
91864.2802734375
91801.55859375
91742.109375
91681.10766601562
91623.17993164062
91569.82373046875
91539.18359375
91476.01171875
91411.21728515625
91367.7490234375
91310.40307617188
91256.10595703125
91186.40087890625
91127.14233398438
91079.36865234375
91032.7138671875
90983.2216796875
90946.2275390625
90894.51440429688
90852.65234375
90810.64013671875
90783.1875
90739.8505859375
90700.0263671875
90661.59326171875
90622.6552734375
90582.15698242188
90553.69555664062
90515.423828125
90487.419921875
90448.32568359375
90417.06005859375
90390.13427734375
90355.47802734375
90325.61279296875
90294.85302734375
90264.19677734375
90237.79541015625
90208.1123046875
90177.3134765625
90138.89208984375
90109.76708984375
90080.74755859375
90052.63232421875
