cost:	
1235792.671875
1235764.0078125
1235744.7109375
1235730.62109375
1235719.39453125
1235708.8125
1235698.50390625
1235688.2421875
1235678.0078125
1235667.796875
1235657.65234375
1235647.41796875
1235637.20703125
1235626.84375
1235616.51171875
1235605.8359375
1235595.2109375
1235584.5
1235573.44921875
1235562.33203125
1235551.05859375
1235539.62109375
1235528.01953125
1235516.2109375
1235504.234375
1235492.125
1235479.8125
1235467.23046875
1235454.3671875
1235441.55859375
1235428.48046875
1235415.00390625
1235401.55078125
1235387.85546875
1235373.82421875
1235359.7578125
1235345.1328125
1235330.75
1235316.08984375
1235300.875
1235285.74609375
1235270.3203125
1235254.765625
1235238.9765625
1235222.87109375
1235206.6953125
1235190.23828125
1235173.8359375
1235156.90234375
1235139.87890625
