cost:	
619059.5971679688
161001.04541015625
112673.84619140625
99920.24609375
93302.44580078125
91207.708984375
89273.68701171875
87909.78466796875
86472.00415039062
85101.59936523438
83700.208984375
82113.96899414062
80284.2509765625
78570.37768554688
76730.53662109375
74880.41430664062
72879.09497070312
70965.08764648438
69036.853515625
67233.33569335938
65431.54931640625
63637.01513671875
62005.86376953125
60118.765869140625
58581.144775390625
56822.741455078125
55307.754638671875
53633.8251953125
52034.437744140625
50377.1259765625
48874.291015625
47286.10290527344
45778.250732421875
44204.950439453125
42711.5830078125
41308.58508300781
39762.11083984375
38334.399169921875
36931.46740722656
35485.1337890625
34103.79650878906
32734.0322265625
31456.33251953125
30160.696044921875
28967.111572265625
27745.781005859375
26628.76171875
25528.793334960938
24405.171020507812
23320.8095703125
22314.136962890625
21336.146118164062
20486.459106445312
19569.531372070312
18735.78045654297
17906.357360839844
17113.028869628906
16360.270385742188
15654.058471679688
14973.078674316406
14281.029479980469
13654.840148925781
13028.735290527344
12458.48129272461
11891.530700683594
11404.432739257812
10861.696350097656
10385.885986328125
9904.938415527344
9458.331512451172
9036.685943603516
8622.491394042969
8220.334014892578
7858.8671875
7489.592254638672
7152.292816162109
6839.346649169922
6518.085235595703
6216.005798339844
5936.785400390625
5663.121139526367
5401.673156738281
5175.287536621094
4937.103332519531
4713.98454284668
4508.560455322266
4303.85270690918
4115.805404663086
3927.674102783203
3754.6668853759766
3598.2168579101562
3432.903045654297
3271.3381958007812
3115.846725463867
2979.537368774414
2862.689697265625
2725.6668395996094
2599.5942459106445
2483.1840286254883
2375.408088684082
2276.0031356811523
2174.004981994629
2080.9972381591797
1998.988182067871
1899.0959548950195
1830.5068664550781
1750.363136291504
1682.504783630371
1606.6471328735352
1557.6480026245117
1479.5120697021484
1421.5168075561523
1359.0865325927734
1300.3418350219727
1244.3465614318848
1195.2453308105469
1145.2290344238281
1096.662712097168
1048.7571144104004
1008.3385543823242
972.708984375
940.5919303894043
895.7784461975098
856.0501594543457
825.3855819702148
809.3387603759766
759.7508201599121
736.0153350830078
705.2348499298096
684.4382705688477
660.3124809265137
635.5612297058105
616.7767066955566
584.8521003723145
566.7634315490723
549.8548965454102
530.6115303039551
513.787467956543
504.3770503997803
500.9920463562012
495.5848731994629
457.6153678894043
444.4888381958008
412.62693786621094
406.67500495910645
382.40625
389.050724029541
369.07275581359863
354.0447359085083
343.092981338501
322.3226890563965
316.51302337646484
301.60769271850586
300.33436584472656
295.8862009048462
281.6267147064209
272.2620153427124
279.27296924591064
265.0817747116089
257.79761505126953
251.06696701049805
240.31564044952393
224.21332454681396
218.20703220367432
212.91809844970703
202.8185272216797
196.46133041381836
195.64324283599854
193.46832466125488
190.65396308898926
193.26824474334717
192.1229486465454
195.69672775268555
191.44500732421875
191.9608645439148
174.3944969177246
170.23859310150146
162.35052824020386
163.75951671600342
164.81245708465576
159.7477674484253
172.07003116607666
171.7412347793579
188.96467304229736
202.2448616027832
196.9647912979126
183.23593139648438
175.54378986358643
186.0039358139038
172.75829124450684
164.0256004333496
157.73850965499878
148.93639135360718
137.52351093292236
138.8918433189392
139.02197551727295
134.38350200653076
138.63224411010742
136.4186725616455
138.0591278076172
133.80447435379028
124.80364942550659
123.14980888366699
123.51495170593262
120.2209882736206
115.53851795196533
119.23214054107666
111.17398357391357
105.32991981506348
111.56789684295654
111.3162956237793
122.91371726989746
131.2503480911255
123.50514507293701
113.32285118103027
113.89074420928955
118.06336975097656
114.04446220397949
113.06161975860596
112.60494709014893
109.83633995056152
126.79223680496216
131.54145574569702
123.63761234283447
107.01931095123291
111.89543962478638
109.26935386657715
123.05173301696777
118.33827304840088
144.8996343612671
145.9234676361084
155.21740627288818
140.68946743011475
122.82434463500977
137.1522617340088
133.83570384979248
134.26282405853271
149.87467670440674
141.08403491973877
138.21030521392822
125.27755928039551
144.08696937561035
167.06834411621094
177.5884313583374
219.78208827972412
266.6557960510254
310.1692581176758
333.06941986083984
310.8864507675171
326.6694221496582
299.5366668701172
267.4277153015137
223.39368629455566
186.74885034561157
165.74396800994873
134.94507598876953
142.8118782043457
131.33565711975098
136.64991426467896
96.49947547912598
99.86078023910522
100.79444074630737
91.45542430877686
86.03612041473389
86.79084777832031
87.98735046386719
83.52615737915039
81.50939917564392
72.4282693862915
74.80713510513306
67.53052616119385
67.38084125518799
66.08405065536499
69.34689569473267
65.81364059448242
63.50076866149902
62.858787059783936
64.68335199356079
70.1938943862915
81.67765522003174
93.1500391960144
86.29424333572388
90.95186805725098
106.66105508804321
98.35838603973389
103.71750354766846
111.05352067947388
136.85408449172974
156.5419840812683
176.28115844726562
183.43359661102295
182.44501399993896
190.81040382385254
176.52423667907715
167.98593139648438
170.33387088775635
151.85754776000977
157.8730697631836
151.24679851531982
152.0378885269165
170.47992658615112
168.5697021484375
174.4249668121338
201.02455520629883
191.1491231918335
192.0318546295166
203.21273612976074
179.54587841033936
149.12324905395508
155.5715732574463
152.83625030517578
164.99826908111572
172.61436080932617
175.2518606185913
190.55050468444824
198.82455444335938
201.4588851928711
167.02892971038818
164.79988813400269
176.2314567565918
176.36217594146729
175.39528942108154
171.29436826705933
159.70284605026245
152.41845035552979
161.28844928741455
203.85012435913086
234.2874240875244
230.4696807861328
194.21910285949707
159.95552730560303
137.9062557220459
125.21058464050293
120.211181640625
110.86186695098877
117.22333860397339
102.11845016479492
119.63286447525024
108.63511276245117
118.75885963439941
106.95278024673462
103.92511940002441
96.47019672393799
98.84922885894775
94.22443008422852
96.11632585525513
106.3741455078125
97.00675439834595
96.08421850204468
95.36088418960571
97.12092399597168
94.70217657089233
94.75385856628418
102.23775863647461
99.72379446029663
94.67555570602417
93.51049947738647
95.0068507194519
91.93083620071411
93.65084075927734
104.77367925643921
112.31202507019043
124.51216650009155
131.19771003723145
125.19510507583618
153.4159860610962
175.6692419052124
162.9271125793457
175.29203987121582
184.40627098083496
180.0729103088379
187.91847610473633
166.23144721984863
148.37593841552734
157.0920114517212
149.10516738891602
156.59805965423584
147.2309055328369
137.51683902740479
135.36293983459473
140.67274236679077
139.31017589569092
146.86587858200073
138.93938446044922
136.96972942352295
129.14382648468018
151.2396559715271
151.73714971542358
147.37731838226318
143.3299503326416
137.5783772468567
149.7461643218994
147.77622890472412
120.82095241546631
122.79580068588257
125.90558004379272
106.82622289657593
104.61108446121216
103.44917392730713
109.78428030014038
