cost:	
1197775.7578125
1080522.46484375
956819.6015625
847076.3125
745625.87890625
656268.416015625
578575.060546875
510016.16796875
449355.447265625
396055.763671875
350371.138671875
309820.47265625
275367.5029296875
245838.201171875
220195.24462890625
198302.71240234375
179823.916015625
164567.306640625
151272.43994140625
140154.89990234375
130899.35595703125
123472.4912109375
117163.80322265625
112037.44140625
107734.00634765625
104292.65966796875
101454.01928710938
99157.10595703125
97385.13500976562
95889.98095703125
94693.900390625
93740.5009765625
92982.86279296875
92393.85546875
91898.228515625
91526.42065429688
91223.56567382812
90973.09375
90781.72802734375
90631.13232421875
90508.7314453125
90417.24951171875
90327.02978515625
90265.76342773438
90214.32690429688
90178.33471679688
90131.46435546875
90098.0869140625
90068.318359375
90056.68286132812
90029.4873046875
90017.25805664062
89999.61083984375
89983.37109375
89971.43139648438
89963.544921875
89951.13916015625
89937.15893554688
89933.822265625
89919.90966796875
89913.7763671875
89901.03637695312
89896.57739257812
89890.99096679688
89883.0126953125
89872.1484375
89869.62719726562
89857.13671875
89853.08642578125
89845.26147460938
89837.75268554688
89830.50927734375
89815.3330078125
89807.03955078125
89807.974609375
89790.9169921875
89782.54370117188
89765.70874023438
89751.5673828125
89747.04150390625
89732.84008789062
89714.6630859375
89700.63647460938
89695.71142578125
89667.56665039062
89651.2607421875
89635.87451171875
89610.98901367188
89594.53393554688
89583.76904296875
89547.46337890625
89534.7666015625
89517.74267578125
89495.0517578125
89468.97509765625
89443.9833984375
89438.02734375
89405.8994140625
89385.6142578125
89360.73901367188
89333.15576171875
89280.6337890625
89262.98388671875
89241.76708984375
89213.65014648438
89185.02661132812
89104.64721679688
89021.56201171875
88766.5361328125
88488.80932617188
88018.3017578125
87786.4130859375
87343.26953125
87031.0888671875
86625.517578125
86455.67504882812
86228.87622070312
85997.9404296875
85792.3173828125
85623.1279296875
85467.73315429688
85354.34716796875
85047.00366210938
84918.48217773438
84789.25024414062
84515.14501953125
84353.95776367188
84138.5986328125
83911.181640625
83768.2900390625
83654.00146484375
83566.8154296875
83460.37622070312
83349.6083984375
83208.98193359375
83113.6064453125
82993.68359375
82668.76611328125
82431.58618164062
82274.7373046875
82153.26342773438
82022.88891601562
81913.58959960938
81827.396484375
81719.7431640625
81491.07543945312
81397.64965820312
81289.64233398438
81176.6533203125
81093.53955078125
81004.72314453125
80944.27807617188
80866.802734375
80804.58837890625
80751.22534179688
80699.17700195312
80646.4189453125
80580.82495117188
80520.82446289062
80445.5400390625
80359.79345703125
80306.60961914062
80235.7333984375
80149.013671875
80025.52685546875
79923.02221679688
79854.88330078125
79610.39624023438
79546.17700195312
79472.6376953125
79390.318359375
79317.55932617188
79247.52197265625
79171.63549804688
79113.62255859375
79022.17846679688
78963.30932617188
78914.42211914062
78845.96313476562
78798.79858398438
78729.55126953125
78681.87548828125
78618.51928710938
78559.6533203125
78497.634765625
78438.509765625
78380.32080078125
78317.03759765625
78248.82568359375
78137.65869140625
78081.75830078125
78030.4423828125
77966.20947265625
77909.59985351562
77847.25122070312
77796.77465820312
77740.4404296875
77692.77319335938
77646.06860351562
77584.13842773438
77503.79467773438
77429.50048828125
77367.01684570312
77320.60498046875
77257.47119140625
77213.36962890625
77161.85986328125
77116.80444335938
77063.20654296875
77012.55322265625
76965.81665039062
76915.87768554688
76860.89819335938
76816.05615234375
76784.5146484375
76743.9150390625
76688.6728515625
76633.35400390625
76582.11206054688
76537.43359375
76481.03198242188
76432.91870117188
76386.703125
76334.01293945312
76279.18090820312
76208.65966796875
76052.169921875
75963.98999023438
75918.82153320312
75857.94921875
75787.84008789062
75721.67016601562
75675.25244140625
75616.68969726562
75579.20703125
75520.02368164062
75477.48974609375
75425.23461914062
75378.037109375
75327.689453125
75281.88037109375
75229.93090820312
75174.86157226562
75086.55249023438
75041.72021484375
75005.03784179688
74931.14331054688
74872.15014648438
74829.04052734375
74780.86254882812
74720.5517578125
74667.02587890625
74621.13061523438
74569.41479492188
74523.85498046875
74477.71655273438
74426.59252929688
74381.95263671875
74334.95190429688
74274.03198242188
74216.13452148438
74158.99194335938
74111.77392578125
74058.67407226562
73998.55615234375
73956.8115234375
73910.46484375
73864.05639648438
73828.7177734375
73761.90014648438
73716.23461914062
73661.03930664062
73620.10302734375
73573.83764648438
73518.96923828125
73456.29760742188
73399.99072265625
73345.03662109375
73289.71948242188
73250.6611328125
73190.22265625
73131.02490234375
73084.56469726562
73015.65893554688
72955.21411132812
72903.07080078125
72842.740234375
72791.53173828125
72729.96728515625
72669.60400390625
72614.30297851562
72572.53588867188
72526.58935546875
72479.33374023438
72417.22216796875
72351.95458984375
72200.73852539062
72121.38012695312
72055.83764648438
71985.30200195312
71922.62133789062
71865.65502929688
71817.87426757812
71758.490234375
71698.51147460938
71639.84057617188
71575.78979492188
71526.0556640625
71462.11279296875
71407.8896484375
71352.8271484375
71292.0048828125
71239.01123046875
71176.95971679688
71124.72680664062
71075.412109375
71001.30151367188
70951.32885742188
70893.4619140625
70835.5185546875
70778.64135742188
70702.53466796875
70655.72680664062
70608.81469726562
70541.57495117188
70495.75244140625
70418.85717773438
70378.12158203125
70319.9609375
70266.7783203125
70215.26147460938
70160.41381835938
70107.5068359375
70063.44262695312
70008.158203125
69959.49877929688
69904.4091796875
69851.12548828125
69801.21948242188
69761.88671875
69709.58471679688
69679.34887695312
69624.66430664062
69575.13305664062
69517.85107421875
69468.92065429688
69425.6357421875
69359.34716796875
69308.94653320312
69251.09594726562
69199.95239257812
69149.41235351562
69121.94653320312
69067.34204101562
69012.96923828125
68958.51586914062
68906.87084960938
68852.615234375
68815.89965820312
68757.82885742188
68726.28857421875
68688.29248046875
68637.80151367188
68565.62475585938
68535.61938476562
68477.71875
68406.67016601562
68353.0166015625
68293.3203125
68248.38305664062
68208.35791015625
68161.74047851562
68115.85473632812
68072.630859375
68014.79345703125
67959.30078125
67938.7568359375
67872.2900390625
67822.568359375
67778.5625
67750.9501953125
67692.2431640625
67650.93383789062
67605.10278320312
67577.38891601562
67530.83837890625
67457.64624023438
67418.20703125
67364.27416992188
67313.85791015625
67275.287109375
67233.18334960938
67191.54077148438
67145.72485351562
67126.21069335938
67125.8486328125
67060.49877929688
67036.9599609375
66965.95825195312
66912.76831054688
