cost:	
1179297.80859375
868866.212890625
489912.939453125
337355.32421875
257331.5859375
226012.537109375
202199.8173828125
180471.18359375
164923.5458984375
152855.3447265625
142524.7060546875
134040.4150390625
127212.736328125
121780.064453125
117140.908203125
113198.470703125
109978.49072265625
107108.96142578125
104705.693359375
102479.27587890625
100574.33251953125
98823.08251953125
97214.7392578125
95769.55419921875
94451.0771484375
93284.17919921875
92241.93603515625
91209.82177734375
90262.33715820312
89407.525390625
88586.15014648438
87791.244140625
87057.26440429688
86409.70678710938
85772.67944335938
85145.29736328125
84532.03198242188
83979.482421875
83444.97802734375
82948.865234375
82428.63940429688
81950.8505859375
81473.005859375
81009.69262695312
80554.02905273438
80145.19970703125
79743.58471679688
79333.939453125
78970.5654296875
78610.3505859375
78249.73876953125
77948.46484375
77624.97216796875
77307.7451171875
77054.66650390625
76759.1787109375
76492.43994140625
76219.84423828125
75966.21533203125
75731.04248046875
75489.33349609375
75245.38134765625
75025.51733398438
74783.57568359375
74578.6103515625
74352.40454101562
74165.26733398438
73966.09912109375
73771.0576171875
73566.42919921875
73397.96240234375
73200.73486328125
73009.06005859375
72829.63159179688
72661.85034179688
72480.91381835938
72293.66870117188
72147.61083984375
71976.791015625
71823.9521484375
71646.92016601562
71477.740234375
71332.26489257812
71174.99096679688
71024.1767578125
70870.03173828125
70744.2470703125
70574.46215820312
70425.07568359375
70274.99487304688
70133.86791992188
70008.20776367188
69853.4423828125
69695.42626953125
69568.60424804688
69422.59252929688
69282.85815429688
69171.03784179688
69013.8857421875
68874.9814453125
68734.43286132812
68616.08520507812
68495.38745117188
68369.58935546875
68244.5234375
68112.376953125
68004.93334960938
67880.64624023438
67765.75219726562
67640.46826171875
67526.6748046875
67405.86059570312
67312.47338867188
67199.12573242188
67066.32763671875
66980.71875
66859.62670898438
66746.8173828125
66642.67114257812
66538.95043945312
66439.58642578125
66339.52783203125
66226.4345703125
66117.93139648438
66019.45874023438
65931.44506835938
65834.27978515625
65735.07373046875
65630.77490234375
65538.77709960938
65442.3876953125
65362.210693359375
65249.929443359375
65166.81103515625
65076.677001953125
64983.74951171875
64886.342529296875
64808.815185546875
64717.71875
64646.131103515625
64546.3359375
64481.56103515625
64402.063232421875
64303.675048828125
64229.4208984375
64163.02587890625
64086.944580078125
63992.49560546875
63922.048828125
63840.5361328125
63749.234619140625
63680.0830078125
63616.85205078125
63553.29736328125
63479.08056640625
63411.336181640625
63337.88232421875
63262.530029296875
63204.1591796875
63138.449462890625
63084.19287109375
63017.4794921875
62936.026123046875
62883.699951171875
62824.960693359375
62762.879150390625
62689.304931640625
62633.08984375
62577.752197265625
62516.42333984375
62445.903076171875
62387.97265625
62337.5712890625
62290.65673828125
62244.836181640625
62168.044921875
62115.3701171875
62050.990966796875
62000.877685546875
61957.281982421875
61894.413818359375
61854.28955078125
61796.627685546875
61750.777587890625
61692.2578125
61636.829833984375
61590.355224609375
61525.2158203125
61478.082275390625
61437.6904296875
61398.634033203125
61345.26318359375
61316.068115234375
61252.8955078125
61211.150146484375
61155.98388671875
61115.235107421875
61064.044189453125
61014.073974609375
60959.87060546875
60927.976318359375
60875.836181640625
60837.424560546875
60791.972412109375
60763.4658203125
60731.92041015625
60689.448486328125
60646.1669921875
60602.1005859375
60561.556640625
60533.564453125
60509.472412109375
60441.86767578125
60440.19921875
60464.4765625
60443.71008300781
60400.796875
60310.8193359375
60285.128173828125
60198.737060546875
60183.04833984375
60159.671630859375
60091.044189453125
60037.041259765625
59989.582275390625
59954.864990234375
59926.845703125
59881.426513671875
59854.455322265625
59804.678955078125
59779.541015625
59748.76416015625
59706.056396484375
59669.642822265625
59640.899169921875
59612.69970703125
59590.549072265625
59540.74951171875
59508.17041015625
59476.22021484375
59438.97802734375
59402.830810546875
59371.7939453125
59344.703857421875
59305.657470703125
59277.995849609375
59238.4775390625
59215.182861328125
59203.24658203125
59165.125
59117.642333984375
59076.91796875
59044.185302734375
59020.733154296875
58992.92431640625
58969.00927734375
58939.486572265625
58899.069580078125
58882.38720703125
58848.7607421875
58804.543701171875
58786.057861328125
58755.789794921875
58723.968505859375
58708.97705078125
58686.42626953125
58702.160888671875
58673.783447265625
58635.546630859375
58672.698486328125
58606.686767578125
58654.763916015625
58719.826416015625
58648.711181640625
58550.759765625
58497.54345703125
58447.2333984375
58432.6123046875
58436.436279296875
58397.13916015625
58381.473876953125
58397.267333984375
58294.4931640625
58457.703857421875
58398.049560546875
58340.74853515625
58271.4736328125
58226.9873046875
58167.561767578125
58142.55419921875
58168.059814453125
58110.57080078125
58020.1865234375
57988.60888671875
57971.4052734375
57932.149169921875
57892.14306640625
57879.242919921875
57848.98779296875
57827.80627441406
57796.786865234375
57771.7529296875
57758.19128417969
57727.168701171875
57712.997314453125
57682.431884765625
57684.905517578125
57660.647216796875
57668.529541015625
57646.90869140625
57642.07678222656
57702.8564453125
57752.182373046875
57657.885986328125
57561.5146484375
57516.30712890625
57496.15625
57438.466064453125
57446.998046875
57402.626708984375
57379.719970703125
57366.00927734375
57362.47021484375
57324.09814453125
57287.54150390625
57275.407470703125
57260.221435546875
57245.750732421875
57217.440673828125
57187.322265625
57183.750732421875
57174.81787109375
57140.22888183594
57107.84912109375
57097.1171875
57057.738525390625
57048.26416015625
57029.097900390625
56995.65966796875
56967.189697265625
56960.214111328125
56941.73388671875
56904.61474609375
56888.34228515625
56873.911865234375
56849.973876953125
56824.59521484375
56806.18994140625
56800.00439453125
56787.5888671875
56787.976806640625
56805.465576171875
56911.299072265625
57013.492919921875
56853.874267578125
56762.887939453125
56766.1591796875
56718.377685546875
56672.9267578125
56632.135498046875
56577.164306640625
56552.72839355469
56528.884033203125
56521.106689453125
56493.0615234375
56457.67041015625
56456.244873046875
56438.0869140625
56391.71838378906
56363.857666015625
56335.73291015625
56321.466552734375
56299.39208984375
56289.671142578125
56274.1845703125
56273.182373046875
56238.24072265625
56224.882080078125
56207.302734375
56194.3671875
56155.707275390625
56159.919189453125
56157.64599609375
56140.008056640625
56138.483154296875
56109.52099609375
56090.452392578125
56081.740966796875
56108.648193359375
56079.523681640625
56044.720947265625
55993.328125
56015.46875
56003.35302734375
55986.035400390625
55961.02099609375
55940.910888671875
55968.792724609375
56035.260986328125
56299.760009765625
