cost:	
1086390.546875
534977.87890625
317093.8369140625
237816.8251953125
193255.537109375
161101.9228515625
140883.60986328125
127227.83056640625
117841.6689453125
110645.63330078125
104900.99169921875
100295.27880859375
96609.94409179688
93384.6376953125
90736.75048828125
88300.91064453125
86235.9365234375
84474.39135742188
82846.34765625
81371.21142578125
80007.23681640625
78819.27075195312
77689.84838867188
76633.68823242188
75742.85302734375
74822.64990234375
74014.63598632812
73242.60986328125
72439.7470703125
71757.37060546875
71068.71752929688
70455.60961914062
69795.67749023438
69181.94458007812
68610.37158203125
68065.3203125
67475.01196289062
66955.70092773438
66448.38500976562
65902.98413085938
65414.728759765625
64917.203369140625
64424.140625
63992.754638671875
63503.936279296875
63031.619384765625
62572.994873046875
62117.15673828125
61696.809814453125
61218.415283203125
60791.6103515625
60365.162353515625
59933.923583984375
59562.93212890625
59169.132568359375
58768.903564453125
58372.266845703125
57969.3173828125
57595.8046875
57229.11706542969
56838.089111328125
56485.175537109375
56126.552490234375
55767.804931640625
55421.629638671875
55088.10302734375
54729.082763671875
54409.864990234375
54047.778076171875
53715.595703125
53415.85546875
53115.535400390625
52783.33203125
52452.136962890625
52155.69189453125
51845.550537109375
51570.56689453125
51297.666259765625
50996.221435546875
50719.29736328125
50447.92333984375
50177.25732421875
49903.470703125
49641.675048828125
49388.2080078125
49116.715087890625
48886.914794921875
48628.53515625
48397.61962890625
48163.41552734375
47930.103271484375
47696.1103515625
47467.3955078125
47246.144287109375
47014.39855957031
46795.83312988281
46581.831298828125
46361.701904296875
46161.122802734375
45969.594482421875
45752.688720703125
45571.433349609375
45426.03015136719
45312.879150390625
45092.703857421875
44989.41552734375
44787.744140625
44616.72888183594
44472.58154296875
44373.424560546875
44114.66809082031
43966.56799316406
43790.771484375
43732.302734375
43498.97265625
43302.3544921875
43136.25915527344
42961.840576171875
42798.53259277344
42647.51513671875
42501.89599609375
42375.677734375
42251.48193359375
42115.52917480469
41971.258056640625
41831.549560546875
41715.069091796875
41579.006103515625
41455.674072265625
41337.8203125
41240.11511230469
41137.012451171875
41005.13586425781
40890.59912109375
40786.4482421875
40664.34167480469
40567.56298828125
40449.216552734375
40311.188720703125
40211.572998046875
40153.40380859375
40004.981689453125
39928.576171875
39808.593994140625
39698.447998046875
39584.98815917969
39492.44299316406
39404.137451171875
39304.97741699219
39208.006103515625
39097.476806640625
38987.53698730469
38922.044677734375
38833.345458984375
38740.78466796875
38631.93054199219
38547.757080078125
38476.48864746094
38396.33337402344
38301.041259765625
38240.950927734375
38182.1650390625
38089.18994140625
37994.7490234375
37959.73425292969
37875.89208984375
37788.35205078125
37731.7880859375
37675.1943359375
37573.49841308594
37507.62634277344
37391.832275390625
37335.04870605469
37296.700439453125
37188.414306640625
37159.556396484375
37087.55505371094
37055.62268066406
37020.640380859375
36884.388671875
36800.62170410156
36749.35754394531
36634.53430175781
36578.944580078125
36521.782958984375
36509.736083984375
36532.950439453125
36583.50964355469
36416.2529296875
36409.67663574219
36431.70397949219
36464.450439453125
36449.50402832031
36617.68322753906
36804.27038574219
36728.358154296875
36515.63830566406
36586.75646972656
36249.770263671875
36075.30212402344
35818.73986816406
35699.7216796875
35613.18005371094
35514.37939453125
35411.533203125
35289.51416015625
35230.37658691406
35153.07604980469
35079.887451171875
35039.529052734375
34979.77038574219
34884.20751953125
34867.90197753906
34803.564208984375
34722.68273925781
34703.39697265625
34643.262451171875
34600.24719238281
34555.44934082031
34481.55078125
34446.19372558594
34396.831298828125
34334.532958984375
34305.33154296875
34271.111083984375
34225.016357421875
34152.06091308594
34137.98425292969
34121.078369140625
34179.589599609375
34065.513916015625
33967.63342285156
33906.74072265625
33891.41125488281
33890.48205566406
33826.76220703125
33770.249267578125
33679.06396484375
33622.8955078125
33582.57080078125
33519.869384765625
33454.32373046875
33438.36535644531
33389.02502441406
33330.76611328125
33359.21569824219
33364.62158203125
33311.00549316406
33242.35400390625
33181.31188964844
33166.686279296875
33101.89404296875
33108.544189453125
33169.57629394531
33145.48425292969
33018.60998535156
32964.265625
32857.40185546875
32791.055908203125
32750.034790039062
32666.401489257812
32646.590454101562
32587.421264648438
32561.904418945312
32522.509887695312
32472.95703125
32451.888549804688
32401.748413085938
32326.167114257812
32335.340942382812
32273.774475097656
32222.440185546875
32219.335327148438
32188.101806640625
32163.39208984375
32152.6796875
32161.053100585938
32211.027587890625
32405.997680664062
32576.58740234375
33116.97619628906
32847.505126953125
32766.400268554688
32931.886474609375
33041.103515625
33044.94787597656
32774.73828125
32871.48400878906
32503.090576171875
32150.945068359375
32600.439453125
32222.05517578125
32077.285522460938
32205.557006835938
32563.234985351562
33697.49914550781
33084.49072265625
33357.32116699219
32733.684326171875
32277.256591796875
31826.546508789062
31509.924926757812
31305.322143554688
31264.721801757812
31168.974365234375
31099.69873046875
31056.740478515625
31053.004150390625
31000.832153320312
30963.9814453125
30903.003295898438
30889.038818359375
30827.658325195312
30833.193725585938
30779.046142578125
30740.108154296875
30732.384643554688
30696.723266601562
30662.197143554688
30622.880249023438
30595.807250976562
30559.1318359375
30557.79736328125
30522.681518554688
30486.975830078125
30484.819213867188
30457.305908203125
30420.371337890625
30386.946044921875
30343.07763671875
30313.342895507812
30296.501098632812
30297.191772460938
30240.308349609375
30216.3857421875
30180.249633789062
30167.114624023438
30130.304321289062
30100.952880859375
30073.234008789062
30061.940795898438
30025.361328125
30003.3779296875
29980.38623046875
29963.762573242188
29943.276489257812
29942.82373046875
29898.193237304688
29879.816040039062
29839.61083984375
29802.357055664062
29769.326293945312
29731.489013671875
29706.403198242188
29702.968994140625
29664.108520507812
29681.296020507812
29649.062377929688
29788.67724609375
29819.67626953125
29764.750854492188
29773.331787109375
29650.28564453125
29681.780639648438
29740.31640625
29795.4150390625
29762.54296875
29609.457397460938
29528.266235351562
29499.331665039062
29499.243408203125
29421.870849609375
29488.548583984375
29501.90301513672
29378.833618164062
29389.569946289062
29297.478393554688
29392.413330078125
29392.95751953125
29302.706298828125
29272.5380859375
29124.093627929688
29067.02313232422
29024.92138671875
29041.535034179688
29063.221313476562
29058.680419921875
29006.975341796875
28957.233276367188
28903.1865234375
28885.368530273438
28852.893676757812
28880.592895507812
28906.235717773438
28913.252563476562
28973.935668945312
29058.894592285156
29065.806640625
29003.268310546875
29069.648681640625
