cost:	
7391028.375
7183859.3359375
7170399.296875
7161651.296875
7155763.3828125
7151694.26953125
7148783.0859375
7146684.6796875
7145101.8828125
7143880.75
7142949.65625
7142212.01953125
7141637.1875
7141161.154296875
7140788.9765625
7140463.32421875
7140203.80078125
7139977.28515625
7139808.4921875
7139644.953125
7139526.109375
7139378.90625
7139273.15234375
7139195.10546875
7139140.84375
7139021.3203125
7138959.54296875
7138871.16015625
7138853.2734375
7138768.1015625
7138737.4296875
7138672.9453125
7138613.390625
7138558.8984375
7138513.03125
7138456.95703125
7138416.30859375
7138392.4296875
7138317.51953125
7138276.09375
7138221.18359375
7138178.93359375
7138106.890625
7138119.1328125
7138048.8125
7138001.984375
7137941.41796875
7137898.6484375
7137843.92578125
7137810.19921875
7137727.86328125
7137664.51953125
7137626.6015625
7137564.98046875
7137529.06640625
7137490.4453125
7137432.94921875
7137384.66796875
7137322.8515625
7137270.8359375
7137215.9296875
7137174.07421875
7137139.640625
7137069.2265625
7136990.75390625
7136950.53515625
7136898.44140625
7136855.51953125
7136789.53125
7136743.58203125
7136683.328125
7136627.60546875
7136579.3046875
7136491.66796875
7136449.30859375
7136382.66796875
7136343.72265625
7136269.17578125
7136216.890625
7136171.578125
7136077.91796875
7136032.4140625
7135975.7109375
7135903.8515625
7135834.203125
7135795.87890625
7135736.73046875
7135657.07421875
7135608.01953125
7135527.8203125
7135472.93359375
7135401.640625
7135340.3125
7135281.921875
7135239.28125
7135154.30078125
7135064.61328125
7135009.88671875
7134971.0
7134888.87890625
7134806.8515625
7134746.81640625
7134661.75
7134595.40625
7134539.69921875
7134504.19140625
7134415.26171875
7134360.50390625
7134299.19921875
7134233.53125
7134142.87109375
7134076.1875
7134031.0546875
7133942.328125
7133904.66015625
7133846.16015625
7133758.16015625
7133693.12109375
7133637.41015625
7133544.82421875
7133491.125
7133412.7265625
7133378.703125
7133275.3671875
7133229.32421875
7133155.65234375
7133108.30078125
7133038.94921875
7132958.5703125
7132891.09375
7132833.0625
7132761.453125
7132704.16015625
7132609.41015625
7132557.0390625
7132503.734375
7132411.3203125
7132358.5546875
7132283.41796875
7132249.0859375
7132166.71875
7132069.5390625
7132047.265625
7131951.3671875
7131897.20703125
7131816.46484375
7131772.47265625
7131688.91015625
7131650.34375
7131580.23046875
7131490.86328125
7131429.7890625
7131369.4453125
7131324.859375
7131234.15234375
7131192.03515625
7131127.0546875
7131068.62890625
7131000.24609375
7130965.42578125
7130890.203125
7130823.7890625
7130770.359375
7130713.25390625
7130667.6171875
7130605.54296875
7130531.6015625
7130487.51953125
7130444.15234375
7130362.8984375
7130318.5234375
7130264.5859375
7130191.64453125
7130141.3203125
7130097.34375
7130032.046875
7129978.91015625
7129944.0625
7129862.31640625
7129805.72265625
7129767.84765625
7129728.14453125
7129643.16796875
7129601.59765625
7129573.3828125
7129506.609375
7129457.36328125
7129405.04296875
7129346.6953125
7129309.07421875
7129254.48046875
7129216.51171875
7129166.6953125
7129103.15234375
7129064.3515625
7129033.48046875
7128955.7890625
7128926.05859375
7128884.58984375
7128835.6484375
7128784.59375
7128728.8203125
7128683.16015625
7128643.4921875
7128599.44921875
7128579.91015625
7128527.38671875
7128472.56640625
7128444.2578125
7128395.62109375
7128361.384765625
7128328.23828125
7128287.38671875
7128239.7890625
7128196.671875
7128160.7265625
7128122.7265625
7128081.12890625
7128051.83984375
7128024.37890625
7127977.47265625
7127950.50390625
7127916.51953125
7127875.1328125
7127833.0390625
7127815.16015625
7127768.4140625
7127719.68359375
7127707.078125
7127674.0390625
7127636.90234375
7127595.93359375
7127564.22265625
7127535.83984375
7127516.46484375
7127452.91796875
7127444.1328125
7127406.2578125
7127378.60546875
7127352.61328125
7127321.46875
7127277.9765625
7127254.4921875
7127230.40234375
7127208.51171875
7127169.2578125
7127152.4453125
7127120.75
7127086.1484375
7127063.2734375
7127030.5234375
7127005.70703125
7126974.1640625
7126946.921875
7126926.265625
7126903.80859375
7126876.390625
7126852.75
7126829.16015625
7126813.10546875
7126788.3125
7126776.28125
7126733.62890625
7126724.0625
7126697.32421875
7126675.34765625
7126654.5
7126626.859375
7126617.265625
7126595.859375
7126573.1328125
7126549.328125
7126538.48046875
7126516.59765625
7126483.9296875
7126474.20703125
7126464.2421875
7126439.97265625
7126414.046875
7126403.017578125
7126391.73828125
7126362.8671875
7126350.89453125
7126330.96484375
7126316.34375
7126293.546875
7126280.09375
7126251.62109375
7126254.9921875
7126233.9765625
7126211.75390625
7126198.390625
7126173.484375
7126166.12890625
7126145.92578125
7126135.50390625
7126129.72265625
7126109.01171875
7126098.25
7126082.95703125
7126061.171875
7126046.40234375
7126036.37109375
7126021.98046875
7126012.16796875
7126004.09765625
7125980.54296875
7125980.5703125
7125963.2734375
7125951.42578125
7125939.79296875
7125928.54296875
7125915.08984375
7125909.453125
7125898.08984375
7125893.18359375
7125877.15625
7125855.16796875
7125853.86328125
7125845.578125
7125834.13671875
7125826.30859375
7125812.6875
7125813.55859375
7125791.24609375
7125787.71484375
7125774.85546875
7125764.015625
7125759.55078125
7125746.9921875
7125744.51171875
7125736.671875
7125729.32421875
7125718.7109375
7125710.3671875
7125702.8828125
7125691.70703125
7125677.89453125
7125683.84765625
7125666.64453125
7125665.859375
7125651.6328125
7125646.4140625
7125641.33203125
7125631.1328125
7125627.26953125
7125621.712890625
7125614.0625
7125605.60546875
7125603.609375
7125588.1015625
7125585.12890625
7125576.33984375
7125572.37109375
7125572.8046875
7125564.25
7125555.48828125
7125552.171875
7125541.640625
7125543.37109375
7125535.31640625
7125527.21875
7125526.890625
7125520.78125
7125512.1484375
7125511.3046875
7125506.921875
7125497.28125
7125498.3671875
7125492.37890625
7125487.47265625
7125483.8671875
7125477.1796875
7125472.2890625
7125472.625
7125465.3046875
7125461.54296875
7125454.328125
7125457.79296875
7125459.2578125
7125439.5
7125447.234375
7125440.765625
7125433.734375
7125433.24609375
7125430.21875
7125422.1015625
7125424.453125
7125420.23828125
7125415.73046875
7125411.765625
7125405.00390625
7125404.328125
7125404.27734375
7125396.125
7125396.9609375
7125392.48046875
7125390.0390625
7125386.77734375
7125384.8828125
