cost:	
12646370.9453125
12633420.171875
12628515.0703125
12625497.5234375
12623721.484375
12622934.953125
12622265.421875
12621636.3984375
12621203.1484375
12620836.03125
12620510.828125
12620278.859375
12620078.703125
12619878.26953125
12619786.359375
12619625.28125
12619485.3671875
12619383.5546875
12619270.5703125
12619217.6875
12619124.7734375
12619046.140625
12618993.140625
12618941.765625
12618904.671875
12618857.359375
12618817.7109375
12618790.76171875
12618775.9140625
12618726.9609375
12618692.3203125
12618654.5859375
12618622.28125
12618581.2734375
12618556.921875
12618556.953125
12618523.078125
12618498.1875
12618485.2265625
12618462.03125
12618436.1875
12618422.921875
12618401.359375
12618391.203125
12618376.5703125
12618392.265625
12618371.0703125
12618343.609375
12618361.0234375
12618340.5390625
12618324.171875
12618300.8671875
12618272.1484375
12618257.296875
12618240.7578125
12618232.359375
12618218.7578125
12618194.9296875
12618192.4609375
12618181.98828125
12618177.4609375
12618163.3984375
12618141.125
12618144.0078125
12618140.1953125
12618140.171875
12618129.6171875
12618126.3046875
12618104.671875
12618112.1640625
12618091.578125
12618072.9609375
12618079.296875
12618084.984375
12618091.5859375
12618074.296875
12618066.046875
12618073.484375
12618097.9765625
12618055.453125
12618028.28125
12618037.6484375
12618012.2578125
12618002.7265625
12617997.296875
12617998.125
12617987.6640625
12617974.140625
12617971.9140625
12617963.9140625
12617948.5390625
12617941.1015625
12617925.75
12617912.46875
12617911.8125
12617899.609375
12617907.6875
12617904.8046875
12617883.5234375
12617867.875
12617861.75
12617856.8046875
12617840.203125
12617825.5859375
12617820.21875
12617816.9921875
12617809.1328125
12617818.9921875
12617804.71875
12617806.9296875
12617796.953125
12617800.9375
12617805.15625
12617790.1328125
12617789.625
12617799.15625
12617784.6171875
12617783.484375
12617769.578125
12617764.1328125
12617754.046875
12617754.53125
12617758.8203125
12617805.5703125
12617793.6640625
12617782.671875
12617761.109375
12617740.1171875
12617706.8671875
12617685.703125
12617691.90625
12617674.390625
12617653.9296875
12617647.2734375
12617649.8125
12617639.1484375
12617620.328125
12617610.0546875
12617611.7265625
12617607.859375
12617609.8125
12617609.5078125
12617604.4609375
12617603.5546875
12617614.734375
12617607.1015625
12617599.7734375
12617592.1796875
12617597.12109375
12617586.5390625
12617577.40625
12617568.875
12617564.8046875
12617565.0625
12617556.7421875
12617552.2734375
12617551.6953125
12617549.03125
12617541.421875
12617533.703125
12617533.6875
12617541.546875
12617532.0625
12617539.40234375
12617558.8359375
12617553.6171875
12617542.1953125
12617539.234375
12617531.171875
12617532.671875
12617524.0078125
12617521.59375
12617505.65625
12617497.328125
12617500.0078125
12617505.8671875
12617501.75
12617509.1015625
12617498.859375
12617504.65625
12617494.671875
12617497.859375
12617501.4375
12617494.4375
12617489.015625
12617491.9296875
12617497.8515625
12617494.5390625
12617492.59375
12617489.5859375
12617488.1484375
12617491.03125
12617485.9375
12617479.0546875
12617480.3984375
12617474.765625
12617464.765625
12617472.15625
12617470.4453125
12617471.890625
12617454.6015625
12617442.7421875
12617440.3828125
12617440.40625
12617437.140625
12617433.015625
12617430.0390625
12617431.734375
12617431.015625
12617436.6171875
12617445.8203125
12617448.5859375
12617447.015625
12617440.3984375
12617437.5234375
12617438.34375
12617442.2109375
12617437.16796875
12617433.265625
12617436.2421875
12617429.9375
12617425.34765625
12617420.15625
12617417.703125
12617416.515625
12617416.2578125
12617415.15625
12617406.5625
12617410.75
12617414.6484375
12617411.7265625
12617404.8984375
12617409.15625
12617434.3046875
12617455.0234375
12617440.546875
12617434.6640625
12617416.8984375
12617412.08203125
12617397.71875
12617381.8359375
12617363.4609375
12617358.796875
12617355.625
12617351.5625
12617345.6015625
12617348.5
12617344.3046875
12617341.34375
12617335.6796875
12617339.046875
12617326.8828125
12617322.8671875
12617334.2890625
12617325.109375
12617318.60546875
12617309.109375
12617297.984375
12617289.625
12617278.2734375
12617276.96875
12617275.234375
12617268.5625
12617274.1640625
12617271.3359375
12617286.1796875
12617317.4921875
12617361.8984375
12617335.9921875
12617299.3515625
12617272.7109375
12617250.66015625
12617243.5078125
12617234.5703125
12617227.3203125
12617215.8828125
12617207.765625
12617208.765625
12617207.296875
12617205.71484375
12617201.9375
12617206.4453125
12617214.8984375
12617215.390625
12617218.1171875
12617211.1875
12617202.953125
12617198.125
12617192.7578125
12617194.2890625
12617195.2421875
12617190.984375
12617192.796875
12617194.4765625
12617192.5
12617187.515625
12617187.2734375
12617184.7890625
12617179.7578125
12617182.8125
12617187.8125
12617178.6875
12617172.3671875
12617209.78125
12617237.859375
12617235.171875
12617203.25
12617182.7578125
12617167.0
12617158.0625
12617154.9296875
12617154.9765625
12617152.40625
12617149.453125
12617152.7421875
12617152.78125
12617148.40625
12617148.28515625
12617152.2265625
12617150.6484375
12617143.890625
12617147.234375
12617153.578125
12617150.671875
12617150.1328125
12617149.1875
12617153.2890625
12617149.75
12617144.92578125
12617152.015625
12617147.203125
12617149.1484375
12617147.8203125
12617144.8203125
12617146.7734375
12617141.5703125
12617142.6875
12617140.4453125
12617147.4765625
12617148.40234375
12617143.25
12617142.4140625
12617150.2890625
12617155.90625
12617151.9453125
12617145.71875
12617141.6171875
12617144.7578125
12617141.9453125
12617137.2265625
12617134.984375
12617127.234375
12617120.5859375
12617122.5859375
12617118.8359375
12617124.2734375
12617127.3046875
12617126.3203125
12617125.6953125
12617130.1171875
12617128.25
12617124.9765625
12617126.640625
12617124.3046875
12617125.0625
12617128.53125
12617129.5390625
12617122.7421875
12617126.40625
12617124.1171875
12617125.6953125
12617125.6015625
12617125.90625
12617126.0078125
12617122.7578125
12617120.51171875
12617113.8359375
12617111.6484375
12617123.6875
12617141.2734375
12617169.6171875
12617179.765625
12617199.6640625
12617215.2421875
12617186.390625
12617158.5859375
12617138.53125
12617124.890625
12617116.625
12617113.1484375
12617114.0546875
12617112.8046875
12617108.57421875
12617112.5859375
12617113.86328125
12617110.921875
12617111.875
12617110.265625
12617105.7421875
12617107.921875
