cost:	
1210096.46875
1143045.2578125
1076958.0078125
1013207.58203125
954885.265625
898155.8359375
845704.822265625
794861.078125
748019.05078125
703515.98046875
661638.09375
622477.515625
584881.423828125
550425.986328125
516737.384765625
486211.115234375
457011.412109375
429798.6953125
404297.5009765625
380024.916015625
358244.453125
336890.94921875
317620.94921875
299454.9208984375
282444.6953125
266868.1513671875
251874.111328125
238490.494140625
226062.26171875
214236.8388671875
203520.912109375
193669.4296875
184439.20263671875
176107.50537109375
168239.8056640625
161126.541015625
154543.564453125
148600.39306640625
143039.8603515625
138071.99560546875
133493.2509765625
129256.96484375
125430.78125
122005.0556640625
118860.2958984375
115924.78564453125
113334.5068359375
111025.203125
108829.28515625
106938.05859375
105220.8583984375
103681.5224609375
102342.3974609375
101084.70556640625
99955.0146484375
98964.6455078125
98045.9404296875
97226.29223632812
96489.30810546875
95825.28515625
95219.9892578125
94690.66943359375
94192.337890625
93770.24609375
93392.7333984375
93027.435546875
92715.44018554688
92439.34497070312
92201.076171875
91971.2890625
91774.40771484375
91597.38623046875
91431.642578125
91291.45947265625
91172.08251953125
91045.96362304688
90955.7490234375
90862.40185546875
90782.42626953125
90702.9384765625
90643.126953125
90580.56616210938
90531.05712890625
90483.1669921875
90440.3701171875
90404.62646484375
90366.2822265625
90334.68530273438
90312.53686523438
90278.017578125
90255.09521484375
90233.7470703125
90210.275390625
90194.96020507812
90175.05541992188
90159.97021484375
90141.68994140625
90126.61962890625
90112.81225585938
90097.90283203125
90085.14794921875
90070.0810546875
90059.57080078125
90045.85107421875
90035.78784179688
90022.06298828125
90006.4091796875
89993.7919921875
89977.13427734375
89966.88623046875
89950.3251953125
89935.1875
89916.79956054688
89895.26123046875
89872.5146484375
89850.55517578125
89828.1806640625
89814.2158203125
89791.50903320312
89775.90380859375
89757.29248046875
89740.29150390625
89714.484375
89685.07666015625
89656.2109375
89633.6220703125
89607.95458984375
89588.03125
89569.10961914062
89529.00830078125
89408.3203125
89344.5625
89216.6396484375
89011.84448242188
88592.0341796875
87820.47314453125
87576.875
87389.03369140625
87030.79541015625
86858.8955078125
86702.19360351562
86522.00537109375
86401.986328125
86303.951171875
86183.146484375
85979.43505859375
85695.625
85498.58325195312
85376.38525390625
85241.06079101562
84865.71997070312
84744.09814453125
84653.82641601562
84551.70678710938
84473.81298828125
84422.58422851562
84335.95263671875
84243.30322265625
84159.78198242188
84096.31323242188
84045.75244140625
83982.85986328125
83927.34008789062
83875.63671875
83811.91967773438
83765.3427734375
83642.45361328125
83580.416015625
83499.044921875
83439.53857421875
83401.0166015625
83367.20385742188
83333.21826171875
83294.7275390625
83248.40771484375
83205.81787109375
83161.27465820312
83112.556640625
83022.13012695312
82970.931640625
82927.49633789062
82886.24560546875
82845.38720703125
82797.06127929688
82750.43627929688
82699.3583984375
82658.8076171875
82596.8017578125
82558.87036132812
82498.2958984375
82360.07373046875
82268.326171875
82185.83544921875
82140.83959960938
82095.84375
82056.12548828125
82008.85205078125
81926.37255859375
81828.1923828125
81756.7861328125
81701.82421875
81618.51318359375
81578.85693359375
81507.6796875
81454.51220703125
81402.33422851562
81330.46166992188
81118.322265625
81058.85522460938
81026.47973632812
80991.58325195312
80958.37353515625
80920.0771484375
80861.43481445312
80828.57275390625
80742.39501953125
80685.99731445312
80650.40942382812
80611.001953125
80581.79125976562
80540.79345703125
80511.6591796875
80480.26831054688
80445.15698242188
80416.25317382812
80389.9443359375
80351.66186523438
80313.43481445312
80272.92602539062
80240.95532226562
80209.47021484375
80182.52587890625
80161.25634765625
80122.96899414062
80082.7607421875
80015.78979492188
79961.77294921875
79937.73388671875
79904.40625
79868.39721679688
79844.47094726562
79812.7490234375
79769.30053710938
79736.32666015625
79334.44018554688
79286.8662109375
79266.05126953125
79236.01879882812
79210.64331054688
79184.9052734375
79157.10083007812
79098.8681640625
79083.728515625
79056.60229492188
79036.31909179688
79008.68823242188
78992.11669921875
78968.76196289062
78945.15625
78914.18603515625
78877.1376953125
78845.60400390625
78805.6904296875
78776.044921875
78750.22802734375
78729.76171875
78710.60034179688
78699.3095703125
78681.5771484375
78668.2001953125
78646.52294921875
78624.02001953125
78604.15258789062
78589.56396484375
78576.82373046875
78553.47094726562
78525.16870117188
78498.61840820312
78472.015625
78451.05981445312
78425.61059570312
78406.37939453125
78378.6328125
78353.02514648438
78315.60546875
78292.908203125
78268.8505859375
78258.75
78240.3994140625
78216.38647460938
78196.7451171875
78172.31176757812
78152.45361328125
78130.70703125
78100.61889648438
78093.36181640625
78095.6376953125
78071.82470703125
78049.87158203125
78027.86010742188
77975.66357421875
77965.908203125
77773.31225585938
77699.2646484375
77626.2265625
77586.86352539062
77568.10302734375
77525.7158203125
77489.87036132812
77456.33349609375
77433.27124023438
77413.37817382812
77393.35888671875
77372.380859375
77343.912109375
77328.3486328125
77316.94580078125
77307.2734375
77294.85766601562
77277.8759765625
77250.16430664062
77222.92407226562
77205.3232421875
77184.16870117188
77159.30126953125
77131.9345703125
77106.64379882812
77099.10815429688
77058.03344726562
77000.337890625
76957.28247070312
76924.73950195312
76906.46411132812
76862.82690429688
76829.12084960938
76788.49755859375
76747.8916015625
76749.806640625
76751.83154296875
76703.96899414062
76668.56372070312
76656.36108398438
76651.64306640625
76618.68676757812
76572.16967773438
76550.94458007812
76530.95654296875
76500.13134765625
76477.09252929688
76453.33129882812
76434.11059570312
76410.9853515625
76404.21630859375
76393.720703125
76380.37182617188
76342.44873046875
76320.54614257812
76296.69580078125
76265.97509765625
76247.31201171875
76227.455078125
76203.80590820312
76184.23828125
76163.74731445312
76146.2626953125
76125.96752929688
76103.77734375
76089.7998046875
76067.75146484375
76047.61499023438
76032.10009765625
76012.73608398438
75993.7314453125
75975.50146484375
75957.9697265625
75940.77368164062
75934.99853515625
75918.583984375
75896.11596679688
75908.94458007812
75876.84545898438
75833.869140625
75839.5224609375
75797.68798828125
75775.79052734375
75750.5068359375
75728.8935546875
75712.55224609375
75689.7939453125
75664.55639648438
75642.560546875
75649.41259765625
75613.55737304688
75599.79052734375
75565.37915039062
75537.94970703125
75507.00024414062
75484.01879882812
75456.37768554688
75439.41284179688
