cost:	
1075684.390625
586938.533203125
268134.599609375
134109.001953125
99542.50537109375
94867.59716796875
93546.39379882812
92198.75390625
91499.6494140625
91310.0908203125
91175.16723632812
91097.83642578125
90998.89379882812
90976.00268554688
90916.24462890625
90860.07470703125
90852.4404296875
90823.16357421875
90813.85986328125
90798.4931640625
90813.23681640625
90767.86206054688
90720.44995117188
90717.36059570312
90672.38720703125
90699.9033203125
90653.46728515625
90695.8076171875
90638.7998046875
90605.966796875
90667.60205078125
90609.447265625
90582.54833984375
90592.99560546875
90574.67041015625
90564.74169921875
90519.40673828125
90583.765625
90548.03857421875
90543.32202148438
90532.82421875
90518.51416015625
90486.34326171875
90466.6953125
90467.13110351562
90456.7646484375
90562.267578125
90578.55541992188
90479.68115234375
90405.6103515625
90421.9609375
90339.427734375
90291.59594726562
90343.72314453125
90317.41796875
90297.48803710938
90429.44873046875
90311.0927734375
90263.86254882812
90271.58618164062
90261.3544921875
90226.47314453125
90249.86962890625
90228.302734375
90178.060546875
90139.36767578125
90151.58422851562
90129.22021484375
90127.73950195312
90078.80078125
90046.27880859375
90071.60693359375
90071.00219726562
90075.82373046875
90013.08911132812
89902.98315429688
89964.34838867188
89883.134765625
89912.39770507812
89991.06616210938
89833.67016601562
89853.72094726562
89836.99853515625
89913.529296875
89778.94653320312
89796.76171875
89712.08447265625
89707.94677734375
89608.73193359375
89680.1005859375
89613.87036132812
89617.71826171875
89416.59423828125
89380.5380859375
89219.818359375
89087.39990234375
88931.66918945312
88842.58447265625
88742.38110351562
88589.74365234375
88316.599609375
87985.56201171875
87550.89526367188
86955.37548828125
86666.14379882812
86243.80395507812
85764.28784179688
85350.39306640625
85020.86108398438
84629.39868164062
84365.31811523438
83960.30224609375
83686.22875976562
83349.78369140625
82997.71264648438
82664.59130859375
82320.31103515625
82012.45947265625
81655.697265625
81310.94384765625
80946.24951171875
80642.62670898438
80357.94677734375
80014.42211914062
79728.36279296875
79442.1591796875
79198.9384765625
78906.48071289062
78681.71435546875
78428.57275390625
78173.73876953125
77910.18408203125
77714.73706054688
77420.39697265625
77179.8837890625
76936.03271484375
76705.01928710938
76457.18920898438
76151.63305664062
75921.669921875
75691.98095703125
75412.88525390625
75182.79711914062
74883.72827148438
74614.14086914062
74360.79956054688
74066.04028320312
73810.89038085938
73588.24169921875
73311.4228515625
73061.3017578125
72783.767578125
72477.70458984375
72256.40209960938
71914.82177734375
71577.533203125
71313.40966796875
71065.14477539062
70732.47973632812
70503.68920898438
70171.44213867188
69923.78588867188
69621.798828125
69297.05859375
68988.32836914062
68663.2900390625
68323.55004882812
67997.25146484375
67683.55712890625
67384.498046875
67039.61791992188
66718.78686523438
66354.40893554688
66066.25756835938
65698.18286132812
65409.563232421875
65044.05712890625
64736.93603515625
64409.152099609375
64107.310546875
63779.0517578125
63448.546630859375
63123.0107421875
62853.43127441406
62551.313720703125
62230.216064453125
61914.96044921875
61659.769287109375
61367.3515625
61058.764404296875
60790.1552734375
60498.81298828125
60188.694091796875
59883.623046875
59646.6533203125
59323.96875
59058.66015625
58775.05224609375
58469.171630859375
58185.27978515625
57883.6533203125
57618.34423828125
57335.73010253906
57102.6123046875
56777.177490234375
56504.692138671875
56243.45324707031
55960.658447265625
55709.462890625
55457.472412109375
55147.32763671875
54863.517578125
54582.90283203125
54299.51025390625
54012.92138671875
53727.947021484375
53433.59362792969
53161.133056640625
52903.010009765625
52614.6513671875
52345.8310546875
52058.70263671875
51757.909912109375
51510.205078125
51208.574462890625
50946.740966796875
50634.2060546875
50374.24609375
50078.162841796875
49814.1318359375
49525.03173828125
49261.368408203125
48968.61535644531
48665.47741699219
48406.28173828125
48146.78271484375
47833.4052734375
47576.0986328125
47308.146484375
47017.00048828125
46746.40576171875
46450.911376953125
46167.79638671875
45902.837646484375
45608.143310546875
45359.3740234375
45077.540771484375
44807.75634765625
44514.555419921875
44248.62451171875
44001.30065917969
43719.771728515625
43468.81701660156
43203.169921875
42929.868408203125
42690.050048828125
42414.71594238281
42164.93603515625
41926.308349609375
41633.454833984375
41382.62780761719
41139.64416503906
40884.25769042969
40634.42626953125
40371.95251464844
40132.03234863281
39878.245361328125
39614.29577636719
39373.12255859375
39122.78918457031
38884.474609375
38608.0634765625
38380.18640136719
38130.1083984375
37886.38781738281
37645.49157714844
37394.80798339844
37135.14306640625
36898.567626953125
36670.394775390625
36428.83386230469
36190.15637207031
35954.760009765625
35707.23400878906
35485.352294921875
35240.07287597656
35019.33312988281
34762.459716796875
34519.338623046875
34304.92712402344
34077.41271972656
33832.21228027344
33600.35046386719
33370.25012207031
33180.62341308594
32939.872314453125
32734.498046875
32507.58056640625
32291.194580078125
32055.818725585938
31822.053588867188
31606.103759765625
31408.985595703125
31176.229248046875
30979.146728515625
30755.033935546875
30581.356201171875
30372.605346679688
30172.864501953125
29984.041870117188
29787.245483398438
29581.666748046875
29420.917846679688
29215.360595703125
29002.12353515625
28851.201538085938
28649.499389648438
28467.62890625
28281.10693359375
28078.415161132812
27898.407470703125
27726.976440429688
27557.067138671875
27357.523803710938
27181.057250976562
26982.3408203125
26790.038452148438
26610.550537109375
26435.63427734375
26274.111328125
26106.875
25940.59130859375
25740.584716796875
25547.789428710938
25389.763793945312
25249.130126953125
25065.53271484375
24922.737182617188
24767.989135742188
24558.57568359375
24389.6298828125
24215.767456054688
24061.45654296875
23897.365356445312
23745.840698242188
23570.099609375
23417.993530273438
23242.552856445312
23082.380004882812
22948.831787109375
22770.675170898438
22628.517333984375
22482.2412109375
22341.13134765625
22188.327758789062
22055.3427734375
21906.330139160156
21764.584838867188
21626.2392578125
21492.538940429688
21349.804260253906
21205.754028320312
21072.2607421875
20921.590698242188
20811.585571289062
20653.515991210938
20534.56396484375
20381.46356201172
20245.584411621094
20100.90069580078
19993.88671875
19862.688232421875
19751.986450195312
19621.89306640625
19490.826721191406
19362.44482421875
19252.110595703125
19138.85028076172
19048.20672607422
18949.367309570312
18846.3388671875
18717.596801757812
18593.333129882812
18476.163818359375
18343.862365722656
18220.720703125
18090.13104248047
17976.105407714844
17870.061950683594
17750.394592285156
17659.473205566406
17559.030517578125
17483.005615234375
17398.823303222656
17296.30731201172
17173.241149902344
17047.438903808594
16939.577026367188
16846.742431640625
16754.266723632812
