cost:	
1220248.7734375
1086640.80078125
963260.9140625
856022.2109375
764159.8046875
683784.58203125
616601.6171875
558898.423828125
511856.49609375
471409.15625
437263.666015625
409737.865234375
386212.80859375
367838.568359375
351931.03125
339165.568359375
329018.1953125
320373.09375
313534.52734375
308069.91796875
303484.71484375
299765.216796875
296841.396484375
294345.505859375
292344.314453125
290604.498046875
289163.470703125
287868.3828125
286792.646484375
285803.78515625
284922.794921875
284118.146484375
283340.109375
282635.5703125
281931.845703125
281289.228515625
280625.61328125
279992.783203125
279370.708984375
278755.9140625
278139.28515625
277536.46484375
276926.91015625
276321.8515625
275726.23046875
275121.392578125
274531.564453125
273938.884765625
273342.189453125
272746.494140625
272166.30859375
271573.767578125
271009.658203125
270427.666015625
269865.416015625
269300.091796875
268737.373046875
268158.294921875
267576.19921875
267002.19140625
266447.58984375
265869.404296875
265293.19140625
264711.4765625
264134.8515625
263568.2734375
263003.658203125
262425.302734375
261860.982421875
261274.875
260697.693359375
260147.98046875
259563.181640625
258986.552734375
258413.662109375
257839.828125
257261.03515625
256705.927734375
256113.45703125
255566.830078125
254986.5078125
254407.369140625
253826.76953125
253248.767578125
252697.625
252118.333984375
251548.84375
250971.26171875
250392.470703125
249822.755859375
249266.439453125
248701.013671875
248130.626953125
247548.658203125
246981.447265625
246422.59765625
245846.46484375
245263.06640625
244700.705078125
244127.078125
243565.068359375
243023.1484375
242488.576171875
241972.64453125
241380.8515625
240854.78515625
240324.427734375
239769.546875
239232.091796875
238681.322265625
238152.65625
237608.7421875
237088.478515625
236530.8203125
236016.716796875
235442.236328125
234923.66015625
234379.943359375
233834.80859375
233297.5244140625
232758.8125
232258.4189453125
231695.36328125
231161.31640625
230634.654296875
230092.833984375
229567.669921875
229047.068359375
228541.4970703125
227968.0400390625
227437.19140625
226930.296875
226398.6328125
225859.38671875
225338.81640625
224820.3671875
224286.765625
223776.34765625
223251.349609375
222715.1142578125
222196.99609375
221690.3515625
221151.265625
220649.548828125
220131.130859375
219601.859375
219079.32421875
218585.15234375
218058.3203125
217542.390625
217044.091796875
216553.1171875
216053.0390625
215589.5390625
215079.275390625
214593.892578125
214096.98828125
213628.0966796875
213114.1962890625
212644.458984375
212166.3671875
211670.6982421875
211192.03125
210707.1103515625
210231.1015625
209746.1318359375
209273.5908203125
208784.341796875
208325.1513671875
207849.73046875
207358.26953125
206881.1630859375
206422.8828125
205940.2734375
205472.16796875
204992.787109375
204534.078125
204048.759765625
203603.6083984375
203119.6650390625
202663.265625
202197.8212890625
201717.828125
201253.005859375
200799.0625
200335.021484375
199874.802734375
199411.337890625
198972.87109375
198499.91796875
198042.447265625
197584.912109375
197127.259765625
196674.056640625
196230.79296875
195784.208984375
195317.9267578125
194874.2197265625
194430.1298828125
193976.5078125
193545.86328125
193099.01953125
192677.244140625
192269.888671875
191834.00390625
191407.650390625
190987.296875
190573.5625
190133.26953125
189726.888671875
189315.908203125
188876.2255859375
188459.4375
188050.603515625
187631.98828125
187238.009765625
186806.798828125
186399.751953125
185986.6962890625
185580.68359375
185163.64453125
184759.015625
184342.4296875
183945.6591796875
183555.96484375
183129.109375
182735.6787109375
182318.111328125
181909.0068359375
181519.103515625
181129.357421875
180730.587890625
180330.6953125
179924.90625
179541.78125
179137.4296875
178741.4765625
178351.455078125
177973.88671875
177578.5498046875
177189.30078125
176797.50390625
176421.08984375
176024.451171875
175638.146484375
175247.8486328125
174875.765625
174487.16796875
174120.115234375
173746.197265625
173345.638671875
172983.0400390625
172621.3154296875
172256.8701171875
171900.83984375
171540.6826171875
171186.103515625
170827.46484375
170490.181640625
170121.8857421875
169771.0185546875
169407.9208984375
169061.7373046875
168705.6494140625
168356.6396484375
168013.1611328125
167662.3193359375
167318.86328125
166968.9267578125
166618.162109375
166276.51953125
165932.095703125
165595.423828125
165250.3251953125
164906.6982421875
164579.2802734375
164220.357421875
163883.8291015625
163555.4609375
163204.40234375
162883.35546875
162566.9443359375
162210.09765625
161879.4375
161566.5029296875
161222.1728515625
160896.76171875
160577.4775390625
160238.93359375
159906.97265625
159588.533203125
159275.7001953125
158946.193359375
158644.166015625
158296.65234375
157967.71875
157652.1083984375
157335.06640625
157020.2783203125
156703.76171875
156387.8740234375
156095.6650390625
155791.2470703125
155489.2841796875
155199.962890625
154900.103515625
154598.798828125
154291.7021484375
153994.845703125
153704.6083984375
153408.1494140625
153110.810546875
152826.677734375
152530.697265625
152242.4208984375
151956.89453125
151668.658203125
151381.4638671875
151091.3330078125
150805.0400390625
150529.2333984375
150246.37109375
149960.396484375
149673.220703125
149406.36328125
149113.3525390625
148831.3583984375
148557.427734375
148284.5341796875
148005.4052734375
147721.02734375
147444.1064453125
147182.248046875
146897.5185546875
146644.1005859375
146354.3740234375
146089.3271484375
145816.14453125
145540.6005859375
145273.7890625
145011.4853515625
144746.55078125
144473.5859375
144225.7255859375
143948.75927734375
143693.22314453125
143447.7607421875
143170.8427734375
142913.6708984375
142655.6923828125
142393.61328125
142158.1982421875
141894.0205078125
141654.845703125
141403.396484375
141175.7109375
140920.6767578125
140681.583984375
140431.5419921875
140205.4736328125
139975.21484375
139723.9658203125
139480.21337890625
139250.6669921875
139016.25390625
138774.3154296875
138532.9052734375
138309.166015625
138067.923828125
137837.978515625
137604.92626953125
137370.1552734375
137158.31640625
136909.876953125
136702.12646484375
136452.013671875
136234.619140625
136003.8115234375
135780.8642578125
135559.767578125
135349.423828125
135105.6748046875
134884.52587890625
134673.373046875
134453.0048828125
134227.0390625
134011.1904296875
133790.2890625
133578.01220703125
133344.3037109375
133131.009765625
132926.1533203125
132723.26953125
132506.1015625
132285.5732421875
132072.994140625
131867.97998046875
131665.091796875
131436.7119140625
131237.5126953125
