cost:	
7341832.5234375
7184488.98046875
7173205.96875
7164455.734375
7157723.015625
7152481.203125
7148394.96484375
7145148.5234375
7142570.984375
7140493.36328125
7138794.921875
7137426.70703125
7136291.9765625
7135344.54296875
7134564.9453125
7133907.52734375
7133357.97265625
7132890.79296875
7132472.03125
7132149.37109375
7131847.84375
7131579.5625
7131387.96875
7131168.06640625
7131005.1015625
7130866.609375
7130752.40625
7130628.171875
7130516.98046875
7130433.97265625
7130329.85546875
7130238.31640625
7130157.03515625
7130096.015625
7130052.1328125
7129972.546875
7129908.71875
7129847.40234375
7129819.171875
7129766.90625
7129691.8828125
7129669.22265625
7129628.2109375
7129562.87890625
7129560.20703125
7129491.390625
7129451.69921875
7129399.546875
7129329.05859375
7129296.1171875
7129236.515625
7129155.4453125
7129125.8203125
7129079.296875
7129070.140625
7129014.96875
7128949.0625
7128916.82421875
7128893.80859375
7128841.1484375
7128790.21484375
7128756.55859375
7128717.64453125
7128675.35546875
7128621.71484375
7128565.14453125
7128580.92578125
7128517.12890625
7128478.46875
7128407.9453125
7128407.1015625
7128379.05078125
7128323.8828125
7128283.85546875
7128254.546875
7128219.5390625
7128203.21484375
7128162.80859375
7128134.671875
7128075.53515625
7128055.33203125
7128020.8828125
7127978.99609375
7127967.14453125
7127923.33984375
7127872.35546875
7127883.1328125
7127877.5078125
7127833.73046875
7127761.9609375
7127755.08203125
7127727.6171875
7127692.875
7127667.7890625
7127640.2109375
7127628.75390625
7127580.93359375
7127564.6640625
7127543.07421875
7127525.203125
7127492.15625
7127457.7578125
7127429.109375
7127395.58984375
7127379.75
7127342.21875
7127318.91015625
7127329.66015625
7127288.26171875
7127281.23046875
7127266.59375
7127228.9765625
7127210.890625
7127205.3046875
7127179.390625
7127161.1640625
7127131.4765625
7127124.21484375
7127110.97265625
7127076.89453125
7127065.9375
7127063.8671875
7127042.21484375
7127012.140625
7126990.578125
7126966.26171875
7126968.625
7126925.5859375
7126912.6328125
7126920.30859375
7126896.14453125
7126872.5859375
7126843.92578125
7126854.9765625
7126828.34375
7126816.42578125
7126777.55859375
7126788.7265625
7126760.3828125
7126747.55859375
7126733.828125
7126704.51171875
7126727.484375
7126693.171875
7126678.05859375
7126667.37109375
7126635.63671875
7126605.7109375
7126600.48046875
7126587.85546875
7126548.046875
7126547.18359375
7126562.79296875
7126527.859375
7126513.6796875
7126501.265625
7126492.15625
7126469.046875
7126461.95703125
7126443.77734375
7126438.828125
7126442.4296875
7126424.66015625
7126411.7109375
7126393.69921875
7126381.80078125
7126348.95703125
7126360.0703125
7126330.96484375
7126332.55078125
7126326.01171875
7126303.546875
7126305.76171875
7126302.34375
7126295.6640625
7126266.36328125
7126265.3984375
7126265.37109375
7126234.12890625
7126222.15234375
7126213.1640625
7126229.3984375
7126219.75390625
7126191.12109375
7126175.37890625
7126179.83203125
7126183.9921875
7126175.93359375
7126145.8828125
7126129.76171875
7126127.22265625
7126118.0546875
7126109.51171875
7126109.15625
7126096.3359375
7126094.7578125
7126095.515625
7126088.0
7126066.76171875
7126045.92578125
7126029.8671875
7126000.9140625
7125997.73828125
7125988.42578125
7125986.16796875
7125984.81640625
7125978.6875
7125966.58984375
7125970.22265625
7125962.8125
7125946.10546875
7125957.69140625
7125944.95703125
7125942.8203125
7125926.02734375
7125924.30859375
7125916.42578125
7125898.890625
7125907.375
7125893.80859375
7125876.1953125
7125877.04296875
7125868.10546875
7125870.859375
7125868.2578125
7125865.1484375
7125869.68359375
7125841.578125
7125825.73828125
7125827.94921875
7125845.2109375
7125834.69140625
7125838.15234375
7125806.10546875
7125807.72265625
7125801.41796875
7125783.1484375
7125794.4921875
7125794.43359375
7125785.7578125
7125806.68359375
7125760.29296875
7125765.9921875
7125753.4296875
7125752.09765625
7125754.76953125
7125740.296875
7125739.5234375
7125747.77734375
7125725.4453125
7125702.28125
7125689.0390625
7125697.546875
7125675.578125
7125673.6484375
7125657.47265625
7125668.5078125
7125662.5703125
7125669.5546875
7125673.35546875
7125676.47265625
7125675.07421875
7125669.24609375
7125655.21484375
7125646.5859375
7125633.0390625
7125631.28125
7125622.48046875
7125623.92578125
7125636.16796875
7125637.40234375
7125627.875
7125631.68359375
7125610.59375
7125608.8046875
7125619.0234375
7125619.7734375
7125604.04296875
7125596.84375
7125598.1796875
7125568.16796875
7125595.41015625
7125593.44921875
7125593.7265625
7125585.7578125
7125576.828125
7125585.5625
7125568.98046875
7125540.95703125
7125550.64453125
7125575.41796875
7125564.453125
7125557.25390625
7125554.765625
7125552.25390625
7125555.41015625
7125555.13671875
7125529.19140625
7125530.5078125
7125528.984375
7125526.0546875
7125496.05078125
7125499.7734375
7125509.4765625
7125497.7578125
7125487.49609375
7125490.40234375
7125507.890625
7125502.17578125
7125494.75390625
7125508.65234375
7125480.6328125
7125480.6875
7125482.4375
7125482.953125
7125472.34765625
7125469.640625
7125466.4609375
7125462.31640625
7125503.046875
7125458.90625
7125463.66015625
7125455.23046875
7125474.24609375
7125477.015625
7125448.05078125
7125472.8671875
7125465.515625
7125458.5234375
7125451.9375
7125465.5703125
7125445.34375
7125450.4296875
7125448.82421875
7125433.32421875
7125424.7421875
7125451.44140625
7125436.28515625
7125429.90625
7125425.67578125
7125416.4296875
7125435.01171875
7125420.84375
7125420.81640625
7125415.80078125
7125415.3828125
7125424.765625
7125433.34765625
7125431.57421875
7125413.90625
7125408.77734375
7125396.015625
7125387.9296875
7125392.515625
7125383.73828125
7125387.34765625
7125395.5390625
7125387.9375
7125381.73828125
7125394.16015625
7125378.0625
7125388.115234375
7125373.01953125
7125391.75390625
7125378.017578125
7125399.26953125
7125390.7421875
7125371.73046875
7125363.6171875
7125364.16015625
7125391.78125
7125366.859375
7125357.30078125
7125372.6796875
7125363.154296875
7125360.16015625
7125361.7890625
7125368.2890625
7125351.51953125
7125354.2265625
7125357.359375
7125381.65234375
7125375.75
7125362.7109375
7125374.52734375
7125358.01171875
7125355.3203125
7125344.34375
7125355.8046875
7125366.26171875
7125347.0546875
7125344.89453125
7125341.28125
7125342.87890625
7125376.59375
7125372.015625
7125337.6640625
7125331.59765625
7125313.171875
7125331.63671875
