cost:	
1217085.75390625
982387.48828125
765944.94140625
599526.646484375
474335.57421875
387616.98828125
328290.90234375
289794.42578125
264600.0849609375
248998.04296875
238676.5439453125
232714.630859375
228495.70703125
225914.67578125
224062.40625
222680.017578125
221585.53515625
220658.9892578125
219821.0126953125
219086.47265625
218425.5546875
217796.859375
217199.845703125
216630.3515625
216109.259765625
215577.4189453125
215075.9765625
214579.380859375
214125.193359375
213662.6318359375
213203.322265625
212781.158203125
212359.166015625
211947.19921875
211554.8125
211134.693359375
210754.2392578125
210332.9765625
209992.8466796875
209573.34375
209203.81640625
208833.3984375
208436.00390625
208089.626953125
207729.408203125
207364.775390625
207001.458984375
206615.0087890625
206295.123046875
205957.44140625
205575.91796875
205230.341796875
204882.9052734375
204585.603515625
204205.626953125
203878.71484375
203575.630859375
203211.486328125
202881.306640625
202539.1015625
202184.4794921875
201860.78515625
201547.7451171875
201210.62890625
200868.953125
200562.6640625
200205.2890625
199877.3359375
199551.40234375
199230.2958984375
198923.923828125
198576.5234375
198233.35546875
197914.947265625
197571.501953125
197260.84375
196955.8984375
196624.494140625
196261.9794921875
195941.0439453125
195616.67578125
195291.603515625
194957.9208984375
194651.69921875
194344.3486328125
193999.185546875
193679.64453125
193329.80859375
193019.96484375
192704.837890625
192374.275390625
192026.9130859375
191699.708984375
191382.3359375
191072.5634765625
190763.724609375
190401.765625
190109.611328125
189764.765625
189435.40234375
189120.068359375
188805.349609375
188499.796875
188173.9267578125
187882.1943359375
187571.552734375
187263.19921875
186954.2890625
186677.673828125
186330.8017578125
186017.103515625
185726.705078125
185417.693359375
185121.3203125
184806.7607421875
184492.97265625
184157.041015625
183903.8037109375
183589.01953125
183277.9580078125
182966.099609375
182655.5400390625
182378.45703125
182026.8349609375
181763.89453125
181451.001953125
181136.3759765625
180850.064453125
180539.365234375
180225.59765625
179936.908203125
179616.466796875
179318.29296875
179030.521484375
178714.52734375
178441.0068359375
178130.078125
177830.4462890625
177528.14453125
177254.91015625
176911.521484375
176650.439453125
176377.2177734375
176063.81640625
175760.6162109375
175458.0458984375
175137.923828125
174880.1953125
174593.603515625
174298.443359375
173981.4140625
173707.26171875
173430.716796875
173129.869140625
172885.2705078125
172581.9375
172295.34765625
172016.97265625
171720.8466796875
171469.17578125
171185.03125
170959.478515625
170609.365234375
170350.474609375
170048.6103515625
169841.6328125
169523.8642578125
169267.5654296875
169019.453125
168707.06640625
168421.025390625
168152.66015625
167900.517578125
167636.8994140625
167368.8916015625
167086.146484375
166809.7734375
166551.8154296875
166278.921875
166015.3212890625
165743.5146484375
165470.6884765625
165185.8232421875
164953.0576171875
164699.1748046875
164401.3359375
164126.0751953125
163884.8544921875
163605.3779296875
163321.9208984375
163077.029296875
162840.775390625
162559.1279296875
162301.634765625
162020.2822265625
161784.44140625
161511.34375
161257.23046875
161011.2021484375
160732.384765625
160466.0380859375
160200.9033203125
159978.27734375
159751.880859375
159483.9384765625
159274.2421875
159001.361328125
158792.8857421875
158507.96484375
158272.876953125
158030.7646484375
157787.69921875
157530.6494140625
157308.263671875
157071.970703125
156803.76953125
156580.509765625
156366.85546875
156142.205078125
155869.291015625
155635.90234375
155383.8955078125
155145.49609375
154931.458984375
154692.8232421875
154462.716796875
154252.662109375
153994.4296875
153756.025390625
153525.2294921875
153275.2919921875
153106.2900390625
152811.4873046875
152621.6181640625
152392.30859375
152159.279296875
151895.5986328125
151725.8623046875
151476.0
151242.888671875
151005.2021484375
150758.1708984375
150530.9453125
150340.46875
150088.087890625
149894.6494140625
149666.818359375
149414.73828125
149191.0009765625
148981.1708984375
148750.365234375
148548.5341796875
148320.7568359375
148126.369140625
147911.98828125
147692.501953125
147485.82421875
147280.455078125
147086.7333984375
146879.0576171875
146681.0625
146454.1083984375
146231.3876953125
146032.716796875
145844.58203125
145630.869140625
145408.2333984375
145228.71484375
145003.72265625
144827.7685546875
144604.462890625
144409.4208984375
144185.771484375
144016.55078125
143789.7470703125
143590.7822265625
143406.087890625
143223.0625
142998.1787109375
142808.166015625
142602.271484375
142447.220703125
142210.8125
142018.57421875
141826.1806640625
141630.1982421875
141476.107421875
141244.15625
141067.923828125
140862.49560546875
140677.013671875
140471.43359375
140290.994140625
140098.111328125
139936.65234375
139708.1982421875
139533.6748046875
139350.033203125
139126.193359375
138964.072265625
138840.58642578125
138600.126953125
138432.2021484375
138230.76953125
138052.55126953125
137894.6728515625
137721.7841796875
137521.9892578125
137332.04052734375
137165.2724609375
136974.1787109375
136822.0205078125
136635.83984375
136484.935546875
136288.40478515625
136122.84326171875
135957.4208984375
135781.49609375
135616.359375
135444.9208984375
135284.6240234375
135101.9130859375
134927.9033203125
134750.04541015625
134585.26708984375
134427.486328125
134258.005859375
134078.90625
133925.5068359375
133768.802734375
133613.94921875
133434.1875
133268.9658203125
133105.5771484375
132920.41064453125
132752.6552734375
132609.412109375
132463.4677734375
132295.14501953125
132118.52490234375
131963.4931640625
131839.31689453125
131679.865234375
131514.9599609375
131314.4609375
131169.0908203125
131042.3056640625
130870.626953125
130709.208984375
130559.3603515625
130349.69775390625
130227.42578125
130066.91015625
129908.3359375
129773.25732421875
129635.9912109375
129470.8251953125
129326.9365234375
129213.83203125
129014.8955078125
128924.05224609375
128735.7939453125
128616.9765625
128440.4306640625
128351.71044921875
128148.54638671875
128043.521484375
127879.111328125
127745.22314453125
127596.169921875
127447.81298828125
127306.421875
127178.84326171875
127011.68017578125
126882.7021484375
126735.3212890625
126606.2431640625
126469.7138671875
126330.78759765625
126188.56005859375
126043.3525390625
125949.1142578125
125782.95703125
125633.9326171875
125515.759765625
125382.283203125
125231.787109375
125076.8603515625
124965.37109375
124847.3818359375
124673.80615234375
124572.3310546875
124461.98681640625
124334.521484375
124202.00390625
124028.2763671875
123922.6728515625
123768.8212890625
123630.5576171875
123498.51220703125
