cost:	
1220358.7734375
1151545.04296875
1078085.546875
1011013.44921875
948016.2109375
887954.9296875
832565.328125
779692.3125
730533.09375
684298.51953125
641605.26953125
600312.568359375
562719.974609375
527191.7109375
493368.85546875
462584.150390625
433208.708984375
406103.388671875
380603.56640625
357329.083984375
335043.7666015625
314657.8740234375
296090.0693359375
278119.5673828125
261907.5390625
246992.4794921875
233190.28955078125
220235.4775390625
208452.9384765625
197675.291015625
187751.658203125
178604.6748046875
170164.8173828125
162627.12353515625
155620.02197265625
149042.11669921875
143416.94921875
138026.435546875
133261.279296875
128950.73388671875
124958.189453125
121292.95166015625
118061.23876953125
115162.78369140625
112529.474609375
110113.341796875
107960.841796875
106039.875
104271.7294921875
102776.91796875
101394.46484375
100169.84375
99090.16455078125
98149.49682617188
97254.05517578125
96479.84497070312
95801.57861328125
95169.1611328125
94611.42578125
94088.9013671875
93667.1259765625
93254.87890625
92921.154296875
92595.53564453125
92307.10400390625
92070.49853515625
91837.18676757812
91640.0048828125
91466.646484375
91304.43505859375
91172.17504882812
91039.62915039062
90932.974609375
90834.99194335938
90746.353515625
90667.66015625
90597.47583007812
90531.3291015625
90481.65405273438
90425.48120117188
90386.00244140625
90342.25537109375
90310.65673828125
90269.81787109375
90238.66162109375
90215.4814453125
90190.61962890625
90168.21166992188
90144.29931640625
90126.533203125
90108.28955078125
90089.83227539062
90072.91040039062
90062.14404296875
90043.51611328125
90035.056640625
90019.8974609375
90004.96215820312
89994.1201171875
89982.0078125
89969.97290039062
89954.14233398438
89944.654296875
89931.31689453125
89921.32568359375
89909.80615234375
89899.81201171875
89885.21899414062
89874.2275390625
89861.689453125
89841.7373046875
89825.91552734375
89805.18212890625
89783.94067382812
89755.16674804688
89741.5751953125
89718.15893554688
89700.92919921875
89684.47265625
89661.91625976562
89641.2822265625
89614.42749023438
89599.43408203125
89575.39233398438
89562.8310546875
89542.44384765625
89523.34936523438
89505.86962890625
89480.873046875
89464.70166015625
89448.89453125
89429.95043945312
89404.4296875
89384.0390625
89369.544921875
89358.55712890625
89340.21630859375
89314.32885742188
89290.37377929688
89215.5634765625
89097.23779296875
89027.92358398438
88979.9189453125
88150.77783203125
87663.62255859375
87398.37255859375
86944.6572265625
86614.47973632812
86388.3408203125
86092.70776367188
85886.7744140625
85708.99780273438
85482.38061523438
85181.3408203125
85079.39282226562
84871.791015625
84704.92700195312
84580.96240234375
84466.23291015625
84358.49047851562
84253.54516601562
84149.87719726562
84025.77392578125
83846.759765625
83711.50903320312
83626.83056640625
83561.03662109375
83498.02075195312
83417.11938476562
83363.783203125
83299.71923828125
83227.71899414062
83082.86987304688
82900.58154296875
82736.89965820312
82588.86840820312
82441.86279296875
82361.62060546875
82273.1728515625
82207.525390625
82137.2998046875
82086.9462890625
82017.52587890625
81972.7509765625
81922.15991210938
81888.486328125
81850.43041992188
81812.2666015625
81774.23803710938
81739.43603515625
81700.95336914062
81666.93286132812
81636.6533203125
81605.97314453125
81571.91625976562
81537.98828125
81509.52734375
81483.62231445312
81451.39331054688
81422.0869140625
81379.7216796875
81319.75756835938
81285.71459960938
81263.33251953125
81238.94287109375
81207.158203125
81176.66162109375
81144.83422851562
81121.1728515625
81093.1513671875
81068.06811523438
81045.193359375
81019.599609375
80986.88037109375
80959.56201171875
80925.29174804688
80760.89013671875
80671.84106445312
80617.3447265625
80269.43408203125
80205.31811523438
80034.94897460938
79979.3720703125
79931.21044921875
79880.43310546875
79813.26904296875
79767.8818359375
79730.939453125
79690.6044921875
79652.21435546875
79607.01220703125
79563.37744140625
79529.38940429688
79497.60571289062
79461.51831054688
79411.99951171875
79375.10913085938
79338.53002929688
79313.86889648438
79283.45703125
79264.46240234375
79235.18286132812
79210.0625
79186.01953125
79162.76171875
79141.57641601562
79122.13134765625
79100.65014648438
79072.71557617188
79048.87451171875
79023.62963867188
78997.86938476562
78978.36376953125
78948.97778320312
78923.78173828125
78899.73291015625
78873.68872070312
78856.4345703125
78832.8681640625
78804.61450195312
78781.05346679688
78763.6337890625
78740.76684570312
78720.87182617188
78695.50537109375
78672.21166992188
78650.40209960938
78632.15454101562
78607.8662109375
78586.68115234375
78570.15478515625
78546.69140625
78530.8359375
78509.10009765625
78485.77490234375
78465.94482421875
78443.5625
78421.5341796875
78391.43408203125
78374.39501953125
78347.11254882812
78331.14404296875
78318.1630859375
78302.90209960938
78269.84350585938
78234.4033203125
78232.7783203125
78193.74243164062
78163.7802734375
78142.95703125
78133.82543945312
78088.46850585938
78048.53564453125
78021.08862304688
77984.02490234375
77961.35327148438
77938.07592773438
77914.10498046875
77894.87084960938
77876.83520507812
77867.55444335938
77845.32153320312
77809.59033203125
77795.61694335938
77773.42529296875
77756.40771484375
77734.1884765625
77716.91137695312
77685.5556640625
77664.33447265625
77638.63500976562
77614.79541015625
77600.89111328125
77571.17407226562
77545.67138671875
77512.78564453125
77495.8916015625
77479.45458984375
77443.05053710938
77422.68383789062
77425.59057617188
77429.77294921875
77401.75146484375
77373.24267578125
77338.34252929688
77318.47216796875
77300.97583007812
77290.71630859375
77245.99389648438
77234.02978515625
77215.44140625
77202.48950195312
77187.3837890625
77153.86181640625
77126.8369140625
77101.58837890625
77111.70629882812
77083.79321289062
77084.26611328125
77053.68798828125
77010.70751953125
76992.66943359375
76966.9931640625
76994.95825195312
76968.46240234375
76923.80029296875
76897.42358398438
76885.09692382812
76855.31079101562
76824.8349609375
76805.15502929688
76773.24877929688
76751.58203125
76727.75268554688
76705.58471679688
76683.29345703125
76669.65161132812
76649.64794921875
76629.22583007812
76608.9208984375
76584.06689453125
76567.53173828125
76544.7978515625
76529.06494140625
76508.1357421875
76509.03295898438
76477.57592773438
76464.95874023438
76440.59106445312
76432.18481445312
76420.265625
76406.0244140625
76372.93383789062
76349.62939453125
76324.96923828125
76301.201171875
76297.9140625
76260.45166015625
76256.68359375
76220.619140625
76198.912109375
76189.6591796875
76174.45141601562
76125.02563476562
76089.30029296875
76062.84350585938
76003.06274414062
75986.1220703125
75995.51782226562
75982.533203125
75962.7705078125
75918.7138671875
75885.365234375
75849.80859375
75834.95654296875
75811.6669921875
75794.50659179688
75772.35180664062
75754.45922851562
75727.68896484375
