cost:	
1212381.86328125
1087720.7578125
955446.87890625
838812.41015625
733864.94140625
643917.767578125
564011.205078125
494831.251953125
435892.66015625
384615.9931640625
340728.2705078125
303436.3076171875
272154.0439453125
245121.0244140625
222805.984375
204054.51171875
188459.6220703125
175392.2294921875
164831.06494140625
156256.21142578125
149166.92724609375
143329.89111328125
138695.6044921875
135049.31640625
131969.244140625
129649.5283203125
127785.701171875
126225.53125
125137.94482421875
124164.60302734375
123438.2470703125
122848.38037109375
122407.7783203125
122059.2646484375
121773.9130859375
121528.72900390625
121342.8955078125
121194.3671875
121083.19580078125
120967.65966796875
120868.224609375
120795.896484375
120713.64794921875
120654.353515625
120593.1171875
120542.9736328125
120482.2919921875
120436.8623046875
120388.2841796875
120329.73681640625
120285.06689453125
120237.4248046875
120192.25830078125
120145.3427734375
120110.6513671875
120058.439453125
119999.515625
119956.7470703125
119918.662109375
119868.919921875
119829.52099609375
119785.51171875
119745.8154296875
119697.203125
119657.9111328125
119614.275390625
119577.84765625
119518.55078125
119472.68212890625
119363.35888671875
118951.4931640625
118685.3974609375
118435.7392578125
118309.265625
118095.482421875
117894.49609375
117693.337890625
117545.5732421875
117401.67529296875
117195.55224609375
116890.8056640625
116731.8984375
116522.6103515625
116392.560546875
116259.07958984375
116116.513671875
115962.64453125
115849.3212890625
115742.91455078125
115652.6484375
115566.8095703125
115481.68603515625
115384.580078125
115288.541015625
115210.42919921875
115135.634765625
115055.86181640625
114975.77490234375
114901.60888671875
114828.36328125
114744.5400390625
114681.404296875
114604.572265625
114527.490234375
114419.6982421875
114253.3076171875
114163.9599609375
114104.6591796875
114038.7001953125
113959.205078125
113908.939453125
113838.9990234375
113765.76025390625
113696.6591796875
113643.24072265625
113580.6455078125
113506.2529296875
113449.27783203125
113373.4248046875
113289.0771484375
113129.63671875
113053.5361328125
112968.9375
112897.52490234375
112844.7744140625
112787.6904296875
112715.9755859375
112662.71240234375
112618.02734375
112561.5234375
112510.705078125
112457.3876953125
112409.888671875
112361.3203125
112305.775390625
112261.9521484375
112214.240234375
112164.74267578125
112101.3828125
112054.796875
112011.92236328125
111957.9638671875
111893.3662109375
111844.2861328125
111800.50390625
111745.2255859375
111698.4775390625
111652.6162109375
111604.82568359375
111545.63818359375
111512.4140625
111457.7275390625
111409.857421875
111368.193359375
111318.39892578125
111274.67041015625
111228.4921875
111179.83935546875
111131.5625
111079.7236328125
111020.5859375
110957.85693359375
110906.5947265625
110861.19580078125
110744.0478515625
110690.119140625
110638.47998046875
110595.28466796875
110559.4306640625
110510.69140625
110460.74609375
110412.5888671875
110368.7158203125
110322.984375
110289.982421875
110249.6904296875
110205.3623046875
110159.6435546875
110118.251953125
110062.2236328125
110016.5947265625
109973.033203125
109927.51171875
109877.150390625
109836.173828125
109791.74609375
109744.453125
109697.7646484375
109662.322265625
109610.87890625
109588.234375
109535.94921875
109494.1708984375
109455.2294921875
109403.3994140625
109356.1943359375
109317.4404296875
109274.62548828125
109234.369140625
109194.6318359375
109156.82080078125
109106.00537109375
109067.650390625
109019.6328125
108977.46533203125
108927.8203125
108906.078125
108865.7177734375
108809.4052734375
108766.31103515625
108741.3662109375
108702.1806640625
108647.62353515625
108619.421875
108576.00537109375
108529.63134765625
108495.74267578125
108446.548828125
108413.630859375
108366.9033203125
108329.115234375
108283.5830078125
108255.9140625
108203.9443359375
108170.671875
108122.56201171875
108077.86328125
108038.517578125
108000.5048828125
107958.43359375
107917.7734375
107890.28271484375
107844.55859375
107807.0673828125
107763.36279296875
107722.10205078125
107683.439453125
107650.7109375
107611.53564453125
107567.8623046875
107532.798828125
107491.6806640625
107451.31005859375
107421.35546875
107383.7197265625
107338.794921875
107304.38720703125
107259.3525390625
107215.3603515625
107174.3369140625
107131.4892578125
107096.4130859375
107049.935546875
107030.984375
106986.9951171875
106937.9228515625
106894.0625
106865.576171875
106836.08544921875
106790.19873046875
106746.0498046875
106715.849609375
106686.3525390625
106642.6298828125
106601.861328125
106559.1240234375
106529.267578125
106491.642578125
106448.1953125
106406.4375
106368.3916015625
106335.95947265625
106306.2958984375
106257.328125
106214.267578125
106181.7265625
106136.81494140625
106111.24609375
106076.947265625
106038.201171875
106001.009765625
105954.8740234375
105923.8935546875
105885.2041015625
105846.65625
105796.59375
105768.84228515625
105712.2607421875
105638.7607421875
105605.0009765625
105560.4599609375
105510.53564453125
105468.2314453125
105434.54345703125
105382.54150390625
105334.6728515625
105282.64453125
105237.8251953125
105198.474609375
105155.7568359375
105111.61572265625
105072.03857421875
105039.1845703125
105009.21484375
104961.0947265625
104929.85546875
104897.46142578125
104847.7666015625
104801.16748046875
104768.576171875
104725.13525390625
104693.201171875
104646.8515625
104619.4482421875
104584.2177734375
104546.1865234375
104509.416015625
104474.583984375
104439.517578125
104407.671875
104373.63916015625
104315.583984375
104279.4990234375
104244.291015625
104197.890625
104179.7294921875
104132.50439453125
104094.6826171875
104064.3046875
104029.9296875
103984.32421875
103944.9091796875
103895.001953125
103856.31787109375
103815.923828125
103783.5654296875
103750.435546875
103720.8095703125
103687.7314453125
103658.6259765625
103607.42138671875
103577.798828125
103526.04296875
103484.3876953125
103451.021484375
103418.513671875
103369.7392578125
103331.94384765625
103286.5634765625
103248.69873046875
103198.3046875
103167.26220703125
103136.18017578125
103101.77197265625
103064.22314453125
103024.1435546875
102997.9228515625
102967.18017578125
102917.4853515625
102892.5263671875
102848.8173828125
102826.0986328125
102788.4130859375
102760.47265625
102725.9228515625
102686.1533203125
102633.744140625
102578.5166015625
102537.7060546875
102510.70947265625
102473.54541015625
102440.650390625
102401.69921875
102358.01220703125
102320.03564453125
102280.23681640625
102240.49267578125
102161.2451171875
102113.779296875
102074.08203125
102032.064453125
101985.7197265625
101932.2060546875
101894.6025390625
101853.615234375
101810.97216796875
101777.83935546875
101722.361328125
101684.68798828125
101639.06591796875
101600.5927734375
101555.9052734375
101521.7412109375
101488.62060546875
101447.0546875
101403.421875
101372.6337890625
101333.046875
101312.31298828125
101268.638671875
