cost:	
1091117.34765625
675395.94140625
371730.2880859375
201330.30078125
126685.998046875
100964.02514648438
93821.10913085938
91993.673828125
91346.296875
90988.99658203125
90756.7705078125
90616.07373046875
90554.98315429688
90533.87548828125
90494.64111328125
90428.197265625
90388.296875
90376.66650390625
90362.37353515625
90372.1474609375
90327.9931640625
90291.67114257812
90287.64208984375
90277.66259765625
90241.3203125
90247.16455078125
90244.48388671875
90289.1201171875
90217.34521484375
90214.4150390625
90199.80224609375
90199.943359375
90194.9765625
90176.94848632812
90178.13818359375
90201.77954101562
90147.54516601562
90153.2900390625
90161.77685546875
90128.45703125
90152.0078125
90193.72802734375
90137.12060546875
90159.45263671875
90111.1982421875
90132.20556640625
90102.10888671875
90113.71044921875
90111.64599609375
90106.93603515625
90029.9541015625
90048.05517578125
90011.67822265625
89986.1416015625
90028.3232421875
89976.2255859375
89963.4306640625
89952.58251953125
89993.57080078125
89921.6669921875
89887.3095703125
89894.1953125
89883.43286132812
89848.03662109375
89839.7626953125
89849.38208007812
89810.7568359375
89811.77709960938
89776.35034179688
89759.36083984375
89740.2119140625
89804.4208984375
89740.00756835938
89669.74438476562
89717.17114257812
89645.43359375
89703.75244140625
89689.55078125
89643.27001953125
89612.9619140625
89606.46533203125
89565.72216796875
89577.37841796875
89521.5908203125
89510.43115234375
89456.29736328125
89456.86376953125
89433.9951171875
89440.1416015625
89411.26025390625
89291.37524414062
89285.5224609375
89268.1123046875
89199.126953125
89173.32592773438
89125.82177734375
88966.16943359375
88863.95263671875
88754.16357421875
88656.970703125
88476.353515625
88315.3447265625
88174.31030273438
88098.64208984375
87883.22314453125
87705.744140625
87398.01513671875
87160.51928710938
86923.33544921875
86560.21801757812
86169.134765625
85800.07495117188
85477.1689453125
85160.84716796875
84841.412109375
84447.79638671875
84190.69921875
83830.21875
83528.00927734375
83235.45092773438
82951.22119140625
82721.55029296875
82353.12109375
82047.83813476562
81782.43041992188
81554.82421875
81244.36669921875
80993.5947265625
80696.68627929688
80405.05224609375
80168.82006835938
79891.013671875
79622.53637695312
79323.31689453125
79022.68701171875
78785.30932617188
78565.03588867188
78337.64990234375
78062.84228515625
77841.68920898438
77642.52001953125
77320.23315429688
77098.98583984375
76824.24926757812
76550.96118164062
76317.21240234375
76030.74877929688
75812.09765625
75598.40844726562
75361.08666992188
75093.974609375
74822.41455078125
74570.73217773438
74308.18286132812
74007.45776367188
73722.1865234375
73484.32934570312
73149.90185546875
72918.21313476562
72613.921875
72402.4404296875
72154.458984375
71832.31201171875
71592.6279296875
71296.06884765625
71080.72729492188
70781.94946289062
70575.32104492188
70269.71337890625
70033.64184570312
69826.9765625
69563.32666015625
69336.36181640625
69096.33642578125
68838.22338867188
68612.21704101562
68379.90454101562
68116.78515625
67849.7109375
67598.01245117188
67340.09790039062
67120.611328125
66864.7412109375
66628.78979492188
66437.5498046875
66208.56665039062
65970.08520507812
65779.6083984375
65527.264404296875
65282.65576171875
65071.4462890625
64808.957275390625
64560.973876953125
64373.286376953125
64142.430908203125
63941.8828125
63722.07958984375
63471.0166015625
63259.24853515625
63033.444580078125
62810.5166015625
62582.3291015625
62363.371826171875
62151.005126953125
61931.722900390625
61716.1025390625
61496.96337890625
61291.67724609375
61073.01318359375
60855.8017578125
60645.696533203125
60425.32568359375
60236.115966796875
59974.761962890625
59777.1513671875
59561.6240234375
59335.8046875
59131.593017578125
58910.533203125
58676.682861328125
58468.14013671875
58258.787109375
58018.074951171875
57816.95654296875
57605.0146484375
57384.751953125
57162.123046875
56960.580078125
56734.975341796875
56514.155029296875
56271.041015625
56042.15270996094
55820.585693359375
55623.299560546875
55400.855224609375
55149.07861328125
54964.11572265625
54727.7021484375
54494.63232421875
54304.002685546875
54091.89599609375
53832.13525390625
53652.16796875
53418.81298828125
53179.636962890625
52951.821044921875
52718.0810546875
52495.932373046875
52253.36999511719
52035.242431640625
51789.357177734375
51586.654541015625
51342.239013671875
51164.685791015625
50944.46923828125
50723.412353515625
50521.20263671875
50290.46728515625
50059.633056640625
49857.214599609375
49619.880859375
49437.89880371094
49193.50146484375
48968.764404296875
48751.66015625
48523.021240234375
48319.76513671875
48069.84606933594
47843.60559082031
47658.90087890625
47427.89001464844
47215.21447753906
47009.893798828125
46784.739013671875
46570.395751953125
46347.632080078125
46126.387451171875
45920.53845214844
45723.587890625
45493.0439453125
45262.005615234375
45032.87756347656
44830.511474609375
44598.550048828125
44399.43017578125
44178.21240234375
43944.896484375
43753.25598144531
43533.55456542969
43304.91748046875
43101.52197265625
42909.09130859375
42680.36706542969
42479.21325683594
42258.524658203125
42061.99353027344
41853.07653808594
41639.17492675781
41449.2744140625
41229.48498535156
41025.52160644531
40815.62451171875
40601.55432128906
40430.61865234375
40228.728759765625
40033.91125488281
39846.284423828125
39667.48400878906
39505.91345214844
39293.872314453125
39096.24060058594
38947.293212890625
38731.691650390625
38572.64050292969
38368.02990722656
38199.36779785156
38007.52673339844
37834.815185546875
37631.04211425781
37471.34814453125
37265.870361328125
37095.84875488281
36919.72351074219
36751.078369140625
36569.26574707031
36415.418212890625
36237.12145996094
36070.93762207031
35918.767822265625
35726.45300292969
35541.12805175781
35371.140380859375
35202.825927734375
35006.23889160156
34857.51232910156
34721.96179199219
34595.472900390625
34413.420166015625
34234.284912109375
34084.72509765625
33899.496337890625
33719.13464355469
33552.72937011719
33371.83874511719
33235.326171875
33060.38732910156
32923.67370605469
32793.188720703125
32697.060913085938
32538.0546875
32363.847900390625
32173.50830078125
31999.9638671875
31862.936645507812
31731.496704101562
31561.070556640625
31413.19677734375
31275.867065429688
31125.011474609375
30982.792602539062
30857.080444335938
30728.26953125
30578.7998046875
30426.616455078125
30308.487426757812
30154.443115234375
30035.901977539062
29901.669677734375
29762.342651367188
29661.76123046875
29515.362182617188
29378.368896484375
29242.1015625
29119.303833007812
28958.281494140625
28822.689086914062
28702.616455078125
28579.83154296875
28462.234985351562
28339.288452148438
28232.417846679688
28081.107299804688
27965.50897216797
27806.423461914062
27682.252319335938
27535.876953125
27445.69140625
27340.37548828125
27209.5498046875
27063.853515625
26926.159423828125
26818.17449951172
26714.5263671875
26596.286743164062
26519.460571289062
26393.26385498047
26255.740112304688
26121.969604492188
26002.287231445312
25916.720336914062
