cost:	
1234317.63671875
1232045.70703125
1230972.28515625
1230037.39453125
1229366.53515625
1228960.99609375
1228701.765625
1228537.6796875
1228439.359375
1228351.66015625
1228275.26953125
1228212.609375
1228167.04296875
1228137.7578125
1228116.078125
1228095.3828125
1228078.62890625
1228060.5859375
1228046.0
1228040.7109375
1228026.4296875
1228025.76171875
1228015.7578125
1228011.56640625
1227996.55859375
1227994.65234375
1227984.25390625
1227979.12109375
1227959.375
1227949.53125
1227928.73046875
1227915.046875
1227899.93359375
1227878.40234375
1227882.359375
1227865.3125
1227855.90234375
1227848.19921875
1227841.421875
1227845.88671875
1227839.24609375
1227839.37890625
1227833.71484375
1227834.25
1227830.9375
1227831.12109375
1227823.65234375
1227825.328125
1227829.953125
1227824.296875
