cost:	
622167.7954101562
160792.72265625
110424.67919921875
100155.95263671875
93446.982421875
91142.8935546875
89249.703125
87654.31494140625
86317.63671875
85159.98828125
83102.431640625
81578.0908203125
79935.568359375
78103.80419921875
76230.24877929688
74279.38500976562
72308.34204101562
70531.4208984375
68836.54296875
67001.78051757812
65189.15185546875
63496.361083984375
61741.635986328125
60046.001708984375
58515.10107421875
56935.803955078125
55303.264404296875
53690.908447265625
52203.83190917969
50620.326904296875
49220.090087890625
47672.22509765625
46242.40441894531
44633.16540527344
43279.37731933594
41757.235595703125
40434.345947265625
39006.4365234375
37616.23583984375
36294.92980957031
35016.9345703125
33794.70007324219
32501.41845703125
31263.088256835938
30078.465209960938
28885.195190429688
27686.034545898438
26605.341430664062
25509.470825195312
24525.277954101562
23523.99267578125
22562.399536132812
21648.770874023438
20764.137451171875
19951.432861328125
19173.809143066406
18370.594177246094
17588.50665283203
16847.962829589844
16143.874877929688
15507.401672363281
14842.781494140625
14191.09912109375
13605.100769042969
13029.890167236328
12482.926208496094
11955.083251953125
11441.674194335938
10973.007507324219
10518.469268798828
10039.439666748047
9631.170532226562
9216.244812011719
8840.712188720703
8456.263305664062
8092.069183349609
7772.12939453125
7451.98095703125
7110.969207763672
6838.739501953125
6533.453033447266
6247.940093994141
5996.446105957031
5731.920989990234
5496.003692626953
5281.94841003418
5048.773056030273
4842.649169921875
4649.24446105957
4458.717498779297
4272.21501159668
4104.562103271484
3933.1270904541016
3773.7806396484375
3619.953567504883
3484.7527465820312
3346.153579711914
3225.195037841797
3085.5014038085938
2965.165802001953
2825.0591430664062
2724.369728088379
2622.1641998291016
2518.1851348876953
2426.926803588867
2338.5254135131836
2251.3240661621094
2172.38330078125
2090.2117919921875
2016.328598022461
1948.8054733276367
1897.1346817016602
1817.2131805419922
1748.5500030517578
1683.994125366211
1624.408462524414
1565.8690948486328
1518.242691040039
1465.3155212402344
1417.0090026855469
1374.0656509399414
1323.6198043823242
1289.0159759521484
1241.2249450683594
1195.5621795654297
1159.5856857299805
1118.1759796142578
1085.454360961914
1056.9847793579102
1031.1894454956055
997.6599502563477
975.3185348510742
947.3694458007812
913.1825561523438
892.1633148193359
864.7703819274902
854.1655235290527
826.6242179870605
813.7421264648438
806.45068359375
779.6019897460938
759.7253646850586
740.5019798278809
737.2996520996094
709.4194107055664
700.6464462280273
680.395866394043
664.6737213134766
647.6154937744141
627.3976860046387
630.0192413330078
600.7530975341797
577.7523193359375
573.6527214050293
555.3109474182129
561.798511505127
538.9072723388672
537.7008590698242
518.1809272766113
513.0798377990723
511.7193908691406
498.4266166687012
495.20612716674805
502.5238342285156
496.9525032043457
495.8057975769043
512.2996292114258
505.35047912597656
477.60306549072266
488.9383544921875
482.74303436279297
475.86810302734375
463.31000900268555
451.1069984436035
447.73747634887695
434.2619094848633
427.41468811035156
421.70396423339844
424.9946746826172
429.24073028564453
420.75654220581055
419.54191970825195
415.20048904418945
396.93146896362305
395.96125411987305
392.79942321777344
392.17100524902344
388.72947692871094
393.2236976623535
396.2982635498047
390.7351379394531
393.41517639160156
393.9300346374512
383.432071685791
380.8367443084717
384.31797218322754
374.9507942199707
376.3520088195801
374.5145454406738
364.4119873046875
372.1914806365967
386.0437412261963
382.9375171661377
384.4264106750488
377.78728103637695
376.5465278625488
361.49988555908203
363.11058807373047
371.3102626800537
361.24466705322266
368.2755661010742
362.13622093200684
385.37572860717773
391.6259078979492
402.4828281402588
382.3202953338623
377.0417022705078
364.33227157592773
363.91888427734375
354.7434368133545
363.11998176574707
345.8652286529541
340.94964027404785
342.03646659851074
335.00931549072266
345.65357398986816
353.12558364868164
347.6855278015137
366.3687973022461
364.1057548522949
365.58202171325684
357.9672203063965
357.61770248413086
378.5812797546387
369.8026885986328
387.2159652709961
392.7797374725342
389.4854488372803
379.0626449584961
393.7452869415283
417.8794059753418
448.92894172668457
442.7497367858887
409.15036964416504
389.2234573364258
383.335391998291
375.17761611938477
361.88377380371094
360.0438289642334
340.0710048675537
329.94866371154785
325.6482982635498
319.0214672088623
312.89512634277344
323.4012966156006
317.8482151031494
302.73983001708984
317.1594829559326
317.70492935180664
301.2834663391113
303.9939212799072
300.10993576049805
301.77087020874023
306.46752738952637
296.3691921234131
295.244686126709
296.3942356109619
297.22530937194824
297.81045722961426
303.1843738555908
306.0418643951416
314.3659954071045
314.420597076416
332.55946922302246
347.7339630126953
350.6517696380615
379.56561279296875
376.24001693725586
391.03850173950195
397.70379638671875
409.9285888671875
400.4084587097168
393.0199966430664
384.8184242248535
393.31821060180664
382.5237274169922
399.2900047302246
392.71618270874023
396.2394218444824
414.4822883605957
412.1567974090576
405.4043502807617
381.8684768676758
373.9029121398926
380.4426326751709
389.4723930358887
387.5379333496094
390.647253036499
423.3492851257324
453.02420806884766
448.5504379272461
423.753360748291
407.08806228637695
359.07989501953125
357.2788562774658
337.5809860229492
329.86992263793945
322.080530166626
312.3981533050537
295.48091888427734
287.61052894592285
283.65849113464355
283.40520668029785
283.05856132507324
276.57498931884766
275.9449005126953
278.0258731842041
281.0367679595947
284.2567443847656
283.5342330932617
279.0585117340088
286.46953773498535
286.0122756958008
284.59216690063477
284.18919372558594
293.4601860046387
297.31685066223145
313.30312156677246
310.5451850891113
309.23094367980957
305.5238552093506
311.7477550506592
313.39781379699707
330.2430648803711
331.57774353027344
339.25170516967773
323.77954864501953
348.5639419555664
375.3105640411377
377.06714630126953
347.9706230163574
358.52161026000977
356.8191375732422
362.0266399383545
372.6279888153076
366.5041904449463
361.91871452331543
391.870885848999
386.1077346801758
373.33445167541504
355.8845329284668
354.9128952026367
344.70703315734863
325.86382484436035
324.87835121154785
306.35486793518066
312.9485282897949
325.6542282104492
325.5566596984863
323.13127517700195
316.94500732421875
327.93856048583984
304.32975006103516
294.2477855682373
284.65203857421875
283.05227279663086
275.17895317077637
277.00412940979004
273.93164253234863
277.70761489868164
279.63308334350586
287.0655632019043
284.8270568847656
287.39828300476074
289.7727909088135
283.0947685241699
292.2791748046875
290.8896179199219
301.86509704589844
306.6972122192383
320.03225898742676
321.75819396972656
331.80419540405273
338.95447540283203
347.96855545043945
342.61902809143066
358.47836112976074
383.3175926208496
429.84069061279297
501.5493354797363
506.8602600097656
484.44681549072266
485.4324417114258
448.6075210571289
426.28557777404785
404.46271896362305
398.50871658325195
372.89998054504395
388.3410835266113
357.76542472839355
