cost:	
1231357.94140625
1218801.90234375
1206678.9921875
1193944.5
1181549.078125
1169052.94921875
1156789.34765625
1144789.3046875
1132791.65625
1121196.46484375
1109569.6484375
1098351.1953125
1087060.25390625
1076003.8125
1065025.3984375
1054169.85546875
1043427.2890625
1032779.10546875
1022320.8515625
1011924.390625
1001611.98828125
991344.8984375
981290.91015625
971208.875
961444.61328125
951538.0546875
941879.5
932151.4296875
922619.3203125
913227.65625
903726.671875
894452.26953125
885265.2734375
876174.1484375
867216.28515625
858060.19921875
849360.35546875
840407.796875
831863.2109375
823151.35546875
814677.62109375
806090.2734375
797813.90625
789454.4921875
781243.271484375
772904.921875
764858.81640625
756982.78515625
748894.55078125
741132.89453125
733454.48046875
725985.46484375
718647.90625
711330.94140625
704180.26953125
696989.29296875
689896.396484375
682915.015625
675987.107421875
669003.68359375
662088.453125
655418.349609375
648680.51171875
642092.71484375
635415.79296875
628904.421875
622424.591796875
615972.193359375
609761.251953125
603367.00390625
597082.701171875
590974.556640625
584866.1015625
578747.9453125
572759.125
566813.8125
560937.19140625
555136.76953125
549304.912109375
543590.583984375
537964.298828125
532300.52734375
526742.859375
521196.603515625
515761.572265625
510439.521484375
504978.517578125
499751.693359375
494562.166015625
489303.240234375
484175.11328125
479018.701171875
474084.013671875
469069.54296875
464177.5107421875
459194.671875
454419.37109375
449582.0859375
444889.283203125
440170.52734375
435605.775390625
431173.04296875
426813.103515625
422487.267578125
418231.275390625
413971.888671875
409773.4912109375
405564.6953125
401485.30078125
397439.4765625
393380.0595703125
389373.955078125
385425.5546875
381476.88671875
377632.572265625
373826.455078125
369957.115234375
366237.232421875
362556.6572265625
358849.626953125
355163.82421875
351621.97265625
348021.171875
344497.37109375
341067.8291015625
337577.8896484375
334137.0400390625
330745.76171875
327412.0810546875
324120.328125
320867.14453125
317571.2861328125
314408.955078125
311246.2666015625
308112.005859375
