cost:	
685476.03515625
155344.9013671875
125562.84057617188
103694.984375
95747.5126953125
93033.14208984375
91429.20971679688
90077.53759765625
89133.01318359375
88335.53881835938
87265.62060546875
85904.93017578125
84777.58813476562
83606.3984375
82316.34106445312
81005.95727539062
79589.0107421875
78060.69873046875
76733.11083984375
75301.0810546875
73767.53857421875
72517.76635742188
70982.13891601562
69641.4453125
68452.74169921875
66898.02124023438
65727.64453125
64330.211181640625
62879.46533203125
61747.12548828125
60463.9326171875
59149.878662109375
57971.156005859375
56861.509765625
55603.91357421875
54517.541015625
53227.13818359375
52100.9267578125
50903.7685546875
49719.83984375
48601.56787109375
47438.04113769531
46330.31298828125
45097.011474609375
43894.52136230469
42767.1982421875
41691.570068359375
40591.21435546875
39429.79357910156
38385.04968261719
37319.96545410156
36350.021484375
35303.238525390625
34384.61474609375
33398.33642578125
32491.231689453125
31526.86376953125
30637.835815429688
29701.226928710938
28850.606811523438
27956.27880859375
27135.084838867188
26326.792358398438
25550.901611328125
24733.492797851562
23967.34423828125
23209.154418945312
22520.115356445312
21784.761840820312
21110.5869140625
20411.57891845703
19758.36883544922
19127.564880371094
18499.04119873047
17908.41278076172
17312.98095703125
16725.739807128906
16161.144287109375
15613.211486816406
15124.759887695312
14590.72900390625
14112.370056152344
13601.379669189453
13134.84375
12717.247619628906
12270.470886230469
11845.471984863281
11426.63818359375
11019.201049804688
10640.96646118164
10275.460754394531
9925.405517578125
9550.090118408203
9235.81167602539
8904.761962890625
8576.679321289062
8281.91259765625
7995.117492675781
7700.355194091797
7410.327606201172
7130.984130859375
6891.753173828125
6646.959197998047
6435.257629394531
6217.435241699219
6001.645233154297
5796.466491699219
5586.841537475586
5384.819671630859
5211.642349243164
5024.333389282227
4845.6497802734375
4681.6202392578125
4516.270080566406
4363.486831665039
4201.575134277344
4054.8731994628906
3913.9288940429688
3772.842056274414
3659.5557708740234
3540.3114013671875
3419.672561645508
3294.130874633789
3174.1954650878906
3061.3398361206055
2941.420700073242
2843.129409790039
2746.4971618652344
2642.131477355957
2557.9376068115234
2474.1109619140625
2389.9261016845703
2312.410903930664
2229.4762649536133
2148.238151550293
2069.6688385009766
2000.6179504394531
1931.3412857055664
1860.3434295654297
1803.8561172485352
1732.7511825561523
1669.8719940185547
1613.0407104492188
1557.0504302978516
1500.5319290161133
1453.0237350463867
1398.4285125732422
1351.9687309265137
1310.654582977295
1263.7611770629883
1216.1005973815918
1175.7513732910156
1137.6155815124512
1096.3076286315918
1057.6837615966797
1021.3128852844238
986.9209938049316
954.5418243408203
917.7331562042236
891.5465812683105
858.563907623291
827.6828231811523
806.3102912902832
777.373119354248
751.4666290283203
729.548397064209
710.4867172241211
684.0681400299072
661.928539276123
643.8051643371582
627.2029342651367
607.3279972076416
594.4201335906982
583.547779083252
576.9681262969971
559.1876583099365
539.0970420837402
533.772102355957
523.7196216583252
500.2830352783203
489.6972599029541
470.1839256286621
445.6969470977783
428.8524398803711
413.9059295654297
401.9393949508667
392.6272430419922
378.13110733032227
369.63275718688965
357.39416885375977
354.8371772766113
331.5788993835449
320.7706642150879
318.5541534423828
312.08452796936035
313.53834533691406
303.0403881072998
293.2238883972168
279.10853481292725
263.85615634918213
269.16950130462646
257.73023414611816
247.70909881591797
234.44060707092285
220.488618850708
210.8662338256836
206.9277458190918
203.20652389526367
201.5721378326416
200.68157577514648
191.34647178649902
189.23490715026855
192.95185089111328
194.19067192077637
192.33483982086182
203.79498672485352
219.68696975708008
231.0398464202881
233.09434986114502
223.0329761505127
215.56487655639648
193.8913164138794
185.2641658782959
169.0445680618286
158.9909086227417
152.71524238586426
147.7505006790161
148.6177864074707
145.48750591278076
142.74125862121582
138.8604612350464
141.49878978729248
134.46636199951172
171.42671871185303
141.41644191741943
145.86621189117432
130.93850755691528
128.5020990371704
135.12379932403564
135.7322597503662
126.29599475860596
132.9058780670166
151.43819618225098
176.54048252105713
170.4156904220581
159.60758590698242
149.0170316696167
146.70378589630127
132.37967205047607
128.38406085968018
129.86746788024902
123.50744915008545
127.02444314956665
114.09588813781738
133.463237285614
115.58704376220703
108.87785243988037
106.2496190071106
104.62878036499023
95.57591819763184
99.46614074707031
100.21271276473999
103.23479747772217
99.05966901779175
120.8192491531372
109.89755392074585
102.32832908630371
108.0467414855957
103.27086162567139
109.67906284332275
118.55192422866821
116.740149974823
114.26180934906006
108.90546083450317
110.75546932220459
109.19705724716187
105.9159688949585
104.9639778137207
111.78457927703857
128.8595609664917
134.42126846313477
129.07994270324707
125.77460956573486
133.44114208221436
135.0147190093994
125.08059358596802
126.79130268096924
131.32952880859375
159.43561840057373
158.6326389312744
164.1028528213501
163.66315698623657
160.0334815979004
166.7124481201172
157.6453537940979
157.27044868469238
138.17368125915527
120.77444076538086
113.60044479370117
116.11884260177612
109.31148386001587
114.4981279373169
111.21785831451416
158.50652551651
126.19340705871582
126.90148115158081
127.9395203590393
134.90972709655762
127.23166084289551
129.3813157081604
134.95059537887573
141.54181289672852
165.9126434326172
160.10987091064453
146.8604621887207
155.6502513885498
153.5259780883789
164.5281801223755
156.51412677764893
156.78185558319092
161.4377040863037
166.44907569885254
150.1325821876526
132.87349033355713
120.62271881103516
114.55246067047119
105.20913028717041
107.7467246055603
110.58778190612793
107.12150382995605
103.01420021057129
104.4969654083252
115.7272777557373
110.11368322372437
121.48515892028809
124.15721035003662
132.89757347106934
127.30471992492676
128.87927389144897
139.72805500030518
152.26419734954834
177.59133625030518
177.87969303131104
167.45194816589355
164.9586420059204
153.60800075531006
146.32367515563965
133.11363124847412
123.51307201385498
109.14884376525879
114.9431562423706
110.47817182540894
99.87505197525024
89.01954507827759
90.30066967010498
80.25444030761719
76.27177953720093
74.37956190109253
72.63434982299805
71.49003553390503
72.35794019699097
71.35612487792969
71.58738660812378
68.87161779403687
64.67737483978271
63.906492710113525
61.253357887268066
66.55147075653076
73.1464958190918
72.72607183456421
72.51024770736694
79.16591310501099
89.18239164352417
93.64186573028564
91.58970355987549
93.23734855651855
88.14364576339722
92.03331422805786
91.76544427871704
94.35413217544556
94.07280683517456
102.46639251708984
109.73157596588135
111.09335517883301
116.06905460357666
131.10517597198486
149.6039581298828
151.71545314788818
138.73797225952148
143.08053493499756
149.94673442840576
142.26245975494385
155.53839492797852
153.30601119995117
154.19155645370483
154.03464221954346
155.54779052734375
169.96620845794678
160.900785446167
162.8413553237915
