cost:	
783423.82421875
692309.861328125
690816.001953125
690697.484375
690674.2109375
690665.1484375
690661.552734375
690659.283203125
690657.599609375
690656.11328125
690654.765625
690653.533203125
690652.34765625
690651.18359375
690650.08984375
690649.04296875
690648.005859375
690647.046875
690646.1640625
690645.240234375
690644.408203125
690643.599609375
690642.8671875
690642.095703125
690641.359375
690640.6953125
690639.9765625
690639.36328125
690638.79296875
690638.16015625
690637.57421875
690637.087890625
690636.509765625
690636.015625
690635.55859375
690635.07421875
690634.576171875
690634.166015625
690633.73046875
690633.33203125
690632.94140625
690632.48828125
690632.13671875
690631.775390625
690631.44921875
690631.072265625
690630.71484375
690630.37890625
690630.08203125
690629.7421875
690629.46484375
690629.1953125
690628.876953125
690628.58203125
690628.36328125
690628.05078125
690627.779296875
690627.59375
690627.326171875
690627.04296875
690626.822265625
690626.58203125
690626.3671875
690626.125
690625.89453125
690625.6875
690625.4609375
690625.251953125
690625.05859375
690624.83203125
690624.6484375
690624.458984375
690624.24609375
690624.05078125
690623.865234375
690623.68359375
690623.48828125
690623.2890625
690623.134765625
690622.96875
690622.78125
690622.5859375
690622.39453125
690622.267578125
690622.064453125
690621.923828125
690621.720703125
690621.591796875
690621.390625
690621.2421875
690621.05859375
690620.97265625
690620.8046875
690620.58203125
690620.4609375
690620.3125
690620.17578125
690620.03515625
690619.84375
690619.6953125
690619.546875
690619.439453125
690619.29296875
690619.166015625
690619.0234375
690618.875
690618.716796875
690618.60546875
690618.46875
690618.35546875
690618.19140625
690618.041015625
690617.970703125
690617.8046875
690617.65234375
690617.54296875
690617.412109375
690617.29296875
690617.1328125
690617.033203125
690616.91015625
690616.794921875
690616.65625
690616.552734375
690616.37890625
690616.27734375
690616.16796875
690616.0390625
690615.908203125
690615.79296875
690615.71484375
690615.53515625
690615.4296875
690615.34765625
690615.203125
690615.0625
690614.94140625
690614.830078125
690614.70703125
690614.58984375
690614.484375
690614.3515625
690614.234375
690614.1171875
690614.00390625
690613.904296875
690613.751953125
690613.634765625
690613.525390625
690613.3984375
690613.28515625
690613.15625
690613.11328125
690612.984375
690612.8515625
690612.79296875
690612.63671875
690612.5625
690612.443359375
690612.3046875
690612.244140625
690612.09765625
690612.0
690611.91015625
690611.76171875
690611.697265625
690611.5703125
690611.46875
690611.375
690611.234375
690611.119140625
690611.08203125
690610.953125
690610.818359375
690610.73046875
690610.599609375
690610.515625
690610.419921875
690610.3046875
690610.2109375
690610.08203125
690610.025390625
690609.919921875
690609.775390625
690609.677734375
690609.5859375
690609.47265625
690609.37109375
690609.296875
690609.142578125
690609.072265625
690608.962890625
690608.822265625
690608.75390625
690608.638671875
690608.541015625
690608.46484375
690608.31640625
690608.21875
690608.1171875
690608.025390625
690607.91796875
690607.861328125
690607.71875
690607.603515625
690607.52734375
690607.44921875
690607.365234375
690607.267578125
690607.150390625
690607.076171875
690606.947265625
690606.87890625
690606.76953125
690606.669921875
690606.572265625
690606.5078125
690606.384765625
690606.27734375
690606.169921875
690606.111328125
690605.99609375
690605.89453125
690605.775390625
690605.69921875
690605.5859375
690605.53125
690605.41796875
690605.31640625
690605.2109375
690605.15234375
690605.08203125
690604.953125
690604.84765625
690604.74609375
690604.67578125
690604.5703125
690604.431640625
690604.37890625
690604.27734375
690604.1875
690604.076171875
690603.98046875
690603.87890625
690603.76953125
690603.703125
690603.625
690603.50390625
690603.38671875
690603.314453125
690603.24609375
690603.10546875
690603.068359375
690602.95703125
690602.849609375
690602.765625
690602.677734375
690602.580078125
690602.478515625
690602.4140625
690602.337890625
690602.21875
690602.17578125
690602.04296875
690602.0
690601.892578125
690601.78515625
690601.69921875
690601.609375
690601.49609375
690601.431640625
690601.291015625
690601.24609375
690601.16015625
690601.083984375
690600.99609375
690600.88671875
690600.79296875
690600.716796875
690600.642578125
690600.525390625
690600.447265625
690600.33984375
690600.26953125
690600.1875
690600.109375
690599.982421875
690599.943359375
690599.751953125
690599.71484375
690599.62890625
690599.544921875
690599.447265625
690599.359375
690599.2578125
690599.1484375
690599.091796875
690599.025390625
690598.91015625
690598.8671875
690598.734375
690598.662109375
690598.591796875
690598.48046875
690598.4375
690598.328125
690598.21875
690598.140625
690598.125
690597.98828125
690597.91796875
690597.8515625
690597.7421875
690597.69921875
690597.5859375
690597.5078125
690597.40625
690597.326171875
690597.2578125
690597.140625
690597.08984375
690596.982421875
690596.88671875
690596.8203125
690596.732421875
690596.64453125
690596.55859375
690596.46875
690596.40234375
690596.306640625
690596.25390625
690596.169921875
690596.0703125
690596.00390625
690595.916015625
690595.84375
690595.75
690595.63671875
690595.5625
690595.5234375
690595.39453125
690595.34765625
690595.265625
690595.16015625
690595.1015625
690594.98046875
690594.888671875
690594.86328125
690594.767578125
690594.6953125
690594.609375
690594.50390625
690594.435546875
690594.365234375
690594.267578125
690594.216796875
690594.12890625
690594.0234375
690593.970703125
690593.91015625
690593.806640625
690593.728515625
690593.646484375
690593.5625
690593.5
690593.4375
690593.337890625
690593.24609375
690593.1328125
690593.1171875
690593.033203125
690592.92578125
690592.8515625
690592.78515625
690592.705078125
690592.62109375
690592.546875
690592.478515625
690592.40625
690592.36328125
690592.24609375
690592.19921875
690592.08203125
690592.025390625
690591.91796875
690591.87890625
690591.796875
690591.73828125
690591.63671875
690591.548828125
690591.5078125
690591.40234375
690591.337890625
690591.2890625
690591.19140625
690591.1328125
690591.0625
690590.966796875
690590.84375
690590.78515625
