cost:	
2250803.9028320312
918404.6083984375
835094.7504882812
759623.603515625
679536.2705078125
612011.5908203125
555724.5947265625
505491.68505859375
457461.3898925781
416050.1457519531
380825.5349121094
346199.56396484375
320861.65686035156
297886.21252441406
274962.8056640625
260272.41174316406
248351.76098632812
233670.38720703125
224125.80883789062
215629.6142578125
208869.4403076172
204521.4256591797
194370.27813720703
190426.32788085938
184168.5997314453
178034.01025390625
176434.9735107422
172905.50805664062
171982.85314941406
165729.12573242188
162307.7794189453
159086.87658691406
158458.67333984375
152223.61572265625
151848.87188720703
147854.86657714844
146851.33959960938
147963.66540527344
156748.02380371094
150700.13256835938
150123.78686523438
150030.54400634766
147477.80029296875
144565.77563476562
143980.25646972656
139607.0985107422
137151.98071289062
137374.82122802734
135612.69360351562
135199.3116455078
130673.34948730469
123427.97680664062
119676.0103149414
119220.61694335938
120951.81201171875
122091.31182861328
124640.79479980469
125643.72637939453
120739.14727783203
122527.19665527344
120892.96179199219
121413.8935546875
117949.8062133789
117318.54553222656
115909.30181884766
118013.67041015625
120963.59231567383
119362.39477539062
116903.41394042969
118471.3275756836
123741.51025390625
126726.46997070312
130698.63665771484
132141.86434936523
128406.6630859375
122551.76834106445
115414.74520874023
112641.04507446289
110906.64813232422
113238.93603515625
112858.33197021484
113478.55798339844
112893.49188232422
111306.12939453125
115835.15789794922
118739.43524169922
121420.29718017578
120290.78637695312
119714.6773071289
119664.4814453125
117096.7705078125
118237.73760986328
119908.04089355469
121667.43969726562
118260.9673461914
115231.01318359375
109895.39385986328
106774.20397949219
105646.31451416016
109077.17639160156
108791.64245605469
103762.69549560547
97707.27423095703
97054.21630859375
96067.61749267578
96083.27795410156
93483.76306152344
94138.64556884766
96922.8607788086
100713.00631713867
104687.74853515625
105658.69497680664
104141.94415283203
101459.85375976562
98912.3901977539
96870.62036132812
101142.70349121094
101014.9169921875
102295.4546508789
103384.08181762695
109779.63580322266
106336.02752685547
107506.75947570801
106673.46594238281
105326.8021850586
101915.56860351562
100480.3031616211
101276.30682373047
102370.4375
106202.67803955078
106263.36242675781
103798.27459716797
101760.33706665039
100792.49075317383
100062.62322998047
99731.50592041016
99484.07501220703
98460.8560180664
98996.9439086914
97543.80590820312
96710.4721069336
96685.33432006836
95411.52352905273
95525.94757080078
96786.17864990234
99497.47882080078
101664.06677246094
102980.30624389648
106560.77871704102
107700.49285888672
107471.29495239258
96358.37719726562
88390.41534423828
83665.04815673828
81329.79699707031
80837.11358642578
81341.0570678711
81223.88851928711
80859.56997680664
83707.212890625
83230.30487060547
86482.59149169922
91312.79080200195
92157.10989379883
93867.93249511719
94681.65802001953
93326.34387207031
93453.45678710938
91058.53112792969
90413.83264160156
95552.25677490234
94499.0972290039
95523.19723510742
92183.98065185547
90597.61199951172
87504.81762695312
86163.28009033203
85020.21490478516
87361.34442138672
89500.15399169922
91824.72680664062
92012.64074707031
95845.74520874023
96202.95574951172
95275.68017578125
95483.61019897461
97964.31811523438
95601.67401123047
96465.31176757812
91855.94982910156
88747.7153930664
89524.76354980469
89174.30352783203
88879.21893310547
90740.69592285156
95693.0209350586
95343.16711425781
92701.69958496094
91246.84301757812
91564.11584472656
85852.6273803711
77247.6314086914
73284.06692504883
70702.67224121094
70797.50482177734
70775.26501464844
73867.24578857422
74487.31451416016
75913.04608154297
78902.6604309082
81163.4859008789
82227.32012939453
86014.1527709961
85267.33898925781
84352.75598144531
84359.14270019531
84076.38655090332
84735.51391601562
84783.94580078125
84916.14453125
82563.65063476562
80344.63775634766
81318.70095825195
79613.96963500977
81334.55264282227
84692.14154052734
85115.23287963867
83506.29809570312
83543.08404541016
83607.13610839844
84078.2564086914
87188.25527954102
87859.515625
82537.091796875
81594.84405517578
80864.31622314453
82350.60482788086
80085.80792236328
79683.03051757812
80314.0443725586
81312.3853149414
80023.68603515625
83547.69589233398
85329.51141357422
85911.78555297852
84844.74612426758
85014.23654174805
83357.19857788086
81979.64743041992
79762.54479980469
76107.20642089844
69327.63385009766
65478.36376953125
62498.57369995117
62214.5563659668
62524.21618652344
64739.367248535156
67198.47491455078
72999.71484375
75004.15832519531
76839.61138916016
75648.77941894531
77568.94622802734
77040.39971923828
74816.1572265625
76598.70050048828
78333.32397460938
78691.68032836914
77898.79931640625
76060.36981201172
75222.01943969727
78197.1936340332
74287.63735961914
74452.38854980469
74287.33389282227
74206.66882324219
73347.3959350586
75983.23178100586
76777.65490722656
77360.62298583984
77047.900390625
76798.5510559082
76908.82901000977
78286.982421875
77351.83679199219
75305.58026123047
72622.11456298828
72180.650390625
73129.25598144531
74696.7387084961
76632.4263305664
79849.92984008789
79302.10464477539
80434.01239013672
78816.23416137695
77941.0873413086
76206.29705810547
76319.02239990234
73936.06271362305
72099.64447021484
70130.34439086914
64886.712890625
62038.69757080078
58650.5905456543
57427.184997558594
56987.92678833008
58974.820404052734
61015.503173828125
65215.295837402344
66864.26132202148
67387.61981201172
66834.3804321289
68851.81274414062
69469.13177490234
70239.5015258789
71214.58367919922
71013.85021972656
70138.37460327148
67432.08059692383
68950.9270324707
71162.53884887695
72306.35034179688
72687.6880493164
74591.09936523438
74360.38488769531
70778.38073730469
70276.23318481445
70212.69348144531
69587.0531616211
68454.09121704102
66939.66766357422
66954.64251708984
67846.25708007812
65367.30078125
63738.568939208984
65601.45556640625
68528.96783447266
70237.61483764648
71805.20635986328
72488.75396728516
72281.9829711914
70641.01989746094
72249.14447021484
69540.53378295898
67780.68728637695
64793.52523803711
65630.7681274414
64586.35317993164
65758.37619018555
67352.61657714844
67806.36279296875
62719.40759277344
59996.6025390625
57206.82421875
55012.33056640625
53961.61752319336
54474.58757019043
55760.61642456055
56720.168701171875
59288.645904541016
59651.32434082031
59959.31265258789
61350.110778808594
62754.898376464844
65030.673400878906
67487.81823730469
66925.6459350586
65770.54913330078
64950.57580566406
63257.10055541992
64972.068359375
67004.71969604492
65856.19033813477
65686.1137084961
64335.69320678711
64894.94613647461
63934.569244384766
64940.23077392578
62317.792419433594
60547.59216308594
59870.90447998047
59264.329345703125
59606.62353515625
62229.491455078125
63766.50646972656
62930.51904296875
62332.252532958984
63186.69943237305
64172.07141113281
65373.9108581543
64409.09555053711
63133.65808105469
62867.312103271484
61873.34701538086
62143.72506713867
61722.542907714844
61833.117126464844
62685.72537231445
62773.37811279297
61922.358154296875
