cost:	
1216163.63671875
1150606.203125
1082562.484375
1018484.90234375
958160.60546875
900511.3984375
847181.25390625
796114.4609375
748464.30078125
703483.828125
661808.787109375
621338.57421875
584362.3125
549272.779296875
515735.255859375
485077.955078125
455703.4296875
428473.572265625
402743.34765625
379154.6865234375
356452.52734375
335581.30078125
316486.4091796875
297903.0205078125
281055.4599609375
265458.7041015625
250957.8251953125
237267.4052734375
224739.455078125
213218.1416015625
202534.4853515625
192646.642578125
183454.669921875
175182.52197265625
167457.85986328125
160161.46435546875
153866.40771484375
147807.62109375
142404.765625
137484.85107421875
132900.60107421875
128666.40576171875
124898.23828125
121491.5185546875
118383.52734375
115505.62646484375
112928.74755859375
110605.8916015625
108454.8525390625
106617.27783203125
104911.30615234375
103391.9912109375
102038.24609375
100848.37329101562
99714.22900390625
98723.60815429688
97845.4404296875
97027.7978515625
96299.1494140625
95616.61279296875
95054.447265625
94508.92236328125
94057.22607421875
93621.80419921875
93231.95629882812
92906.123046875
92589.15795898438
92317.16259765625
92076.4189453125
91852.05419921875
91666.84130859375
91483.53442382812
91331.1806640625
91192.87646484375
91068.48754882812
90958.34423828125
90857.94580078125
90765.712890625
90693.89379882812
90615.26831054688
90558.46728515625
90498.54931640625
90452.7041015625
90398.228515625
90355.80078125
90322.32006835938
90288.08935546875
90257.90161132812
90226.59619140625
90203.03125
90178.53857421875
90155.82641601562
90134.4814453125
90119.62744140625
90097.35986328125
90086.50341796875
90067.81762695312
90051.15551757812
90038.29345703125
90024.22143554688
90010.89135742188
89993.7724609375
89983.35595703125
89969.09130859375
89958.470703125
89946.56030273438
89935.92724609375
89921.26025390625
89910.287109375
89897.662109375
89877.86279296875
89862.9345703125
89842.65063476562
89822.52758789062
89798.46875
89781.3203125
89748.63989257812
89729.0703125
89712.23461914062
89693.73168945312
89679.8525390625
89661.7685546875
89649.87866210938
89628.02319335938
89611.36669921875
89573.04345703125
89529.49462890625
89497.43310546875
89461.55126953125
89425.97705078125
89377.951171875
89316.5888671875
89274.44897460938
89202.18359375
89109.91235351562
89029.66015625
88928.6337890625
88739.28100585938
88533.64453125
88383.10302734375
88158.33862304688
87467.01416015625
87214.82470703125
86994.23999023438
86810.634765625
86650.63452148438
86280.279296875
86053.53442382812
85858.62109375
85596.33203125
85314.0009765625
85184.6474609375
84977.33618164062
84780.787109375
84630.70556640625
84545.49829101562
84460.0888671875
84389.29370117188
84295.41552734375
84156.05712890625
84033.22729492188
83948.49145507812
83856.8212890625
83770.33935546875
83610.64477539062
83308.318359375
83131.3388671875
82978.341796875
82866.29565429688
82743.52465820312
82663.54248046875
82600.01684570312
82512.38134765625
82465.84057617188
82409.3828125
82346.83276367188
82295.44921875
82240.58081054688
82162.58935546875
82091.3115234375
82013.05053710938
81915.595703125
81848.919921875
81782.51928710938
81734.24072265625
81678.2177734375
81640.24365234375
81591.34375
81546.77807617188
81516.02465820312
81456.35473632812
81408.630859375
81348.24291992188
81286.7314453125
80909.11010742188
80845.66650390625
80801.31640625
80759.00927734375
80692.2392578125
80578.5693359375
80527.5107421875
80472.88623046875
80427.197265625
80386.205078125
80349.00561523438
80301.31127929688
80262.8125
80181.26904296875
80143.08251953125
80105.46752929688
80071.423828125
80038.73950195312
80012.71240234375
79977.18041992188
79951.98388671875
79918.94262695312
79884.93310546875
79802.92041015625
79759.43505859375
79732.1435546875
79701.94580078125
79673.1787109375
79647.96508789062
79615.80859375
79581.56103515625
79555.59106445312
79513.73852539062
79464.12817382812
79432.53100585938
79406.40454101562
79376.50317382812
79345.82275390625
79303.38671875
79214.18359375
79181.18994140625
79151.66552734375
79129.74243164062
79098.6328125
79070.26293945312
79050.5068359375
79024.9541015625
78991.51293945312
78956.849609375
78929.77783203125
78902.10107421875
78876.07983398438
78850.091796875
78818.85498046875
78800.13647460938
78779.94140625
78755.14672851562
78728.15161132812
78707.09765625
78681.39965820312
78647.57446289062
78627.22387695312
78598.68896484375
78584.31884765625
78561.25634765625
78543.63427734375
78523.14770507812
78523.23974609375
78484.8955078125
78457.55615234375
78447.6767578125
78411.27978515625
78397.79077148438
78362.56591796875
78339.04296875
78315.8193359375
78289.35522460938
78265.01391601562
78251.91943359375
78240.54272460938
78204.97314453125
78198.21459960938
78173.80029296875
78138.88842773438
78121.24682617188
78105.43115234375
78076.96508789062
78062.71240234375
78021.80322265625
78017.88940429688
77984.78979492188
77952.33203125
77922.1064453125
77901.49975585938
77880.5654296875
77864.9248046875
77832.94677734375
77808.17944335938
77785.8076171875
77769.97705078125
77723.66577148438
77681.126953125
77663.34643554688
77642.712890625
77637.017578125
77592.11254882812
77593.87182617188
77533.9404296875
77465.77954101562
77438.71362304688
77420.33935546875
77409.8857421875
77378.57543945312
77367.00708007812
77330.1611328125
77311.5458984375
77288.8662109375
77258.24291992188
77245.1640625
77220.48193359375
77209.77001953125
77175.38525390625
77143.37158203125
77130.57543945312
77097.05297851562
77078.298828125
77056.05419921875
77035.92456054688
77016.46118164062
76997.7421875
76974.5400390625
76957.630859375
76933.57080078125
76912.60205078125
76884.2119140625
76862.00341796875
76831.66357421875
76752.1943359375
76724.30200195312
76705.22387695312
76682.94091796875
76658.28759765625
76645.14331054688
76624.67529296875
76624.0830078125
76605.47241210938
76562.654296875
76482.7255859375
76321.61450195312
76267.2451171875
76221.93310546875
76188.5400390625
76168.203125
76147.69604492188
76130.50341796875
76093.58862304688
76064.3896484375
76050.28833007812
76043.03247070312
76002.99560546875
75979.67456054688
75951.3857421875
75928.74389648438
75904.59545898438
75880.3701171875
75865.15185546875
75839.60961914062
75822.19482421875
75800.85327148438
75783.63671875
75747.35571289062
75728.55688476562
75706.517578125
75687.5400390625
75654.73803710938
75591.60302734375
75564.55297851562
75538.40625
75508.990234375
75496.84912109375
75473.70068359375
75456.955078125
75405.38403320312
75353.666015625
75256.01684570312
75199.94580078125
75163.56909179688
75139.1787109375
75119.45166015625
75091.11279296875
75072.55615234375
75061.4189453125
75070.640625
75042.49829101562
75012.29223632812
74975.20654296875
74943.38842773438
74912.7177734375
74892.94384765625
74868.53076171875
74851.595703125
74824.26684570312
74763.4658203125
74738.99975585938
74725.84033203125
74755.38671875
