cost:	
1230620.40625
1218286.16796875
1206047.359375
1193171.11328125
1179625.1796875
1165235.50390625
1151137.84375
1137224.37109375
1123875.78515625
1110680.69921875
1097692.0546875
1085060.953125
1072755.97265625
1060580.0390625
1048969.79296875
1037186.14453125
1025868.3515625
1014626.59375
1003783.59375
992879.80859375
982110.234375
971648.74609375
961248.91796875
950960.23046875
940747.78125
930742.8203125
920911.30859375
910897.765625
901364.49609375
891767.44921875
882249.25390625
872871.828125
863570.76953125
854377.46484375
845239.29296875
836222.33984375
827433.255859375
818524.87109375
809857.609375
801151.01171875
792607.421875
784215.791015625
775730.19921875
767460.49609375
759263.265625
751043.63671875
743063.88671875
735043.390625
727289.24609375
719298.2265625
711839.84375
704402.251953125
697078.181640625
689863.623046875
682760.10546875
675600.515625
668638.72265625
661709.5625
654733.64453125
647930.826171875
641249.9375
634533.83984375
627880.599609375
621245.65234375
614761.7109375
608460.2109375
601977.609375
595706.056640625
589414.25
583177.291015625
577082.072265625
571014.017578125
564975.275390625
559053.193359375
553121.4921875
547323.494140625
541536.724609375
535731.5078125
530162.677734375
524541.36328125
518918.4140625
513389.2265625
507967.375
502635.720703125
497252.083984375
492018.47265625
486713.81640625
481596.796875
476429.748046875
471376.61328125
466341.021484375
461462.384765625
456416.865234375
451608.62890625
446757.556640625
442035.330078125
437296.0400390625
432585.208984375
428021.9296875
423470.43359375
418993.037109375
414683.951171875
410418.33203125
406284.896484375
402030.21875
397938.689453125
393868.041015625
389800.642578125
385835.73828125
381861.4140625
377936.8896484375
374032.72265625
370236.267578125
366445.984375
362651.4638671875
358959.9453125
355298.625
351593.96484375
348039.453125
344490.328125
340957.38671875
337469.6865234375
333998.2607421875
330609.66015625
327211.990234375
323911.55078125
320609.2099609375
317311.044921875
314111.2900390625
310925.0068359375
307753.19140625
304622.037109375
301533.4287109375
298506.4267578125
295448.3583984375
292485.98828125
289570.8134765625
286628.1708984375
283763.7578125
280853.05859375
278078.3466796875
275313.8095703125
272561.6318359375
269823.5908203125
267101.890625
264472.2353515625
261877.3623046875
259261.0869140625
256685.904296875
254188.85546875
251714.6748046875
249325.96875
246999.087890625
244664.177734375
242384.9248046875
240098.2265625
237854.11328125
235683.0537109375
233478.30859375
231304.0146484375
229172.53125
227059.7275390625
224958.912109375
222925.88671875
220861.0869140625
218864.3974609375
216864.517578125
214923.2548828125
212998.826171875
211043.927734375
209156.1669921875
207312.548828125
205437.57373046875
203636.8115234375
201826.0791015625
200070.2705078125
198289.0556640625
196567.0419921875
194843.9453125
193175.77880859375
191510.3662109375
189830.671875
188230.49853515625
186629.23828125
185052.0068359375
183491.484375
181938.06201171875
180414.6103515625
178907.3408203125
177444.21728515625
175969.9892578125
174549.00927734375
173111.8828125
171699.8115234375
170318.98193359375
168965.39599609375
167604.0498046875
166288.40869140625
164983.8330078125
163679.162109375
162434.939453125
161227.38330078125
160049.92138671875
158850.9365234375
157705.0576171875
156554.1923828125
155442.3642578125
154316.5712890625
153230.31005859375
152149.57958984375
151083.427734375
150012.955078125
148992.9375
147971.96826171875
146958.802734375
145972.390625
144975.919921875
144014.794921875
143063.79150390625
142126.7080078125
141201.25927734375
140290.55224609375
139391.85498046875
138512.57421875
137630.77197265625
136768.86376953125
135917.40185546875
135087.4404296875
134279.8330078125
133459.1689453125
132654.32275390625
131865.03125
131101.21630859375
130332.16748046875
129592.36572265625
128842.56591796875
128124.34619140625
127401.4951171875
126702.47119140625
125999.6513671875
125331.44677734375
124648.81201171875
123984.4970703125
123335.349609375
122692.79052734375
122063.9462890625
121442.15625
120828.0166015625
120231.96337890625
119645.1455078125
119066.28564453125
118512.62255859375
117983.146484375
117454.33447265625
116920.30322265625
116400.96728515625
115910.88623046875
115396.07421875
114913.23388671875
114430.2236328125
113952.01025390625
113476.13037109375
113010.6318359375
112562.76123046875
112111.787109375
111679.4541015625
111245.017578125
110827.01904296875
110409.283203125
110006.50048828125
109593.55712890625
109205.85009765625
108819.3359375
108429.603515625
108052.37744140625
107687.06640625
107324.3759765625
106964.322265625
106609.35498046875
106262.3193359375
105923.46240234375
105598.08740234375
105265.76953125
104944.662109375
104634.58227539062
104317.119140625
104009.63305664062
103716.0947265625
103425.66528320312
103126.44677734375
102846.90893554688
102565.5419921875
102285.78076171875
102015.04443359375
101751.568359375
101492.373046875
101223.8408203125
100973.9375
100725.3388671875
100476.18408203125
100248.38232421875
100026.82568359375
99809.423828125
99586.9287109375
99379.86767578125
99174.8828125
98966.3173828125
98761.4228515625
98570.39013671875
98364.787109375
98175.2939453125
97985.603515625
97799.14794921875
97618.46484375
97441.95336914062
97268.4326171875
97095.84130859375
96935.88549804688
96763.1025390625
96602.96948242188
96441.03271484375
96289.4541015625
96111.15380859375
95971.615234375
95811.513671875
95672.12109375
95530.18994140625
95389.7255859375
95259.25830078125
95132.60229492188
95000.5361328125
94872.3046875
94752.77954101562
94626.57763671875
94502.302734375
94392.72705078125
94273.39965820312
94158.8740234375
94046.46826171875
93934.90966796875
93828.59326171875
93722.69970703125
93616.041015625
93521.3720703125
93419.60888671875
93322.486328125
93231.328125
93140.68872070312
93054.0703125
92964.18212890625
92879.87158203125
92797.77368164062
92692.72119140625
92607.341796875
92521.9638671875
92448.994140625
92373.78369140625
92298.39453125
92225.287109375
92155.833984375
92084.94018554688
92020.81640625
91951.33349609375
91888.7978515625
91820.921875
91708.2548828125
91684.75244140625
91580.6396484375
91503.1640625
91440.76416015625
91414.2802734375
91329.76318359375
91272.353515625
91207.13427734375
91146.75537109375
91033.37060546875
90985.71362304688
90946.80078125
90871.15161132812
90846.40844726562
90769.5244140625
90749.08349609375
90666.56079101562
90620.38330078125
90575.36865234375
90527.51489257812
90481.03735351562
90442.619140625
90401.22631835938
90361.83740234375
90313.5595703125
90332.97827148438
90218.15234375
90189.4296875
90167.6669921875
90125.46728515625
90122.32739257812
90083.0
90047.35986328125
90014.89526367188
