cost:	
611093.1142578125
162902.67822265625
110211.94921875
100493.44873046875
93342.77294921875
91083.71044921875
89133.63525390625
87563.4892578125
86194.515625
85151.30908203125
83170.76831054688
81695.23876953125
80107.93872070312
78279.32421875
76447.67846679688
74535.88696289062
72580.06640625
70850.62817382812
69124.9443359375
67309.4638671875
65512.176513671875
63822.137939453125
62109.710205078125
60413.75341796875
58908.017822265625
57365.697265625
55730.947509765625
54135.345947265625
52702.726318359375
51135.25439453125
49788.578857421875
48232.36083984375
46836.7216796875
45254.853759765625
43919.57434082031
42435.753662109375
41138.28918457031
39715.635986328125
38359.54382324219
37031.22802734375
35787.441162109375
34574.322509765625
33315.223876953125
32075.14453125
30882.307373046875
29692.815185546875
28529.538696289062
27475.981689453125
26346.724853515625
25336.967651367188
24334.083618164062
23387.635620117188
22458.4658203125
21566.598876953125
20728.010009765625
19919.31024169922
19090.974548339844
18342.820861816406
17603.439575195312
16886.40545654297
16231.428100585938
15532.689819335938
14865.682006835938
14250.961303710938
13659.0986328125
13109.402099609375
12564.781982421875
12036.013732910156
11553.636657714844
11059.830749511719
10573.604675292969
10130.911651611328
9709.33090209961
9295.904388427734
8902.81103515625
8516.7587890625
8171.096221923828
7841.157562255859
7499.631286621094
7196.990539550781
6874.362609863281
6573.629547119141
6311.653869628906
6031.017761230469
5782.211975097656
5555.971893310547
5309.806533813477
5097.724044799805
4903.327178955078
4706.45491027832
4497.7969970703125
4314.11181640625
4129.749923706055
3963.6339111328125
3800.234619140625
3648.7904205322266
3506.036590576172
3383.553237915039
3227.6258697509766
3123.4229888916016
2966.655471801758
2864.617141723633
2737.970703125
2637.017822265625
2538.3464965820312
2443.900634765625
2353.412872314453
2268.0751190185547
2181.4715728759766
2094.623565673828
2016.479232788086
1951.5791931152344
1880.5715942382812
1809.2421417236328
1746.6240158081055
1690.7276916503906
1635.8766784667969
1588.4297332763672
1528.663688659668
1476.3987274169922
1431.4058685302734
1381.0792922973633
1342.2422256469727
1293.9178009033203
1254.9921875
1223.8061141967773
1174.5896224975586
1131.6438674926758
1126.7585067749023
1072.4597473144531
1036.6716003417969
1008.9739379882812
981.4658660888672
944.9218978881836
915.0072631835938
889.2913131713867
863.7318840026855
840.0638580322266
825.9436264038086
823.1056900024414
801.2315788269043
774.0926818847656
759.3137092590332
738.087459564209
715.9036254882812
704.0381546020508
683.1860122680664
667.3149452209473
651.8256454467773
640.2802047729492
624.1513481140137
604.2118988037109
585.8594093322754
574.7886657714844
559.349536895752
548.5305671691895
535.6669654846191
534.4399032592773
523.9371948242188
519.5065612792969
517.9499893188477
504.6882133483887
502.82762145996094
494.12928009033203
489.58034896850586
484.60511779785156
492.61933517456055
495.50606536865234
483.54542541503906
468.4233932495117
492.5166816711426
463.9556007385254
459.07385635375977
437.12304306030273
432.9386291503906
415.6652069091797
414.7538032531738
404.06646728515625
403.420108795166
396.94994354248047
395.22011947631836
390.4477653503418
387.22110748291016
378.58985710144043
382.0350227355957
384.094425201416
379.43482208251953
371.93195724487305
371.11308670043945
373.3294792175293
368.40134048461914
373.82350158691406
384.4148139953613
377.5231475830078
370.4167709350586
371.9619255065918
368.1410541534424
364.5231590270996
366.32815170288086
361.2488098144531
361.6990776062012
389.86866760253906
392.34961318969727
411.78967666625977
406.3480110168457
417.96167182922363
420.8049736022949
402.1559371948242
400.5108051300049
383.928373336792
374.86152267456055
375.3177795410156
408.5934066772461
427.58666229248047
429.7943515777588
419.3726043701172
420.89413833618164
400.4859428405762
410.2906150817871
394.8122253417969
407.35440826416016
405.0561943054199
383.7273178100586
373.5028648376465
363.15882682800293
367.80148696899414
386.19882583618164
378.8494758605957
399.348575592041
395.11935806274414
396.08971977233887
396.87829971313477
402.980432510376
441.780517578125
405.97534942626953
415.834415435791
408.39009857177734
389.2016067504883
382.2361240386963
379.1914939880371
380.2588005065918
393.4082660675049
414.11873626708984
399.1666069030762
394.29510498046875
375.0785903930664
374.49623107910156
358.70958709716797
353.8694152832031
344.2271976470947
336.44246101379395
330.31420516967773
323.3363628387451
322.68610191345215
328.4194507598877
316.36859703063965
308.3847064971924
308.2019920349121
311.6099090576172
303.92785453796387
300.68603515625
304.4199161529541
314.92132568359375
328.89031410217285
324.10606956481934
327.7553062438965
330.7448959350586
329.2017936706543
331.9746570587158
343.4042453765869
350.44452476501465
364.14620208740234
374.463436126709
425.2599563598633
434.64641189575195
425.7478713989258
427.14379119873047
421.7467346191406
409.12547492980957
405.62986183166504
415.1516971588135
431.0888252258301
441.497407913208
462.3604049682617
448.6006546020508
417.42733573913574
430.5874652862549
429.88450622558594
415.8780822753906
391.02882385253906
372.5393753051758
383.28711700439453
368.7917594909668
353.4808712005615
363.33765029907227
365.87566566467285
368.3270683288574
366.2462692260742
372.0058765411377
383.81712341308594
378.4456100463867
354.27145767211914
354.7773609161377
347.30960273742676
367.16070556640625
374.3016128540039
374.70094299316406
373.0468120574951
361.1084289550781
338.29222869873047
314.92630195617676
295.8258876800537
284.83035469055176
277.6929569244385
274.22851943969727
276.35405349731445
286.46648025512695
278.7878723144531
284.10400581359863
276.6965446472168
276.6817283630371
273.4453983306885
278.81382942199707
275.29237174987793
272.6937847137451
272.74648094177246
268.77733421325684
267.6212158203125
266.3443489074707
273.2976608276367
268.05504417419434
272.1612186431885
273.80369567871094
286.46783447265625
281.82397079467773
304.19715309143066
273.0434627532959
280.59740829467773
275.84017181396484
279.61521911621094
273.79198837280273
284.66600608825684
288.81006240844727
295.86610984802246
292.1058177947998
290.8375835418701
290.1988410949707
328.0190620422363
328.0727958679199
337.9605484008789
351.94621658325195
357.9134922027588
336.8690185546875
322.85690689086914
327.0141010284424
315.47246742248535
320.6610050201416
333.8885688781738
329.3704147338867
329.9494571685791
323.4168281555176
341.169885635376
329.34753036499023
327.9422664642334
322.5895004272461
325.7929344177246
322.56840896606445
334.7716598510742
339.4545154571533
348.7454662322998
367.3284111022949
385.8539066314697
404.7716236114502
423.8216209411621
422.50351905822754
413.81924057006836
411.966157913208
396.18468284606934
381.50174140930176
370.02552032470703
363.64281463623047
374.4410762786865
366.59326553344727
362.0008354187012
352.9541988372803
334.78662300109863
347.4439353942871
358.22192764282227
381.98905754089355
435.40471267700195
439.6712169647217
413.7188911437988
400.3661804199219
402.9865264892578
377.0526294708252
348.8194923400879
351.6112480163574
338.3250274658203
340.4527893066406
315.3705081939697
