cost:	
1079562.3984375
420392.859375
356649.3671875
277383.095703125
240206.478515625
213527.9580078125
195355.115234375
182256.822265625
172620.666015625
164847.8115234375
158530.1396484375
153408.14453125
149337.447265625
145705.88671875
142700.3583984375
140282.8408203125
137994.3984375
136222.9775390625
134651.6025390625
133312.94921875
132045.2138671875
130902.76953125
130139.99609375
129251.75
128216.03662109375
127888.6748046875
127298.39501953125
126597.1435546875
126509.5400390625
125790.4619140625
125487.9013671875
124907.94140625
124835.1025390625
124734.63330078125
124533.60986328125
123913.70263671875
123815.8095703125
123570.27197265625
123683.294921875
123363.19921875
123174.5419921875
122827.876953125
122790.302734375
122550.6337890625
122644.12158203125
122343.10546875
122286.662109375
122119.7666015625
122260.90185546875
121954.453125
121666.7255859375
121716.6318359375
121811.96240234375
121564.01904296875
121051.6904296875
121350.8525390625
121210.30859375
120951.52734375
120723.75390625
120765.69287109375
120721.634765625
120237.25048828125
120430.322265625
120643.314453125
120443.3955078125
120227.1943359375
120085.9658203125
120279.58984375
119925.462890625
119897.8115234375
119801.8857421875
119650.5771484375
119707.09521484375
119664.8564453125
119776.85205078125
119524.365234375
119199.0498046875
119239.7646484375
119178.12109375
118905.08984375
119053.18701171875
119086.11328125
118898.529296875
118703.03662109375
118758.64111328125
118676.8642578125
118823.796875
118945.0419921875
119065.0771484375
118527.6875
118748.5029296875
118837.80859375
118437.07177734375
118286.89404296875
118459.892578125
118154.13671875
118144.9345703125
118188.3056640625
117705.0341796875
117618.7802734375
117587.3857421875
117391.0576171875
117447.41796875
117449.9677734375
117220.24609375
116922.21142578125
117469.9765625
117338.71728515625
117124.24560546875
116739.3408203125
116780.43505859375
116806.3134765625
116657.771484375
116752.8984375
116666.0595703125
116625.333984375
116363.7646484375
116652.1044921875
116282.64404296875
116235.6142578125
116193.275390625
115997.98486328125
116080.01318359375
116022.8193359375
115945.4482421875
115939.1455078125
115676.26953125
115809.98974609375
115545.3515625
115559.474609375
115568.1474609375
115731.1904296875
115372.04248046875
115742.5
115448.63916015625
115176.1376953125
115170.890625
115539.31689453125
115181.525390625
114834.7373046875
114924.830078125
114946.21533203125
115111.33056640625
114971.5478515625
114779.396484375
114817.734375
114932.77978515625
114860.17626953125
114454.6494140625
114668.46728515625
114247.85400390625
114302.62353515625
114111.1640625
114170.09716796875
113820.263671875
114094.041015625
113813.58935546875
113952.10546875
113807.67138671875
113684.5400390625
113860.3603515625
113977.83203125
113501.951171875
113548.45703125
113437.56884765625
113801.6123046875
114060.9765625
113593.2490234375
113244.61474609375
113803.5908203125
113148.912109375
112977.33203125
112992.3154296875
113114.43603515625
113132.1005859375
113067.220703125
113604.6572265625
113437.57080078125
112799.2314453125
113065.01513671875
112811.9033203125
112742.859375
112541.28662109375
112535.79443359375
112543.82666015625
112737.15673828125
112325.04296875
112680.29833984375
112337.265625
112675.6083984375
112280.982421875
112469.87548828125
112119.10595703125
112133.337890625
112378.8603515625
112293.84521484375
111837.8896484375
112085.7724609375
111867.84375
111696.810546875
112012.50390625
111833.0810546875
111697.345703125
111320.17822265625
111280.6279296875
111389.0478515625
111205.6171875
111385.7919921875
111599.4306640625
111579.33984375
111316.74560546875
111218.0400390625
110920.998046875
111003.66748046875
111249.640625
111433.72802734375
111315.791015625
111256.7470703125
110916.8515625
111049.439453125
110714.3740234375
110782.97265625
110808.0361328125
110813.93603515625
110639.1591796875
110487.15966796875
110404.009765625
110882.625
111002.640625
110713.62939453125
110628.80029296875
110544.46826171875
110428.6015625
110247.55859375
110207.15869140625
110142.41064453125
110245.50146484375
110460.4951171875
110124.69921875
110306.6259765625
110072.173828125
110010.6513671875
109835.3515625
109952.02783203125
110023.3681640625
110021.00048828125
109874.5625
109647.15234375
109802.76318359375
109861.02734375
110173.599609375
109660.9541015625
109427.146484375
109349.837890625
109420.162109375
109518.4208984375
109146.791015625
109432.94970703125
109322.947265625
109738.462890625
110210.74462890625
109419.8759765625
109058.3994140625
109146.4990234375
108967.2666015625
109378.16845703125
108987.89501953125
109186.77685546875
108971.3427734375
108979.6259765625
108795.59228515625
108871.73583984375
108830.0048828125
108856.564453125
108831.68359375
108824.591796875
108696.171875
108808.7744140625
108670.58447265625
108718.259765625
108655.4150390625
108402.7158203125
108420.65234375
108964.59912109375
108970.5087890625
108704.37109375
108707.087890625
108525.4501953125
108562.294921875
108652.9755859375
108815.95458984375
108825.6044921875
108815.3232421875
108162.5224609375
108470.14453125
108215.40625
108256.5869140625
108072.7646484375
108050.6640625
108314.7392578125
108070.9345703125
107832.306640625
107812.95751953125
108605.7099609375
108055.9404296875
107920.7626953125
107664.1875
107672.876953125
107610.4609375
107615.6669921875
107649.583984375
107622.033203125
107505.5986328125
107531.6689453125
107453.68310546875
107548.94091796875
107318.64990234375
107688.81298828125
107762.4619140625
107393.4365234375
107321.17041015625
107592.138671875
107322.2001953125
107358.548828125
107529.9453125
107350.701171875
107163.93359375
106868.98974609375
107106.1494140625
107313.017578125
107307.1220703125
107151.8173828125
107026.3759765625
107118.2890625
107171.4501953125
107086.7001953125
106882.79638671875
106986.900390625
106939.03857421875
106790.982421875
106891.47412109375
106492.25146484375
106606.181640625
107143.6650390625
106566.404296875
106705.29931640625
106653.30859375
106718.1513671875
107103.3037109375
106827.51220703125
106622.84375
106354.78857421875
106644.1162109375
106499.69873046875
106294.673828125
106296.654296875
106185.1044921875
106305.18798828125
106394.7548828125
106198.4638671875
106148.2431640625
106130.4091796875
106437.4599609375
106100.7392578125
106244.2275390625
106233.31005859375
106085.921875
106153.86376953125
105987.1279296875
105937.38818359375
105942.53857421875
105932.3740234375
105826.6142578125
105801.30908203125
106066.40966796875
106103.30078125
106069.9091796875
106018.3359375
105735.10986328125
105977.8310546875
105819.810546875
105694.03564453125
105557.30419921875
105692.64453125
105781.7177734375
105780.5703125
105761.15283203125
105633.3818359375
105772.49267578125
105514.845703125
105958.40966796875
105719.17578125
105915.01123046875
105565.2158203125
105530.30810546875
105461.228515625
105466.86181640625
105540.6298828125
105402.7822265625
105347.12158203125
