cost:	
1200263.05859375
1069509.77734375
941722.80859375
827123.984375
726608.896484375
635199.310546875
556103.962890625
486541.5078125
426682.865234375
374794.8544921875
328413.765625
290599.9404296875
257158.2900390625
228829.32861328125
204564.7685546875
184594.6865234375
167439.95703125
153546.83544921875
141899.27685546875
131883.65966796875
123952.439453125
117378.23095703125
112072.65478515625
107766.35693359375
104248.0166015625
101387.36376953125
99182.20532226562
97347.51513671875
95928.80517578125
94760.94458007812
93855.9296875
93126.1796875
92555.24682617188
92137.3076171875
91775.88549804688
91488.74267578125
91258.15795898438
91094.06640625
90954.02124023438
90836.4765625
90754.76171875
90679.7021484375
90627.57080078125
90573.0517578125
90530.1689453125
90499.7509765625
90467.4580078125
90443.64453125
90418.322265625
90405.49536132812
90383.404296875
90367.5439453125
90355.83447265625
90339.99389648438
90330.74096679688
90325.296875
90313.38452148438
90299.8720703125
90296.73486328125
90287.330078125
90274.45556640625
90274.1376953125
90259.908203125
90255.1435546875
90252.6708984375
90239.83984375
90236.60791015625
90231.404296875
90214.4736328125
90210.15478515625
90207.88696289062
90193.24877929688
90191.17333984375
90183.60717773438
90171.99780273438
90171.12890625
90155.02734375
90149.47314453125
90150.888671875
90128.43383789062
90131.89599609375
90117.84423828125
90109.48876953125
90097.55493164062
90084.7431640625
90073.9072265625
90065.546875
90062.822265625
90044.70654296875
90036.671875
90018.79052734375
90009.97607421875
89985.16650390625
89964.5712890625
89952.029296875
89941.82666015625
89918.376953125
89906.650390625
89882.73388671875
89862.99755859375
89843.0390625
89818.24291992188
89800.11108398438
89778.44555664062
89769.69677734375
89748.32958984375
89732.73706054688
89713.84619140625
89661.6708984375
89623.533203125
89589.27001953125
89541.451171875
89503.111328125
89462.52197265625
89445.24096679688
89361.06860351562
89045.44189453125
88795.05712890625
88610.22265625
88290.77734375
87859.83227539062
87710.13037109375
87465.705078125
87254.99072265625
87053.11474609375
86839.84130859375
86679.34155273438
86522.10302734375
86387.0087890625
86086.38525390625
85886.04248046875
85630.38818359375
85246.91748046875
85083.94775390625
84653.45434570312
84261.67138671875
83983.70458984375
84054.97680664062
83598.10302734375
83406.97387695312
83222.177734375
83063.92651367188
82924.04077148438
82802.705078125
82693.041015625
82574.78100585938
82411.43994140625
82332.18310546875
82212.2109375
82118.328125
82033.92431640625
81947.20483398438
81863.14916992188
81786.08959960938
81709.10498046875
81644.46801757812
81581.802734375
81410.49365234375
81332.0029296875
81273.65087890625
81194.94970703125
81066.56689453125
80971.369140625
80886.07885742188
80806.408203125
80752.61645507812
80680.48315429688
80599.63452148438
80542.03759765625
80482.23364257812
80430.9970703125
80362.05419921875
80294.11157226562
80225.14599609375
80086.08178710938
80014.892578125
79956.73193359375
79906.7373046875
79849.212890625
79790.3134765625
79728.80541992188
79660.20239257812
79606.24340820312
79550.68432617188
79497.115234375
79407.2041015625
79358.59716796875
79290.81005859375
79247.22387695312
79201.83251953125
79149.3466796875
79104.45947265625
79053.81494140625
79009.49755859375
78956.30810546875
78875.90209960938
78802.5791015625
78743.677734375
78675.64135742188
78620.15747070312
78540.439453125
78328.06591796875
78253.37841796875
78183.55932617188
78121.74487304688
78061.09155273438
77979.60375976562
77915.98828125
77852.240234375
77789.7783203125
77648.12524414062
77587.96337890625
77525.22314453125
77440.599609375
77380.1875
77327.5634765625
77272.71337890625
77221.99609375
77163.61450195312
77110.78491210938
77058.021484375
76982.8779296875
76905.56298828125
76827.92626953125
76773.97119140625
76695.56005859375
76650.31127929688
76592.375
76530.28881835938
76479.69384765625
76422.3134765625
76355.47802734375
76290.38989257812
76234.60498046875
76172.42358398438
76122.66943359375
76076.37646484375
76018.7763671875
75972.19140625
75926.33984375
75850.8349609375
75799.36474609375
75729.12158203125
75669.646484375
75610.10595703125
75529.79223632812
75316.90673828125
75254.57250976562
75170.45263671875
75028.13037109375
74965.3818359375
74912.2763671875
74853.13793945312
74803.10571289062
74750.84326171875
74688.98510742188
74632.42333984375
74566.58618164062
74495.5830078125
74416.82104492188
74355.94799804688
74274.86450195312
74218.8740234375
74164.19946289062
74104.83203125
74052.03857421875
73983.0498046875
73894.76147460938
73829.26489257812
73761.11083984375
73657.48046875
73599.30029296875
73543.48364257812
73488.38818359375
73418.2236328125
73288.48706054688
73235.2763671875
73185.34326171875
73126.62670898438
73076.00024414062
73020.71240234375
72957.48974609375
72900.72900390625
72839.2099609375
72773.146484375
72706.30224609375
72646.69116210938
72579.2294921875
72506.7138671875
72445.8505859375
72396.70239257812
72347.33203125
72302.32250976562
72219.44360351562
72194.16796875
72100.52368164062
72020.2373046875
71959.13818359375
71879.39404296875
71819.80493164062
71748.72387695312
71693.3740234375
71620.32104492188
71565.87573242188
71518.55224609375
71435.8583984375
71389.1650390625
71334.72631835938
71282.3251953125
71223.72729492188
71151.78979492188
71094.65185546875
71050.4267578125
70973.45971679688
70891.19360351562
70835.4541015625
70769.0576171875
70712.75732421875
70660.76489257812
70589.85034179688
70511.73071289062
70448.15307617188
70397.91625976562
70324.27905273438
70264.72338867188
70198.6669921875
70140.3681640625
70089.056640625
70020.03051757812
69975.79248046875
69912.94213867188
69848.71337890625
69800.2119140625
69778.2626953125
69684.98608398438
69636.87182617188
69590.67456054688
69505.97534179688
69465.30786132812
69389.00805664062
69318.92431640625
69265.49731445312
69207.15747070312
69132.27294921875
69060.1376953125
69023.73754882812
68920.162109375
68844.04565429688
68770.61303710938
68671.099609375
68573.443359375
68483.12573242188
68406.85327148438
68348.36401367188
68308.14233398438
68234.97534179688
68195.79467773438
68147.46630859375
68075.20581054688
68000.37451171875
67941.67919921875
67867.96411132812
67807.98510742188
67748.60083007812
67693.73828125
67630.595703125
67597.4150390625
67551.48754882812
67519.287109375
67420.9423828125
67347.16528320312
67296.15600585938
67240.318359375
67176.759765625
67127.81982421875
67074.53637695312
67029.46850585938
66977.32275390625
66928.599609375
66876.6328125
66806.64233398438
66746.90112304688
66670.87719726562
66630.28344726562
66594.56518554688
66532.59692382812
66462.75708007812
66386.6806640625
66342.59521484375
66273.853515625
66210.0
66157.849609375
66098.86840820312
66037.61328125
65990.853515625
65929.40454101562
65886.5712890625
65833.79150390625
65778.83935546875
65725.45068359375
