cost:	
939180.4140625
275821.7529296875
139021.505859375
137841.31591796875
121600.7880859375
116685.72119140625
114685.20068359375
112886.4443359375
111845.810546875
110926.12548828125
110093.4755859375
109331.353515625
108721.267578125
107922.7744140625
107398.5029296875
106890.10546875
106402.0859375
105855.7822265625
105340.6123046875
104925.3447265625
104456.4931640625
104149.94970703125
103532.236328125
103265.9912109375
102777.4990234375
102264.73388671875
101943.12548828125
101579.2880859375
101115.9306640625
100824.1943359375
100410.923828125
99993.6015625
99608.8759765625
99347.76708984375
99026.3671875
98593.4677734375
98267.11083984375
97748.94189453125
97371.1845703125
97089.23388671875
96727.34423828125
96326.7587890625
95755.78515625
95491.421875
94893.048828125
94625.01318359375
94364.96826171875
93892.05810546875
93409.58935546875
93083.50927734375
92588.23876953125
92093.580078125
91830.0322265625
91311.21484375
91100.49951171875
90511.52490234375
90299.5166015625
89675.70190429688
89442.62744140625
88977.66455078125
88609.7041015625
88374.048828125
87897.509765625
87776.19775390625
87368.7802734375
87121.5849609375
86582.00341796875
86401.9560546875
86105.1103515625
85739.36328125
85439.31591796875
85219.1005859375
84960.19580078125
84862.375
84463.02392578125
84093.0322265625
83910.78955078125
83587.4638671875
83330.86865234375
83068.263671875
82837.0185546875
82574.77294921875
82427.62548828125
82134.74365234375
82016.90869140625
81700.88916015625
81521.67822265625
81174.25390625
80939.69604492188
80794.66748046875
80491.142578125
80351.2841796875
80169.2490234375
79913.31396484375
79772.857421875
79572.67041015625
79496.84619140625
79112.52880859375
78905.04223632812
78701.49829101562
78512.58203125
78296.09155273438
78130.99267578125
77939.57592773438
77818.51171875
77548.64013671875
77485.6357421875
77418.84375
77134.01171875
77024.77099609375
76857.2890625
76775.3173828125
76495.3662109375
76449.56982421875
76199.0322265625
75976.04052734375
75907.99169921875
75700.62915039062
75528.1630859375
75505.7265625
75264.72998046875
75129.08935546875
75023.2275390625
74919.6904296875
74716.77270507812
74597.1650390625
74558.87548828125
74412.6552734375
74256.63623046875
74138.58544921875
73928.875
73757.56396484375
73674.392578125
73509.7734375
73415.04125976562
73315.3544921875
73169.1357421875
73043.70166015625
72937.84619140625
72742.10107421875
72735.1708984375
72647.603515625
72435.81689453125
72316.2841796875
72302.73657226562
72185.60009765625
72026.60107421875
71856.05126953125
71763.9970703125
71706.3046875
71544.486328125
71401.30126953125
71347.68994140625
71235.09912109375
71164.08154296875
71029.00268554688
70985.88427734375
70876.1796875
70710.3701171875
70661.00048828125
70634.75390625
70511.8203125
70444.734375
70300.66162109375
70240.62548828125
70143.62744140625
70044.93823242188
69930.27978515625
69839.18017578125
69786.12158203125
69646.65234375
69603.14916992188
69519.8974609375
69416.7724609375
69359.06591796875
69252.26171875
69260.24609375
69201.51538085938
69153.3486328125
69046.19189453125
68901.5654296875
68929.224609375
68817.4677734375
68682.517578125
68668.3212890625
68620.23486328125
68550.3037109375
68428.02856445312
68371.86206054688
68249.5556640625
68279.81005859375
68209.0751953125
68145.236328125
68110.88232421875
67960.07861328125
67923.40893554688
67918.7119140625
67833.66015625
67826.5009765625
67714.1279296875
67579.36889648438
67524.18359375
67502.00830078125
67406.6259765625
67343.3798828125
67313.17578125
67275.46923828125
67212.4609375
67147.68408203125
67128.96337890625
67126.966796875
67008.38134765625
67048.5869140625
66920.80029296875
66919.88916015625
66833.72509765625
66816.18408203125
66872.0927734375
66782.443359375
66712.43408203125
66695.08447265625
66583.5087890625
66504.5185546875
66527.59716796875
66431.021484375
66351.45361328125
66284.70703125
66304.205078125
66186.3701171875
66175.169921875
66222.4580078125
66165.5517578125
66077.798828125
66041.9423828125
65965.35205078125
65982.15625
65900.318359375
65895.2099609375
65858.36474609375
65796.1337890625
65764.60913085938
65740.15869140625
65684.62353515625
65635.75341796875
65600.77197265625
65606.76171875
65491.443359375
65446.635986328125
65420.09814453125
65452.4453125
65363.95458984375
65396.47607421875
65339.44677734375
65290.7607421875
65242.70068359375
65229.71240234375
65250.227783203125
65200.72412109375
65093.6083984375
65083.23388671875
65016.04931640625
65016.50146484375
64961.09912109375
64908.07958984375
64908.017578125
64855.75
64870.87158203125
64814.84326171875
64800.80712890625
64744.7646484375
64752.13916015625
64762.67919921875
64711.3056640625
64671.76513671875
64657.9580078125
64616.54931640625
64738.41064453125
64572.32470703125
64642.59619140625
64590.95703125
64606.05810546875
64580.02783203125
64517.423828125
64432.50732421875
64399.113037109375
64355.424560546875
64288.4287109375
64403.7919921875
64350.076171875
64310.3359375
64274.486328125
64304.3203125
64235.3701171875
64174.2421875
64156.015625
64122.138671875
64137.263671875
64114.11279296875
64066.51953125
64012.929931640625
64033.57568359375
64005.05078125
63941.2490234375
63939.70458984375
63893.326171875
63937.92431640625
63930.41845703125
63854.0107421875
63819.42919921875
63798.03271484375
63732.0283203125
63765.25244140625
63713.16455078125
63708.81591796875
63694.27197265625
63675.7265625
63619.09130859375
63607.06787109375
63563.922119140625
63560.28369140625
63613.4794921875
63543.381591796875
63570.408447265625
63597.3955078125
63508.5048828125
63585.2685546875
63496.765625
63455.1708984375
63450.587890625
63524.84423828125
63486.3662109375
63567.51708984375
63490.54638671875
63475.04541015625
63360.6318359375
63368.591796875
63373.43896484375
63316.2685546875
63279.9091796875
63280.36279296875
63265.30908203125
63263.0966796875
63234.345703125
63255.404296875
63207.9072265625
63244.0615234375
63093.06689453125
63149.20263671875
63161.9091796875
63099.92236328125
63063.9423828125
63060.83642578125
63023.3828125
63059.33349609375
63089.03515625
63016.3203125
62992.30810546875
62941.53955078125
62963.251953125
62959.77294921875
62974.3564453125
62892.48828125
62895.47705078125
62902.2529296875
62864.55224609375
62869.1533203125
62869.1865234375
62882.193359375
62875.38916015625
62905.9931640625
62960.8193359375
62860.16015625
62744.3818359375
62748.1279296875
62755.4541015625
62803.57275390625
62777.266357421875
62743.60595703125
62765.84716796875
62809.3369140625
62707.04345703125
62674.07958984375
62679.08984375
62606.86083984375
62624.14453125
62656.71484375
62653.36181640625
62658.74267578125
62632.38818359375
62591.6875
62615.41796875
62545.349609375
62558.37158203125
62530.060546875
62526.8994140625
62521.80908203125
62535.43212890625
62521.4345703125
62472.525390625
62513.63671875
