cost:	
2389311.9614257812
998419.578125
905777.9677734375
824393.044921875
746590.400390625
675022.201171875
618999.3999023438
574537.6804199219
523616.76025390625
480843.595703125
443926.95947265625
416413.27734375
386083.1123046875
363985.5407714844
343204.59912109375
325173.9714355469
311884.5104980469
299783.4914550781
285098.53125
274758.0771484375
264984.11962890625
252930.8271484375
243114.00512695312
238979.4981689453
236981.10717773438
229737.07299804688
222831.30834960938
222746.5556640625
218351.80297851562
214239.54052734375
209538.3349609375
209341.5478515625
210622.7939453125
209357.19848632812
205785.9501953125
203660.54638671875
204340.58764648438
204351.25427246094
202328.73046875
199653.40588378906
194162.29541015625
193586.75341796875
189317.70678710938
186432.74194335938
187465.72912597656
191495.435546875
193820.35522460938
190852.41137695312
191168.6339111328
188993.36865234375
185380.8350830078
177909.97973632812
170877.09411621094
166930.8740234375
167997.51831054688
172435.05639648438
174849.94592285156
171511.88708496094
167986.43896484375
165632.14013671875
166211.5595703125
170198.15698242188
171915.97290039062
170059.99609375
172327.18603515625
172146.98986816406
175881.39721679688
176764.271484375
177301.85400390625
178567.65698242188
179825.3865966797
174719.83911132812
174604.83862304688
174528.2813720703
172376.09924316406
168388.4666748047
168113.1259765625
167030.07397460938
166372.42333984375
166580.373046875
165290.609375
166859.1700439453
167660.91259765625
169179.97094726562
168751.7840576172
173593.83618164062
175367.2568359375
174763.1573486328
175421.6397705078
172549.73779296875
167921.49645996094
174031.84729003906
177282.35986328125
175332.2069091797
168782.90490722656
165158.2548828125
162081.0625
162833.61596679688
160197.1912841797
158020.1290283203
156037.28735351562
150155.89611816406
144623.16748046875
143407.998046875
145257.1591796875
148393.03967285156
151291.19665527344
150952.0838623047
150306.2579345703
149795.0985107422
147359.1463623047
146969.3116455078
147023.4951171875
152715.66357421875
151219.85668945312
150878.64135742188
148802.54858398438
149061.17358398438
151010.30725097656
150795.4296875
154036.76428222656
161699.5594482422
160222.98291015625
157206.53442382812
153292.15856933594
157561.9207763672
157320.83630371094
154271.53173828125
154978.0291748047
157257.26293945312
158465.5107421875
159004.09509277344
157559.34594726562
154447.3056640625
149276.51806640625
144137.7625732422
142828.50427246094
144368.6571044922
147562.22595214844
149957.2930908203
148171.56872558594
147759.13830566406
147631.32836914062
148107.6492919922
151267.64575195312
151577.08081054688
151984.03515625
152256.42041015625
150433.107421875
151766.63342285156
149254.06213378906
141063.43237304688
133654.60400390625
133104.306640625
131024.24670410156
130705.12951660156
130980.41394042969
130798.57971191406
133009.38500976562
133466.97143554688
134873.55444335938
135837.0135498047
139627.00756835938
143757.91430664062
143338.19787597656
144471.69848632812
140956.1922607422
142792.26025390625
144216.39208984375
144702.8204345703
141745.28271484375
141682.1444091797
141757.97424316406
139131.90625
140256.41345214844
143591.01220703125
139258.69982910156
138938.9832763672
140844.6240234375
139830.95471191406
141761.65380859375
142672.44775390625
140727.20544433594
140964.90893554688
137662.34301757812
137470.49658203125
140471.52697753906
141366.1417236328
139313.42028808594
138368.27758789062
137322.38415527344
136314.1036376953
134474.2127685547
134215.35888671875
134131.48693847656
139044.4022216797
140250.44750976562
142028.7059326172
141629.49560546875
141231.98461914062
141345.5731201172
131452.87951660156
125578.52172851562
122926.23425292969
121571.51916503906
122087.47790527344
123563.16076660156
124023.24890136719
124890.51086425781
125816.14477539062
126947.91125488281
129321.06420898438
127978.65747070312
126057.01574707031
126591.15893554688
128887.74926757812
128846.37902832031
131107.71997070312
133423.4364013672
135522.26989746094
137657.51391601562
137211.56005859375
136831.1251220703
135990.91235351562
132368.85974121094
131492.3377685547
129373.67797851562
134320.8428955078
132608.98986816406
129767.46118164062
129658.28283691406
130164.86877441406
131090.2734375
129770.52758789062
133250.59448242188
133419.09448242188
133415.42810058594
128704.40808105469
129678.52795410156
129688.51318359375
130109.57446289062
130142.71203613281
129247.22473144531
130989.5355834961
136423.75952148438
132809.43823242188
132935.16638183594
129337.05187988281
126117.54479980469
125340.20703125
123919.7890625
119515.43310546875
113613.74389648438
112889.49755859375
112796.30029296875
114837.16339111328
118499.38220214844
119613.83935546875
120675.70336914062
120239.64013671875
121597.013671875
124220.84191894531
125830.38110351562
123150.11389160156
121711.60595703125
121447.32531738281
118919.98461914062
119869.95239257812
120501.94665527344
125373.18591308594
124564.09106445312
122674.60876464844
124187.50769042969
124893.80187988281
122907.92663574219
121821.51232910156
123548.15856933594
124054.16442871094
124658.69030761719
124910.09777832031
123599.89123535156
123262.67407226562
124156.94775390625
123693.71801757812
121684.17810058594
123295.40893554688
125158.86291503906
126804.0263671875
127427.81140136719
126797.21044921875
124454.07739257812
120922.86279296875
119643.041015625
118820.37939453125
118339.82470703125
117744.04602050781
116822.41711425781
117010.77648925781
116135.75207519531
119017.20288085938
117733.87231445312
114047.46411132812
112561.29895019531
110517.63208007812
110822.86926269531
109193.00170898438
112560.134765625
113488.3070678711
113905.6181640625
114098.02819824219
112342.47277832031
111898.54553222656
112527.4560546875
114368.87170410156
116256.67126464844
116243.26086425781
117380.3920288086
117296.20666503906
120583.80603027344
122811.44409179688
120617.55285644531
118624.88244628906
116839.31506347656
114148.80950927734
113277.71740722656
113908.89611816406
116308.92895507812
113365.52258300781
115534.78625488281
116750.50903320312
119720.17114257812
122890.90020751953
125246.48522949219
123710.77075195312
121117.09802246094
117437.65295410156
116082.73876953125
114663.18664550781
113952.73034667969
112033.20385742188
114142.07202148438
115737.32006835938
117768.06518554688
117252.67468261719
116921.7021484375
114715.5
115614.71057128906
114332.38464355469
114182.45349121094
114203.02014160156
113410.49609375
108129.40283203125
102497.80010986328
101015.61645507812
100251.7724609375
100392.11645507812
101880.47033691406
103901.80505371094
105239.91052246094
107890.93664550781
110597.04498291016
111284.3583984375
112586.15405273438
112192.337890625
112918.44018554688
111762.81286621094
111484.82690429688
111199.4517211914
111674.64514160156
110428.60461425781
111387.92150878906
110356.96398925781
111873.73571777344
112596.12780761719
112017.37585449219
111166.48254394531
108838.39013671875
109926.36413574219
107971.15258789062
108067.19213867188
108157.9794921875
107171.03271484375
106922.77734375
110066.25769042969
109014.02233886719
109257.21887207031
110742.27307128906
112382.7861328125
112270.35095214844
113785.10217285156
114653.12817382812
111019.61267089844
110314.65515136719
110139.3330078125
109083.43237304688
107762.2568359375
107927.28381347656
106490.11840820312
107065.939453125
106873.6953125
