cost:	
1231622.98828125
1162970.05078125
1091786.0625
1026993.359375
968181.06640625
913901.34765625
865439.501953125
820015.15625
779091.4921875
741822.83203125
707469.04296875
676674.8203125
648058.904296875
621904.328125
597944.048828125
576827.140625
557037.087890625
538715.00390625
522623.537109375
507540.51953125
494186.671875
482112.79296875
470639.3984375
460775.978515625
451498.296875
443177.32421875
435551.8984375
428698.140625
422639.6875
416930.45703125
411874.8359375
407206.35546875
402983.28125
399104.328125
395560.93359375
392309.48828125
389481.80078125
386675.201171875
384228.6875
381925.40234375
379784.9765625
377768.345703125
375919.54296875
374191.720703125
372534.05859375
371008.39453125
369503.85546875
368114.806640625
366768.462890625
365463.9609375
364239.359375
363103.40234375
361948.109375
360879.15234375
359781.908203125
358732.671875
357698.63671875
356658.958984375
355663.84375
354648.4921875
353664.80078125
352702.19140625
351726.013671875
350771.99609375
349812.083984375
348848.216796875
347904.86328125
346943.9296875
346017.9609375
345065.45703125
344126.15234375
343196.4375
342262.19921875
341329.892578125
340381.111328125
339453.3984375
338518.806640625
337596.404296875
336674.146484375
335731.939453125
334815.66796875
333895.900390625
332956.23046875
332022.841796875
331085.138671875
330167.41796875
329254.3671875
328318.78515625
327410.5078125
326477.650390625
325539.9375
324615.95703125
323704.044921875
322781.818359375
321869.970703125
320938.865234375
320031.287109375
319095.80078125
318191.296875
317262.4609375
316362.130859375
315479.7265625
314603.798828125
313724.71484375
312842.404296875
311978.671875
311091.45703125
310225.43359375
309346.396484375
308474.990234375
307619.130859375
306721.087890625
305862.515625
304985.02734375
304123.09375
303255.75
302391.876953125
301531.64453125
300654.10546875
299797.11328125
298937.130859375
298080.130859375
297212.05078125
296357.3203125
295492.568359375
294662.63671875
293770.5390625
292937.154296875
292096.587890625
291226.18359375
290374.537109375
289530.94921875
288691.630859375
287841.306640625
286988.123046875
286144.51953125
285315.267578125
284479.255859375
283618.1875
282793.998046875
281956.943359375
281119.51171875
280290.60546875
279464.01171875
278620.18359375
277799.037109375
276967.966796875
276156.501953125
275328.5234375
274499.318359375
273700.40234375
272907.46484375
272119.5234375
271330.330078125
270550.2265625
269793.953125
269001.58984375
268217.138671875
267446.1171875
266667.044921875
265892.67578125
265129.65625
264344.009765625
263588.658203125
262825.923828125
262060.908203125
261280.9765625
260535.333984375
259763.376953125
259004.435546875
258246.35546875
257496.75
256737.25390625
255983.541015625
255239.630859375
254486.20703125
253743.310546875
252988.9052734375
252260.908203125
251514.3212890625
250753.640625
250021.884765625
249292.154296875
248550.21484375
247822.279296875
247086.890625
246357.556640625
245620.880859375
244930.73046875
244168.05078125
243442.1171875
242741.173828125
242016.478515625
241295.072265625
240576.7490234375
239862.068359375
239149.857421875
238441.509765625
237724.75
237025.775390625
236326.197265625
235647.736328125
234976.03125
234299.220703125
233628.978515625
232981.390625
232297.7705078125
231632.791015625
230969.9228515625
230307.43359375
229637.91015625
228982.19140625
228344.71484375
227665.71875
227012.748046875
226371.96484375
225722.298828125
225058.369140625
224419.8203125
223778.5361328125
223132.18359375
222486.74609375
221850.041015625
221205.494140625
220589.404296875
219937.130859375
219311.1904296875
218674.8828125
218044.01171875
217418.9755859375
216794.1328125
216165.134765625
215549.15234375
214924.5625
214308.35546875
213684.05078125
213077.265625
212460.359375
211845.25390625
211235.751953125
210626.654296875
210020.064453125
209412.25
208816.716796875
208214.8046875
207612.0830078125
207017.30078125
206423.6884765625
205823.791015625
205242.7158203125
204650.2724609375
204084.3193359375
203522.82421875
202956.81640625
202403.66015625
201855.390625
201278.4697265625
200744.6630859375
200169.720703125
199626.37109375
199077.279296875
198521.935546875
197982.009765625
197444.716796875
196891.990234375
196351.673828125
195804.44921875
195268.087890625
194728.404296875
194193.5634765625
193663.55859375
193155.169921875
192599.263671875
192061.3828125
191541.05078125
191019.88671875
190504.703125
189975.953125
189460.302734375
188931.4140625
188417.94140625
187925.7451171875
187390.365234375
186872.21484375
186364.82421875
185860.17578125
185362.7880859375
184848.125
184340.623046875
183847.7421875
183338.09375
182846.29296875
182351.4228515625
181854.1484375
181359.9716796875
180866.6279296875
180378.00390625
179889.359375
179405.841796875
178921.12109375
178442.724609375
177991.623046875
177520.66015625
177052.6865234375
176606.05078125
176144.4609375
175688.5244140625
175235.95703125
174781.220703125
174337.703125
173889.197265625
173438.3994140625
172997.966796875
172549.939453125
172099.01171875
171671.34375
171232.330078125
170790.4345703125
170349.177734375
169918.7451171875
169489.484375
169047.95703125
168632.5419921875
168191.169921875
167772.138671875
167337.7060546875
166927.1279296875
166494.458984375
166073.931640625
165650.4990234375
165238.55078125
164820.046875
164402.7861328125
164002.8349609375
163574.2705078125
163173.5029296875
162760.5126953125
162352.68359375
161940.1318359375
161540.1162109375
161136.4208984375
160735.8818359375
160334.31640625
159936.3076171875
159537.833984375
159146.9140625
158748.1259765625
158361.3037109375
157973.9189453125
157573.89453125
157200.79296875
156823.0078125
156452.740234375
156084.515625
155726.38671875
155354.57421875
154992.7314453125
154622.6298828125
154277.09228515625
153908.8408203125
153550.658203125
153192.8525390625
152835.12109375
152473.9501953125
152128.8095703125
151780.1640625
151423.9013671875
151072.654296875
150725.220703125
150385.662109375
150034.28515625
149686.97265625
149348.76171875
149001.5185546875
148668.67529296875
148326.4990234375
147988.0888671875
147654.2978515625
147315.677734375
146996.2802734375
146660.09765625
146324.48046875
146000.7802734375
145682.2294921875
145341.27734375
145017.91796875
144692.07421875
144377.5
144051.61376953125
143732.3388671875
143414.54296875
143086.0888671875
142776.95703125
142463.5966796875
142149.2021484375
141839.111328125
141529.37109375
141213.8232421875
140912.7080078125
140605.2685546875
