cost:	
1917984.033203125
909983.015625
891435.5268554688
865844.7666015625
838526.65234375
807655.7944335938
772310.60546875
739139.5610351562
706618.28515625
674742.953125
643510.01953125
613295.892578125
582748.3530273438
550765.5886230469
519151.5041503906
487288.7109375
456112.076171875
425975.73291015625
397104.125
368987.6262207031
342888.75048828125
318367.5867919922
295359.2568359375
273554.2557373047
254139.70190429688
236018.2059326172
219972.98095703125
204252.1014404297
189139.5946044922
176433.11096191406
164352.66870117188
153577.45574951172
143565.2977294922
134847.64880371094
126651.93548583984
119158.86779785156
111952.57733154297
105472.27648925781
99094.42169189453
93297.2758178711
87975.2836303711
83392.4398803711
79588.74493408203
76602.88153076172
72959.45593261719
69039.6841430664
65540.62161254883
63080.215759277344
60380.26641845703
57902.27001953125
55150.80725097656
52516.79913330078
50242.25814819336
48550.462951660156
46857.74102783203
45215.00045776367
44051.36407470703
43108.94989013672
42378.45767211914
41167.50994873047
39978.87127685547
39509.8835144043
39163.960510253906
37645.22509765625
36089.253997802734
34893.40165710449
33880.28091430664
33190.11657714844
32323.825302124023
31723.818389892578
31310.972259521484
30742.993041992188
30705.20655822754
30318.43930053711
29880.18978881836
30239.180099487305
29935.418365478516
28983.780212402344
28358.895278930664
27834.045989990234
27385.393676757812
26661.251251220703
26104.41030883789
26215.05291748047
26316.09747314453
27169.238861083984
27048.040924072266
26412.700088500977
25152.187591552734
24754.180587768555
24853.193450927734
24675.296600341797
24364.06005859375
23945.31719970703
23354.08966064453
23389.97885131836
23036.207763671875
22814.14878845215
22901.53533935547
23133.03062438965
