cost:	
1177391.12109375
944046.703125
719856.294921875
540432.548828125
402889.724609375
301886.025390625
230139.3740234375
180168.67724609375
147369.6083984375
125607.53564453125
111934.70458984375
103276.04833984375
98001.314453125
94857.15185546875
92967.92724609375
91858.4130859375
91188.11328125
90824.77783203125
90572.71728515625
90420.5009765625
90324.83129882812
90264.7060546875
90210.75756835938
90175.5859375
90138.6572265625
90112.2861328125
90090.28759765625
90065.603515625
90059.72509765625
90038.2841796875
90033.70166015625
90016.01733398438
89993.5263671875
90000.22021484375
89994.63745117188
89977.89282226562
89980.41259765625
89975.06005859375
89964.82055664062
89961.962890625
89972.7236328125
89951.67944335938
89937.89501953125
89939.67724609375
89939.77685546875
89935.0400390625
89943.5087890625
89926.45043945312
89919.498046875
89942.31665039062
89909.23291015625
89915.2548828125
89899.01635742188
89898.26123046875
89882.6123046875
89902.43310546875
89871.83251953125
89889.57275390625
89869.54663085938
89859.40234375
89861.36474609375
89846.912109375
89858.44140625
89830.57250976562
89807.80029296875
89804.630859375
89792.6201171875
89790.53979492188
89782.98388671875
89760.41821289062
89758.576171875
89749.83569335938
89752.2373046875
89722.0732421875
89731.54248046875
89698.6787109375
89688.44384765625
89680.4580078125
89668.90356445312
89650.13842773438
89651.8759765625
89638.72509765625
89623.62768554688
89599.03149414062
89621.95703125
89576.66748046875
89563.80102539062
89536.71826171875
89531.9814453125
89497.50708007812
89511.83837890625
89478.14013671875
89448.970703125
89458.46899414062
89395.94091796875
89390.97436523438
89376.20654296875
89343.6318359375
89346.99951171875
89305.75659179688
89289.11474609375
89269.625
89273.41674804688
89250.14379882812
89230.4072265625
89219.22631835938
89191.08447265625
89173.2705078125
89163.62182617188
89124.0341796875
89078.52001953125
89014.34692382812
88956.76831054688
88639.87548828125
88392.876953125
88108.0498046875
87938.4501953125
87810.427734375
87541.53759765625
87296.07080078125
87053.44213867188
86648.9130859375
86316.06298828125
86074.05297851562
85870.10302734375
85529.76196289062
85295.03564453125
85069.61474609375
84821.8349609375
84543.94604492188
84237.6240234375
83891.43408203125
83569.74951171875
83335.0400390625
83077.13940429688
82853.482421875
82531.646484375
82228.46630859375
81930.98754882812
81744.91162109375
81484.62719726562
81301.83349609375
81072.59155273438
80879.9892578125
80736.35009765625
80583.30297851562
80421.89453125
80295.25634765625
80153.92431640625
80038.72583007812
79890.794921875
79786.98852539062
79555.41162109375
79399.17797851562
79295.66796875
79162.8291015625
79052.26123046875
78942.32958984375
78855.51342773438
78727.54125976562
78641.91455078125
78520.86767578125
78407.88452148438
78287.7001953125
78198.34130859375
78090.76220703125
77972.0703125
77858.25610351562
77741.80395507812
77628.85791015625
77500.20776367188
77307.31201171875
77190.51025390625
77073.68774414062
76950.93603515625
76851.68212890625
76728.5068359375
76594.36083984375
76490.50634765625
76382.78271484375
76260.73266601562
76150.55395507812
76012.39404296875
75860.52685546875
75744.73461914062
75611.8876953125
75478.26171875
75364.515625
75177.48486328125
75053.68212890625
74916.955078125
74789.50634765625
74669.65771484375
74547.65087890625
74433.15185546875
74318.55249023438
74185.10815429688
74051.13842773438
73925.74560546875
73781.01000976562
73621.9345703125
73496.74731445312
73355.44091796875
73239.10424804688
73074.49438476562
72914.28344726562
72783.07250976562
72647.61645507812
72498.12182617188
72389.84985351562
72232.208984375
72096.181640625
71966.62158203125
71824.82202148438
71693.18481445312
71563.80029296875
71467.18481445312
71317.87060546875
71194.1162109375
71035.2939453125
70882.84497070312
70754.59204101562
70649.84521484375
70512.220703125
70372.443359375
70249.19287109375
70134.03784179688
69999.96850585938
69867.06982421875
69784.9375
69636.96533203125
69518.42626953125
69387.4296875
69267.044921875
69103.5673828125
68972.9248046875
68859.33569335938
68755.50024414062
68632.23315429688
68493.912109375
68391.853515625
68264.74536132812
68158.14794921875
68027.0146484375
67913.79711914062
67807.74169921875
67685.72729492188
67577.08276367188
67445.69995117188
67327.03686523438
67225.67724609375
67105.57348632812
66966.16088867188
66855.12744140625
66749.27978515625
66645.75903320312
66538.73876953125
66406.0908203125
66299.06274414062
66202.07055664062
66092.5771484375
65989.05883789062
65876.33935546875
65792.72583007812
65692.75512695312
65571.70336914062
65481.671142578125
65367.11962890625
65278.24658203125
65166.546142578125
65070.588134765625
64964.808837890625
64858.9677734375
64766.361328125
64654.71533203125
64578.789794921875
64480.357177734375
64371.735107421875
64281.852783203125
64183.4873046875
64102.77099609375
63987.69921875
63892.754638671875
63784.4990234375
63704.92724609375
63580.908447265625
63478.713623046875
63360.237548828125
63278.98876953125
63184.316162109375
63079.45349121094
62980.0546875
62897.436279296875
62807.30712890625
62709.428955078125
62592.796630859375
62484.82470703125
62403.40283203125
62281.54931640625
62191.1767578125
62073.6533203125
61982.87658691406
61860.348876953125
61746.487548828125
61671.857421875
61557.423828125
61485.421142578125
61361.56579589844
61270.650390625
61176.06726074219
61075.922119140625
60979.343994140625
60911.443359375
60806.086669921875
60737.479248046875
60620.1953125
60541.78466796875
60432.38134765625
60351.135986328125
60255.45788574219
60155.447509765625
60059.518310546875
59989.9638671875
59883.763671875
59796.004638671875
59717.6533203125
59640.01513671875
59562.091552734375
59438.051513671875
59347.87060546875
59260.8388671875
59196.73291015625
59075.881591796875
58974.430908203125
58852.186767578125
58770.64208984375
58671.46435546875
58590.576171875
58517.92822265625
58448.969970703125
58343.14562988281
58262.200927734375
58158.640380859375
58033.898681640625
57931.84912109375
57822.03955078125
57740.84619140625
57636.531005859375
57530.73303222656
57425.34094238281
57319.4013671875
57221.9580078125
57118.470703125
57041.801513671875
56957.5322265625
56869.17431640625
56805.19287109375
56691.241943359375
56596.594970703125
56492.20654296875
56401.72998046875
56309.40661621094
56207.254150390625
56110.129638671875
56019.587890625
55930.711181640625
55851.99658203125
55764.186279296875
55661.090576171875
55575.41064453125
55484.053466796875
55403.810546875
55328.5947265625
55253.688720703125
55176.93603515625
55073.704345703125
54945.318603515625
54850.035400390625
54757.042236328125
54654.89697265625
54556.958740234375
54468.571533203125
54387.61767578125
54272.9365234375
54182.461181640625
54104.09033203125
54013.72314453125
53916.9423828125
53859.0673828125
53720.5634765625
53670.553955078125
53550.007080078125
53474.14453125
53352.71240234375
53274.885009765625
53165.764892578125
53092.32666015625
53016.640380859375
52906.1005859375
52829.99230957031
