cost:	
956413.341796875
289483.357421875
139098.837890625
137282.30126953125
121055.728515625
116403.62158203125
114287.7099609375
112646.16796875
111457.94189453125
110510.09423828125
109613.35498046875
108875.3271484375
108072.548828125
107309.263671875
106577.87451171875
105857.7841796875
105206.6376953125
104582.2373046875
103956.8359375
103242.33154296875
102522.40673828125
101939.69921875
101453.51953125
100915.9169921875
100326.189453125
99761.78515625
99228.0078125
98777.70068359375
98392.5830078125
97724.72216796875
97326.32666015625
97029.359375
96513.62109375
96000.9775390625
95690.1416015625
95252.0400390625
94931.43090820312
94602.08984375
94236.5029296875
93777.78076171875
93481.0322265625
93046.4931640625
92639.8525390625
92340.279296875
91927.72265625
91557.3447265625
91168.607421875
90849.2666015625
90456.212890625
90123.5908203125
89728.8974609375
89406.8818359375
88955.38671875
88775.1875
88296.52685546875
88126.17431640625
87638.798828125
87350.72021484375
87061.5712890625
86867.279296875
86470.470703125
86266.61083984375
85905.78466796875
85655.61962890625
85330.09008789062
85121.64599609375
84893.23974609375
84588.1435546875
84435.4248046875
84099.33837890625
83906.83349609375
83686.62670898438
83434.28125
83164.35107421875
83112.66552734375
82775.4677734375
82581.94287109375
82270.3623046875
82082.20068359375
81701.84521484375
81545.94970703125
81289.896484375
81220.4833984375
80974.3212890625
80747.97509765625
80591.6611328125
80437.81005859375
80238.75830078125
80066.56298828125
79737.91845703125
79519.67578125
79405.9326171875
79102.3291015625
78918.31103515625
78706.35595703125
78464.73779296875
78328.24365234375
78067.8955078125
77850.873046875
77738.68701171875
77500.03173828125
77236.68994140625
77150.013671875
76962.33544921875
76897.62060546875
76723.26416015625
76587.1142578125
76414.68823242188
76288.03637695312
76035.32666015625
75849.46484375
75664.947265625
75404.59887695312
75388.986328125
75160.77490234375
75101.814453125
74805.5859375
74811.62915039062
74703.97314453125
74527.2421875
74377.92919921875
74225.67333984375
74067.86669921875
73953.20654296875
73752.2978515625
73572.92163085938
73553.8564453125
73485.603515625
73314.57763671875
73217.55590820312
73090.62353515625
72951.38256835938
72779.0771484375
72625.00390625
72553.7470703125
72391.62841796875
72259.21923828125
72169.0244140625
71985.763671875
71873.9765625
71903.07104492188
71752.9775390625
71567.1650390625
71378.05981445312
71317.6328125
71186.30322265625
71083.64794921875
71026.46630859375
70926.03662109375
70757.67163085938
70644.09716796875
70617.9443359375
70560.693359375
70431.75830078125
70291.2041015625
70138.01806640625
70068.69921875
70038.79296875
69863.65087890625
69807.98046875
69652.09765625
69634.2041015625
69632.7783203125
69481.521484375
69404.3974609375
69323.72216796875
69215.40942382812
69130.28125
69110.53662109375
68960.19287109375
68877.0048828125
68765.630859375
68689.52392578125
68719.45703125
68589.47290039062
68501.5361328125
68414.77026367188
68403.0
68361.22998046875
68259.49072265625
68241.97119140625
68147.65673828125
68098.6064453125
67941.58935546875
67909.1259765625
67836.63525390625
67746.392578125
67669.59155273438
67671.57666015625
67617.2919921875
67497.15478515625
67408.44189453125
67394.76953125
67315.52587890625
67268.88305664062
67234.3681640625
67175.03857421875
67097.9169921875
67033.09521484375
66975.064453125
66956.51123046875
66872.71826171875
66852.958984375
66886.14306640625
66799.13232421875
66738.8974609375
66600.7236328125
66519.6337890625
66423.830078125
66396.54443359375
66415.93432617188
66249.81640625
66248.58203125
66201.60595703125
66221.3173828125
66197.2646484375
66175.59130859375
66047.1474609375
66009.94189453125
65936.7685546875
65997.1728515625
65902.6376953125
65893.27880859375
65863.97290039062
65772.16064453125
65718.77783203125
65708.18505859375
65596.71484375
65607.55126953125
65495.263671875
65539.85595703125
65478.1630859375
65451.475830078125
65411.60888671875
65420.32080078125
65319.750732421875
65297.41357421875
65295.27001953125
65284.0556640625
65236.6953125
65279.890625
65239.68603515625
65130.00439453125
65116.96435546875
64978.849609375
65003.44189453125
64881.87255859375
64910.54296875
64884.38720703125
64885.61767578125
64867.509765625
64792.00341796875
64788.30908203125
64752.4619140625
64738.984375
64741.89208984375
64669.2724609375
64647.642578125
64545.85546875
64555.390625
64540.29833984375
64500.35595703125
64464.7041015625
64397.62548828125
64414.91064453125
64504.091796875
64404.154296875
64367.587890625
64357.9814453125
64313.3427734375
64290.31787109375
64244.2001953125
64266.81494140625
64292.13134765625
64246.13720703125
64195.8701171875
64189.5361328125
64193.06787109375
64168.12060546875
64107.435546875
64160.75732421875
64010.21630859375
64012.50439453125
63977.8125
64014.5498046875
63905.94140625
63906.8994140625
63897.84521484375
63841.4755859375
63808.442626953125
63844.0791015625
63784.18212890625
63854.3623046875
63909.5244140625
63875.40673828125
63783.599609375
63680.08837890625
63712.10107421875
63635.59228515625
63656.86279296875
63657.3876953125
63667.17236328125
63593.94189453125
63526.60546875
63575.595703125
63569.6572265625
63500.72998046875
63487.7705078125
63468.1806640625
63423.9287109375
63424.43994140625
63445.0908203125
63357.09765625
63356.69970703125
63385.99365234375
63430.4951171875
63408.3779296875
63382.9716796875
63353.427734375
63321.1943359375
63254.8916015625
63249.52392578125
63227.93701171875
63246.51904296875
63184.77587890625
63135.5517578125
63157.11083984375
63163.96728515625
63200.5224609375
63166.4150390625
63073.76171875
63088.728515625
63106.49853515625
63109.8828125
63145.01220703125
63067.587890625
63050.4443359375
62979.32666015625
62976.84130859375
62981.751953125
62961.04443359375
62987.658203125
62935.77685546875
62878.521484375
62906.47021484375
62971.74755859375
62939.49658203125
62892.77978515625
62899.04736328125
62869.646484375
62813.89697265625
62733.84765625
62776.11865234375
62752.06689453125
62707.0673828125
62702.46533203125
62733.7021484375
62685.208984375
62697.330078125
62649.7939453125
62639.36083984375
62688.7021484375
62668.130859375
62610.7333984375
62619.70556640625
62640.349609375
62575.00732421875
62563.1650390625
62582.51806640625
62584.689453125
62569.65185546875
62543.50927734375
62517.9267578125
62496.390625
62525.21826171875
62465.9072265625
62454.24365234375
62477.58544921875
62485.79638671875
62461.3671875
62398.0595703125
62453.2255859375
62433.81103515625
62409.009765625
62443.45263671875
62349.02099609375
62381.37255859375
62326.70263671875
62318.5927734375
62323.529296875
62363.36865234375
62311.4013671875
62299.38037109375
62250.8916015625
62258.23095703125
62279.3037109375
62327.33837890625
62267.2294921875
62276.5693359375
62201.6552734375
