cost:	
1106094.12109375
691486.94140625
382043.8486328125
206296.6181640625
128490.0283203125
101231.35888671875
94077.32470703125
92284.61962890625
91613.8662109375
91208.974609375
91031.17456054688
90936.8515625
90794.4580078125
90725.86694335938
90697.32470703125
90652.70166015625
90623.83227539062
90603.24755859375
90560.92358398438
90556.99829101562
90535.61279296875
90564.95068359375
90558.5888671875
90511.08203125
90518.16088867188
90481.2470703125
90482.48168945312
90479.71459960938
90479.87451171875
90457.34814453125
90469.9482421875
90419.16162109375
90424.33203125
90417.07763671875
90415.15576171875
90360.67700195312
90405.85498046875
90388.869140625
90400.50732421875
90354.38891601562
90377.31201171875
90351.5712890625
90352.64111328125
90312.796875
90328.3291015625
90333.40087890625
90307.9169921875
90307.39404296875
90255.8623046875
90284.86669921875
90295.4931640625
90252.48681640625
90261.810546875
90221.017578125
90245.2568359375
90212.8818359375
90161.83154296875
90181.3984375
90166.4501953125
90136.79443359375
90126.11572265625
90118.02099609375
90060.12158203125
90036.1923828125
90030.1005859375
90054.39208984375
90055.33642578125
90079.27709960938
89982.55224609375
89950.70361328125
89975.46557617188
89884.26953125
89828.296875
89781.82934570312
89747.10693359375
89697.56201171875
89624.39526367188
89523.00463867188
89445.69482421875
89380.1611328125
89214.62719726562
89149.3525390625
89007.72631835938
88918.2744140625
88778.21630859375
88684.98168945312
88605.6591796875
88479.53759765625
88366.77587890625
88209.46655273438
88152.86987304688
88015.38305664062
87863.80712890625
87748.041015625
87491.6005859375
87222.015625
86875.75439453125
86495.60278320312
86198.4443359375
85736.015625
85486.708984375
85133.35546875
84807.57592773438
84542.24389648438
84307.69458007812
84049.828125
83699.64013671875
83446.94091796875
83093.34204101562
82786.69140625
82547.5947265625
82213.21533203125
81931.2060546875
81679.05322265625
81403.4326171875
81189.75317382812
80961.99951171875
80707.38793945312
80479.59912109375
80312.58325195312
80069.9658203125
79826.84521484375
79621.88037109375
79385.59716796875
79150.59155273438
78969.5673828125
78742.31860351562
78506.56958007812
78346.16625976562
78150.697265625
77971.7744140625
77650.99291992188
77460.95458984375
77234.66186523438
77014.12084960938
76841.80419921875
76647.41748046875
76414.77294921875
76173.72631835938
75962.74096679688
75754.50317382812
75505.283203125
75223.76171875
75016.51098632812
74758.59521484375
74543.1015625
74304.44555664062
74058.55883789062
73877.36157226562
73602.16064453125
73299.72290039062
73057.72509765625
72797.345703125
72587.3359375
72367.35986328125
72170.54931640625
71882.06420898438
71629.85473632812
71440.7685546875
71169.97534179688
70884.59423828125
70673.2939453125
70425.26123046875
70197.9677734375
69946.58154296875
69730.37768554688
69483.75805664062
69252.93408203125
69032.07666015625
68779.14624023438
68556.27709960938
68367.55249023438
68135.60693359375
67915.1982421875
67627.64624023438
67439.7177734375
67212.16455078125
66951.82885742188
66752.14282226562
66510.87622070312
66316.32397460938
66104.98974609375
65884.3515625
65645.12573242188
65395.46630859375
65111.142578125
64882.9140625
64613.96240234375
64392.326171875
64188.4658203125
63949.191162109375
63701.553955078125
63504.98876953125
63278.01708984375
63074.334228515625
62858.959228515625
62635.865478515625
62422.861572265625
62170.513671875
61969.292724609375
61744.580322265625
61562.572509765625
61336.35107421875
61118.07275390625
60876.27392578125
60710.8232421875
60487.447509765625
60253.34326171875
60035.29052734375
59801.963623046875
59600.168701171875
59415.5771484375
59164.060302734375
58961.539794921875
58735.584228515625
58546.0595703125
58309.171630859375
58099.21826171875
57911.169677734375
57710.772216796875
57482.934814453125
57259.192138671875
57041.591552734375
56815.22900390625
56605.194091796875
56406.361083984375
56171.4013671875
55944.743896484375
55742.66748046875
55529.719970703125
55304.026611328125
55092.561279296875
54866.635009765625
54608.466552734375
54392.917724609375
54181.868408203125
53943.275634765625
53742.47265625
53516.33935546875
53289.57373046875
53089.276123046875
52846.258544921875
52610.956787109375
52414.90380859375
52153.78271484375
51923.41455078125
51721.554443359375
51495.5791015625
51253.980224609375
51027.224853515625
50785.970458984375
50561.76318359375
50351.60681152344
50139.15771484375
49913.460205078125
49710.2763671875
49486.46826171875
49293.40283203125
49082.94677734375
48867.926513671875
48626.693115234375
48427.323486328125
48223.603759765625
48015.169189453125
47798.125
47573.550048828125
47343.664794921875
47154.81591796875
46940.5126953125
46721.634521484375
46518.07702636719
46314.792236328125
46111.21923828125
45889.847900390625
45688.4013671875
45465.26171875
45275.73486328125
45056.239501953125
44862.324951171875
44647.78186035156
44421.94775390625
44219.32556152344
43980.2490234375
43772.7578125
43572.03454589844
43373.338134765625
43174.44079589844
42976.11572265625
42779.69396972656
42552.310546875
42340.8701171875
42129.032470703125
41913.140869140625
41722.43029785156
41529.37707519531
41317.106689453125
41118.13586425781
40910.697509765625
40724.743408203125
40531.164794921875
40350.344970703125
40152.19970703125
39956.6787109375
39772.56494140625
39570.053955078125
39386.01953125
39199.51647949219
39015.3486328125
38838.46484375
38655.685791015625
38469.984130859375
38288.730224609375
38087.9140625
37922.04504394531
37730.80139160156
37575.870361328125
37385.620849609375
37210.57666015625
37054.03869628906
36883.673095703125
36711.11669921875
36531.52258300781
36373.63415527344
36204.5107421875
36013.39074707031
35836.935302734375
35669.144287109375
35486.074951171875
35300.382080078125
35137.202392578125
34976.35021972656
34785.001953125
34627.422607421875
34482.81799316406
34334.16613769531
34156.892578125
34003.429443359375
33850.44580078125
33692.61535644531
33526.68640136719
33404.2412109375
33255.940185546875
33093.03723144531
32922.79736328125
32771.62390136719
32615.636108398438
32474.3759765625
32317.312744140625
32147.878173828125
31966.366943359375
31815.901611328125
31657.032104492188
31487.767700195312
31364.401733398438
31234.097534179688
31093.168823242188
30937.751220703125
30788.443359375
30637.752685546875
30495.871948242188
30337.774536132812
30203.099853515625
30083.752685546875
29957.031860351562
29818.819091796875
29714.134399414062
29550.860229492188
29399.91064453125
29244.5078125
29120.147827148438
28973.381225585938
28830.28076171875
28701.083740234375
28593.246826171875
28450.423950195312
28325.617065429688
28212.01953125
28073.287231445312
27937.03759765625
27791.244140625
27685.403198242188
27549.318237304688
27431.6015625
27304.094604492188
27177.759765625
27038.493896484375
26913.244262695312
26799.223876953125
26733.9169921875
26654.551513671875
26553.723999023438
26441.382446289062
26280.491577148438
26170.559448242188
25991.353271484375
25850.57879638672
25738.705444335938
25605.587768554688
25488.381225585938
25383.07891845703
