cost:	
1159547.87890625
933961.03125
730198.640625
560130.142578125
426820.970703125
325363.8974609375
252155.7177734375
199278.13623046875
162338.30078125
136856.65185546875
120089.32080078125
108824.08203125
101849.34765625
97399.0185546875
94520.47436523438
92877.87548828125
91830.56494140625
91179.32348632812
90773.29541015625
90534.90795898438
90407.23876953125
90275.19970703125
90223.8720703125
90149.60302734375
90111.76513671875
90078.79296875
90058.45166015625
90038.48559570312
90016.8193359375
90014.59423828125
89975.89233398438
89978.57568359375
89957.32958984375
89952.412109375
89962.13208007812
89928.51196289062
89933.48901367188
89915.87426757812
89918.73461914062
89910.51611328125
89900.07958984375
89902.70776367188
89897.24951171875
89884.13525390625
89872.49438476562
89875.40185546875
89879.8916015625
89867.9619140625
89852.74047851562
89857.18798828125
89836.353515625
89841.33837890625
89841.0078125
89813.03173828125
89813.21826171875
89794.02075195312
89808.38671875
89781.826171875
89771.11669921875
89771.80810546875
89764.43896484375
89762.55249023438
89752.51342773438
89745.7880859375
89719.80029296875
89702.84301757812
89701.37841796875
89670.65795898438
89665.65991210938
89657.25634765625
89650.3310546875
89617.12451171875
89619.24462890625
89588.453125
89576.57104492188
89565.43994140625
89534.052734375
89512.15209960938
89495.27954101562
89481.23315429688
89481.228515625
89465.5048828125
89439.28979492188
89409.06127929688
89377.68139648438
89383.4033203125
89307.4921875
89261.970703125
89070.626953125
88955.0595703125
88852.9326171875
88639.248046875
88412.63916015625
88226.8525390625
88042.51708984375
87897.8583984375
87767.490234375
87587.49169921875
87493.32348632812
87377.431640625
87167.82763671875
86900.28662109375
86698.25708007812
86438.36572265625
86246.6650390625
86054.62646484375
85858.63037109375
85559.97216796875
85261.61572265625
85073.2939453125
84898.43212890625
84749.083984375
84634.23266601562
84374.48876953125
84197.9140625
84003.80126953125
83872.97509765625
83646.41650390625
83475.51733398438
83321.22485351562
83062.92529296875
82930.23022460938
82787.87744140625
82632.689453125
82498.26196289062
82324.0234375
82200.72338867188
82077.06811523438
81937.24047851562
81787.82373046875
81645.30346679688
81545.1591796875
81424.40478515625
81286.365234375
81158.62084960938
81044.84399414062
80832.2607421875
80669.79052734375
80512.36987304688
80360.96459960938
80172.56958007812
80043.66845703125
79902.31640625
79764.69482421875
79611.19360351562
79469.46459960938
79277.92333984375
79145.34985351562
79033.05224609375
78886.13525390625
78673.48852539062
78556.79418945312
78449.0703125
78352.9619140625
78219.7275390625
78093.37866210938
77991.05688476562
77880.45678710938
77772.08129882812
77674.72973632812
77560.60131835938
77469.47387695312
77355.44018554688
77244.900390625
77146.44165039062
77047.67919921875
76961.2353515625
76868.15087890625
76740.44555664062
76651.58154296875
76554.412109375
76447.0302734375
76332.67578125
76221.59057617188
76121.74365234375
76035.294921875
75952.81811523438
75796.77880859375
75697.62426757812
75571.43798828125
75458.49169921875
75350.47143554688
75243.13647460938
75152.2548828125
75046.9677734375
74941.86254882812
74826.78735351562
74710.23950195312
74618.4580078125
74533.67236328125
74431.14086914062
74340.6943359375
74243.9462890625
74130.166015625
74029.93359375
73937.37963867188
73789.84887695312
73685.24291992188
73563.10473632812
73441.09399414062
73317.86450195312
73202.44921875
73089.6591796875
72958.68334960938
72843.462890625
72716.00048828125
72602.1435546875
72498.83642578125
72400.90063476562
72292.37719726562
72190.40942382812
72075.10961914062
71961.80639648438
71866.26416015625
71742.42333984375
71644.23950195312
71455.86767578125
71345.64599609375
71232.71044921875
71077.4033203125
70954.685546875
70841.1162109375
70717.07348632812
70604.57861328125
70495.93481445312
70387.02783203125
70273.74243164062
70144.35229492188
70041.18627929688
69932.92260742188
69826.08618164062
69719.94580078125
69611.12426757812
69451.95654296875
69319.88818359375
69196.57348632812
69100.99291992188
68989.3056640625
68876.62036132812
68762.37573242188
68659.24169921875
68531.85009765625
68400.96630859375
68213.40698242188
68109.60327148438
67959.9677734375
67841.65771484375
67706.02368164062
67572.01025390625
67459.1455078125
67326.61254882812
67196.88989257812
67085.96484375
66979.15673828125
66852.13916015625
66725.1005859375
66588.23193359375
66476.15063476562
66347.6083984375
66230.66796875
66104.49096679688
65990.44189453125
65889.763671875
65783.2177734375
65667.86889648438
65554.93017578125
65423.4755859375
65316.0361328125
65203.19970703125
65094.6875
65001.137451171875
64878.81494140625
64788.901123046875
64675.896728515625
64584.2392578125
64467.880615234375
64368.7724609375
64268.8876953125
64156.028076171875
64042.509033203125
63938.37841796875
63847.57275390625
63753.077392578125
63635.08984375
63538.9794921875
63425.8955078125
63323.66845703125
63233.6953125
63134.983154296875
63024.99853515625
62929.60107421875
62812.138916015625
62713.3076171875
62597.910888671875
62492.0908203125
62402.25537109375
62297.0380859375
62206.3173828125
62089.862548828125
61983.02099609375
61876.01611328125
61768.0244140625
61658.230712890625
61565.033935546875
61466.477783203125
61373.01708984375
61264.063232421875
61178.74267578125
61085.539794921875
60987.918212890625
60877.093505859375
60769.501708984375
60681.159912109375
60591.4453125
60495.973876953125
60414.806884765625
60324.92919921875
60222.307373046875
60119.632080078125
60028.774169921875
59924.54638671875
59871.72216796875
59775.25
59678.356689453125
59546.25244140625
59457.955078125
59351.151123046875
59269.914794921875
59163.2734375
59082.33215332031
58989.940673828125
58875.980224609375
58768.998779296875
58664.36328125
58572.12109375
58471.18115234375
58370.03173828125
58301.26770019531
58174.538818359375
58077.469482421875
57959.215087890625
57862.6904296875
57756.10400390625
57658.504150390625
57550.895263671875
57467.538330078125
57374.003173828125
57266.222900390625
57181.86572265625
57099.15380859375
57001.862060546875
56937.947265625
56817.85693359375
56727.52392578125
56620.278076171875
56522.950927734375
56413.298095703125
56337.826171875
56238.791015625
56154.080078125
56054.21826171875
55962.930908203125
55895.53466796875
55790.49755859375
55691.038330078125
55620.60205078125
55540.0322265625
55450.415771484375
55353.71923828125
55270.78161621094
55181.986083984375
55086.40234375
55025.335205078125
54929.7041015625
54854.13720703125
54774.21826171875
54687.86328125
54598.9931640625
54513.441650390625
54437.60888671875
54351.834716796875
54260.43115234375
54163.0888671875
54070.7275390625
53993.2412109375
53878.393310546875
53793.534423828125
53695.51611328125
53619.246337890625
53536.826416015625
53462.618896484375
53383.61279296875
53288.7490234375
53229.6474609375
53121.091064453125
53033.206787109375
52919.546875
52842.767822265625
52803.44677734375
52692.885009765625
