cost:	
1690666.3193359375
1008491.505859375
981738.103515625
966011.419921875
954293.814453125
945330.0649414062
937517.455078125
930728.6845703125
924794.3002929688
919152.2041015625
914037.638671875
909480.83203125
904942.4658203125
900571.1635742188
896759.076171875
893399.7373046875
889841.044921875
886568.0385742188
883248.6044921875
880158.0620117188
877114.0302734375
874412.7158203125
871597.3359375
868816.4404296875
866296.3720703125
863347.775390625
861182.408203125
858668.9775390625
856245.4487304688
853873.3139648438
851653.3999023438
849363.916015625
847113.443359375
844997.9912109375
843032.783203125
840833.6513671875
838796.1982421875
836891.6572265625
834817.7495117188
832746.2041015625
830953.8740234375
829017.0810546875
827100.5458984375
825210.1918945312
823356.2631835938
821537.5180664062
819724.36328125
817983.2802734375
816235.1435546875
814363.0224609375
